0_0_133_26_0_33_32_64_42_5_0_20_0_24_0_[0, 64, 19, 45, 43, 36]_[0, 64, 4, 21, 8, 12, 13, 5, 29, 0]
1_1_133_26_0_33_32_64_42_5_0_20_0_24_0_[0, 64, 19, 45, 43, 36]_[0, 64, 4, 21, 8, 12, 13, 5, 29, 0]
2_2_133_26_0_33_32_64_42_5_0_20_0_24_0_[0, 64, 19, 45, 43, 36]_[0, 64, 4, 21, 8, 12, 13, 5, 29, 0]
3_3_133_26_0_33_32_64_42_5_0_20_0_24_0_[0, 64, 19, 45, 43, 36]_[0, 64, 4, 21, 8, 12, 13, 5, 29, 0]
4_4_133_26_0_33_32_64_42_5_0_20_0_24_0_[0, 64, 19, 45, 43, 36]_[0, 64, 4, 21, 8, 12, 13, 5, 29, 0]
5_5_133_26_0_33_32_64_42_5_0_20_0_24_0_[0, 64, 19, 45, 43, 36]_[0, 64, 4, 21, 8, 12, 13, 5, 29, 0]
6_6_133_26_0_33_32_64_42_5_0_20_0_24_0_[0, 64, 19, 45, 43, 36]_[0, 64, 4, 21, 8, 12, 13, 5, 29, 0]
7_7_133_26_0_33_32_64_42_5_0_20_0_24_0_[0, 64, 19, 45, 43, 36]_[0, 64, 4, 21, 8, 12, 13, 5, 29, 0]
8_8_133_26_0_33_32_64_42_5_0_20_0_24_0_[0, 64, 19, 45, 43, 36]_[0, 64, 4, 21, 8, 12, 13, 5, 29, 0]
9_9_133_26_0_33_32_64_42_5_0_20_0_24_0_[0, 64, 19, 45, 43, 36]_[0, 64, 4, 21, 8, 12, 13, 5, 29, 0]
10_10_133_26_0_33_32_64_42_5_0_20_0_24_0_[0, 64, 19, 45, 43, 36]_[0, 64, 4, 21, 8, 12, 13, 5, 29, 0]
11_11_133_26_0_33_32_64_42_5_0_20_0_24_0_[0, 64, 19, 45, 43, 36]_[0, 64, 4, 21, 8, 12, 13, 5, 29, 0]
12_12_133_26_0_33_32_64_42_5_0_20_0_24_0_[0, 64, 19, 45, 43, 36]_[0, 64, 4, 21, 8, 12, 13, 5, 29, 0]
13_13_133_26_0_33_32_64_42_5_0_20_0_24_0_[0, 64, 19, 45, 43, 36]_[0, 64, 4, 21, 8, 12, 13, 5, 29, 0]
14_14_133_26_0_33_32_64_42_5_0_20_0_24_0_[0, 64, 19, 45, 43, 36]_[0, 64, 4, 21, 8, 12, 13, 5, 29, 0]
15_15_133_26_0_33_32_64_42_5_0_20_0_24_0_[0, 64, 19, 45, 43, 36]_[0, 64, 4, 21, 8, 12, 13, 5, 29, 0]
16_16_133_26_0_33_32_64_42_5_0_20_0_24_0_[0, 64, 19, 45, 43, 36]_[0, 64, 4, 21, 8, 12, 13, 5, 29, 0]
17_17_133_26_0_33_32_64_42_5_0_20_0_24_0_[0, 64, 19, 45, 43, 36]_[0, 64, 4, 21, 8, 12, 13, 5, 29, 0]
18_18_133_26_0_33_32_64_42_5_0_20_0_24_0_[0, 64, 19, 45, 43, 36]_[0, 64, 4, 21, 8, 12, 13, 5, 29, 0]
19_19_133_26_0_33_32_64_42_5_0_20_0_24_0_[0, 64, 19, 45, 43, 36]_[0, 64, 4, 21, 8, 12, 13, 5, 29, 0]
20_20_133_26_0_33_32_64_42_5_0_20_0_24_0_[0, 64, 19, 45, 43, 36]_[0, 64, 4, 21, 8, 12, 13, 5, 29, 0]
21_21_133_26_0_33_32_64_42_5_0_20_0_24_0_[0, 64, 19, 45, 43, 36]_[0, 64, 4, 21, 8, 12, 13, 5, 29, 0]
22_22_133_26_0_33_32_64_42_5_0_20_0_24_0_[0, 64, 19, 45, 43, 36]_[0, 64, 4, 21, 8, 12, 13, 5, 29, 0]
23_23_133_26_0_33_32_64_42_5_0_20_0_24_0_[0, 64, 19, 45, 43, 36]_[0, 64, 4, 21, 8, 12, 13, 5, 29, 0]
24_24_133_26_0_33_32_64_42_5_0_20_0_24_0_[0, 64, 19, 45, 43, 36]_[0, 64, 4, 21, 8, 12, 13, 5, 29, 0]
25_25_133_26_0_33_32_64_42_5_0_20_0_24_0_[0, 64, 19, 45, 43, 36]_[0, 64, 4, 21, 8, 12, 13, 5, 29, 0]
26_26_133_26_0_33_32_64_42_5_0_20_0_24_0_[0, 64, 19, 45, 43, 36]_[0, 64, 4, 21, 8, 12, 13, 5, 29, 0]
27_27_133_26_0_33_32_64_42_5_0_20_0_24_0_[0, 64, 19, 45, 43, 36]_[0, 64, 4, 21, 8, 12, 13, 5, 29, 0]
28_28_133_26_0_33_32_64_42_5_0_20_0_24_0_[0, 64, 19, 45, 43, 36]_[0, 64, 4, 21, 8, 12, 13, 5, 29, 0]
29_29_133_26_0_33_32_64_42_5_0_20_0_24_0_[0, 64, 19, 45, 43, 36]_[0, 64, 4, 21, 8, 12, 13, 5, 29, 0]
30_30_169_33_0_33_32_64_42_5_0_20_0_24_0_[0, 64, 19, 45, 43, 36]_[0, 64, 4, 21, 8, 12, 13, 5, 29, 0]
31_31_169_33_0_33_32_64_42_5_0_20_0_24_0_[0, 64, 19, 45, 43, 36]_[0, 64, 4, 21, 8, 12, 13, 5, 29, 0]
32_32_169_33_0_33_32_64_42_5_0_20_0_24_0_[0, 64, 19, 45, 43, 36]_[0, 64, 4, 21, 8, 12, 13, 5, 29, 0]
33_33_169_33_0_33_32_64_42_5_0_20_0_24_0_[0, 64, 19, 45, 43, 36]_[0, 64, 4, 21, 8, 12, 13, 5, 29, 0]
34_34_169_33_0_33_32_64_42_5_0_20_0_24_0_[0, 64, 19, 45, 43, 36]_[0, 64, 4, 21, 8, 12, 13, 5, 29, 0]
35_35_169_33_0_33_32_64_42_5_0_20_0_24_0_[0, 64, 19, 45, 43, 36]_[0, 64, 4, 21, 8, 12, 13, 5, 29, 0]
36_36_169_33_0_33_32_64_42_5_0_20_0_24_0_[0, 64, 19, 45, 43, 36]_[0, 64, 4, 21, 8, 12, 13, 5, 29, 0]
37_37_145_43_0_33_32_64_42_5_0_20_0_24_0_[0, 64, 19, 45, 43, 36]_[0, 64, 4, 21, 8, 12, 13, 5, 29, 0]
38_38_145_43_0_33_32_64_42_5_0_20_0_24_0_[0, 64, 19, 45, 43, 36]_[0, 64, 4, 21, 8, 12, 13, 5, 29, 0]
39_39_145_43_0_33_32_64_42_5_0_20_0_24_0_[0, 64, 19, 45, 43, 36]_[0, 64, 4, 21, 8, 12, 13, 5, 29, 0]
40_40_145_43_0_33_32_64_42_5_0_20_0_24_0_[0, 64, 19, 45, 43, 36]_[0, 64, 4, 21, 8, 12, 13, 5, 29, 0]
41_41_145_43_0_33_32_64_42_5_0_20_0_24_0_[0, 64, 19, 45, 43, 36]_[0, 64, 4, 21, 8, 12, 13, 5, 29, 0]
42_42_145_43_0_33_32_64_42_5_0_20_0_24_0_[0, 64, 19, 45, 43, 36]_[0, 64, 4, 21, 8, 12, 13, 5, 29, 0]
43_43_145_43_0_33_32_64_42_5_0_20_0_24_0_[0, 64, 19, 45, 43, 36]_[0, 64, 4, 21, 8, 12, 13, 5, 29, 0]
44_44_145_43_0_33_32_64_42_5_0_20_0_24_0_[0, 64, 19, 45, 43, 36]_[0, 64, 4, 21, 8, 12, 13, 5, 29, 0]
45_45_2_48_0_33_32_64_42_5_0_20_0_24_0_[0, 64, 19, 45, 43, 36]_[0, 64, 4, 21, 8, 12, 13, 5, 29, 0]
46_46_2_48_0_33_32_64_42_5_0_20_0_24_0_[0, 64, 19, 45, 43, 36]_[0, 64, 4, 21, 8, 12, 13, 5, 29, 0]
47_47_2_48_0_33_32_64_42_5_0_20_0_24_0_[0, 64, 19, 45, 43, 36]_[0, 64, 4, 21, 8, 12, 13, 5, 29, 0]
48_48_2_48_0_33_32_64_42_5_0_20_0_24_0_[0, 64, 19, 45, 43, 36]_[0, 64, 4, 21, 8, 12, 13, 5, 29, 0]
49_49_2_48_0_33_32_64_42_5_0_20_0_24_0_[0, 64, 19, 45, 43, 36]_[0, 64, 4, 21, 8, 12, 13, 5, 29, 0]
50_50_2_48_0_33_32_64_42_5_0_20_0_24_0_[0, 64, 19, 45, 43, 36]_[0, 64, 4, 21, 8, 12, 13, 5, 29, 0]
51_51_2_48_0_33_32_64_42_5_0_20_0_24_0_[0, 64, 19, 45, 43, 36]_[0, 64, 4, 21, 8, 12, 13, 5, 29, 0]
52_52_2_48_0_33_32_64_42_5_0_20_0_24_0_[0, 64, 19, 45, 43, 36]_[0, 64, 4, 21, 8, 12, 13, 5, 29, 0]
53_53_173_57_0_33_32_64_42_5_0_20_0_24_0_[0, 64, 19, 45, 43, 36]_[0, 64, 4, 21, 8, 12, 13, 5, 29, 0]
54_54_173_57_0_33_32_64_42_5_0_20_0_24_0_[0, 64, 19, 45, 43, 36]_[0, 64, 4, 21, 8, 12, 13, 5, 29, 0]
55_55_173_57_0_33_32_64_42_5_0_20_0_24_0_[0, 64, 19, 45, 43, 36]_[0, 64, 4, 21, 8, 12, 13, 5, 29, 0]
56_56_173_57_0_33_32_64_42_5_0_20_0_24_0_[0, 64, 19, 45, 43, 36]_[0, 64, 4, 21, 8, 12, 13, 5, 29, 0]
57_57_173_57_0_33_32_64_42_5_0_20_0_24_0_[0, 64, 19, 45, 43, 36]_[0, 64, 4, 21, 8, 12, 13, 5, 29, 0]
58_58_173_57_0_33_32_64_42_5_0_20_0_24_0_[0, 64, 19, 45, 43, 36]_[0, 64, 4, 21, 8, 12, 13, 5, 29, 0]
59_59_3_60_0_33_32_64_42_5_0_20_0_24_0_[0, 64, 19, 45, 43, 36]_[0, 64, 4, 21, 8, 12, 13, 5, 29, 0]
60_60_3_60_0_33_32_64_42_5_0_20_0_24_0_[0, 64, 19, 45, 43, 36]_[0, 64, 4, 21, 8, 12, 13, 5, 29, 0]
61_61_3_60_0_33_32_64_42_5_0_20_0_24_0_[0, 64, 19, 45, 43, 36]_[0, 64, 4, 21, 8, 12, 13, 5, 29, 0]
62_62_3_60_0_33_32_64_42_5_0_20_0_24_0_[0, 64, 19, 45, 43, 36]_[0, 64, 4, 21, 8, 12, 13, 5, 29, 0]
63_63_3_60_0_33_32_64_42_5_0_20_0_24_0_[0, 64, 19, 45, 43, 36]_[0, 64, 4, 21, 8, 12, 13, 5, 29, 0]
64_64_60_67_0_33_32_64_42_5_0_20_0_24_0_[0, 64, 19, 45, 43, 36]_[0, 64, 4, 21, 8, 12, 13, 5, 29, 0]
65_65_60_67_0_33_32_64_42_5_0_20_0_24_0_[0, 64, 19, 45, 43, 36]_[0, 64, 4, 21, 8, 12, 13, 5, 29, 0]
66_66_60_67_0_33_32_64_42_5_0_20_0_24_0_[0, 64, 19, 45, 43, 36]_[0, 64, 4, 21, 8, 12, 13, 5, 29, 0]
67_67_60_67_0_33_32_64_42_5_0_20_0_24_0_[0, 64, 19, 45, 43, 36]_[0, 64, 4, 21, 8, 12, 13, 5, 29, 0]
68_68_4_72_0_33_32_64_42_5_0_20_0_24_0_[0, 64, 19, 45, 43, 36]_[0, 64, 4, 21, 8, 12, 13, 5, 29, 0]
69_69_4_72_0_33_32_64_42_5_0_20_0_24_0_[0, 64, 19, 45, 43, 36]_[0, 64, 4, 21, 8, 12, 13, 5, 29, 0]
70_70_4_72_0_33_32_64_42_5_0_20_0_24_0_[0, 64, 19, 45, 43, 36]_[0, 64, 4, 21, 8, 12, 13, 5, 29, 0]
71_71_4_72_0_33_32_64_42_5_0_20_0_24_0_[0, 64, 19, 45, 43, 36]_[0, 64, 4, 21, 8, 12, 13, 5, 29, 0]
72_72_4_72_0_33_32_64_42_5_0_20_0_24_0_[0, 64, 19, 45, 43, 36]_[0, 64, 4, 21, 8, 12, 13, 5, 29, 0]
73_73_154_76_0_33_32_64_42_5_0_20_0_24_0_[0, 64, 19, 45, 43, 36]_[0, 64, 4, 21, 8, 12, 13, 5, 29, 0]
74_74_154_76_0_33_32_64_42_5_0_20_0_24_0_[0, 64, 19, 45, 43, 36]_[0, 64, 4, 21, 8, 12, 13, 5, 29, 0]
75_75_154_76_0_33_32_64_42_5_0_20_0_24_0_[0, 64, 19, 45, 43, 36]_[0, 64, 4, 21, 8, 12, 13, 5, 29, 0]
76_76_154_76_0_33_32_64_42_5_0_20_0_24_0_[0, 64, 19, 45, 43, 36]_[0, 64, 4, 21, 8, 12, 13, 5, 29, 0]
77_77_154_76_0_33_32_64_42_5_0_20_0_24_0_[0, 64, 19, 45, 43, 36]_[0, 64, 4, 21, 8, 12, 13, 5, 29, 0]
78_78_154_76_0_33_32_64_42_5_0_20_0_24_0_[0, 64, 19, 45, 43, 36]_[0, 64, 4, 21, 8, 12, 13, 5, 29, 0]
79_79_154_76_0_33_32_64_42_5_0_20_0_24_0_[0, 64, 19, 45, 43, 36]_[0, 64, 4, 21, 8, 12, 13, 5, 29, 0]
80_80_154_76_0_33_32_64_42_5_0_20_0_24_0_[0, 64, 19, 45, 43, 36]_[0, 64, 4, 21, 8, 12, 13, 5, 29, 0]
81_81_154_76_0_33_32_64_42_5_0_20_0_24_0_[0, 64, 19, 45, 43, 36]_[0, 64, 4, 21, 8, 12, 13, 5, 29, 0]
82_82_5_84_0_33_32_64_42_5_0_20_0_24_0_[0, 64, 19, 45, 43, 36]_[0, 64, 4, 21, 8, 12, 13, 5, 29, 0]
83_83_5_84_0_33_32_64_42_5_0_20_0_24_0_[0, 64, 19, 45, 43, 36]_[0, 64, 4, 21, 8, 12, 13, 5, 29, 0]
84_84_5_84_0_33_32_64_42_5_0_20_0_24_0_[0, 64, 19, 45, 43, 36]_[0, 64, 4, 21, 8, 12, 13, 5, 29, 0]
85_85_5_84_0_33_32_64_42_5_0_20_0_24_0_[0, 64, 19, 45, 43, 36]_[0, 64, 4, 21, 8, 12, 13, 5, 29, 0]
86_86_5_84_0_33_32_64_42_5_0_20_0_24_0_[0, 64, 19, 45, 43, 36]_[0, 64, 4, 21, 8, 12, 13, 5, 29, 0]
87_87_5_84_0_33_32_64_42_5_0_20_0_24_0_[0, 64, 19, 45, 43, 36]_[0, 64, 4, 21, 8, 12, 13, 5, 29, 0]
88_88_5_84_0_33_32_64_42_5_0_20_0_24_0_[0, 64, 19, 45, 43, 36]_[0, 64, 4, 21, 8, 12, 13, 5, 29, 0]
89_89_5_84_0_33_32_64_42_5_0_20_0_24_0_[0, 64, 19, 45, 43, 36]_[0, 64, 4, 21, 8, 12, 13, 5, 29, 0]
90_90_5_84_0_33_32_64_42_5_0_20_0_24_0_[0, 64, 19, 45, 43, 36]_[0, 64, 4, 21, 8, 12, 13, 5, 29, 0]
91_91_5_84_0_33_32_64_42_5_0_20_0_24_0_[0, 64, 19, 45, 43, 36]_[0, 64, 4, 21, 8, 12, 13, 5, 29, 0]
92_92_5_84_0_33_32_64_42_5_0_20_0_24_0_[0, 64, 19, 45, 43, 36]_[0, 64, 4, 21, 8, 12, 13, 5, 29, 0]
93_93_5_84_0_33_32_64_42_5_0_20_0_24_0_[0, 64, 19, 45, 43, 36]_[0, 64, 4, 21, 8, 12, 13, 5, 29, 0]
94_94_5_84_0_33_32_64_42_5_0_20_0_24_0_[0, 64, 19, 45, 43, 36]_[0, 64, 4, 21, 8, 12, 13, 5, 29, 0]
95_95_5_84_0_33_32_64_42_5_0_20_0_24_0_[0, 64, 19, 45, 43, 36]_[0, 64, 4, 21, 8, 12, 13, 5, 29, 0]
96_96_6_96_0_33_32_64_42_5_0_20_0_24_0_[0, 64, 19, 45, 43, 36]_[0, 64, 4, 21, 8, 12, 13, 5, 29, 0]
97_97_6_96_0_33_32_64_42_5_0_20_0_24_0_[0, 64, 19, 45, 43, 36]_[0, 64, 4, 21, 8, 12, 13, 5, 29, 0]
98_98_6_96_0_33_32_64_42_5_0_20_0_24_0_[0, 64, 19, 45, 43, 36]_[0, 64, 4, 21, 8, 12, 13, 5, 29, 0]
99_99_6_96_0_33_32_64_42_5_0_20_0_24_0_[0, 64, 19, 45, 43, 36]_[0, 64, 4, 21, 8, 12, 13, 5, 29, 0]
100_100_6_96_0_33_32_64_42_5_0_20_0_24_0_[0, 64, 19, 45, 43, 36]_[0, 64, 4, 21, 8, 12, 13, 5, 29, 0]
101_101_6_96_0_33_32_64_42_5_0_20_0_24_0_[0, 64, 19, 45, 43, 36]_[0, 64, 4, 21, 8, 12, 13, 5, 29, 0]
102_102_6_96_0_33_32_64_42_5_0_20_0_24_0_[0, 64, 19, 45, 43, 36]_[0, 64, 4, 21, 8, 12, 13, 5, 29, 0]
103_103_6_96_0_33_32_64_42_5_0_20_0_24_0_[0, 64, 19, 45, 43, 36]_[0, 64, 4, 21, 8, 12, 13, 5, 29, 0]
104_104_6_96_0_33_32_64_42_5_0_20_0_24_0_[0, 64, 19, 45, 43, 36]_[0, 64, 4, 21, 8, 12, 13, 5, 29, 0]
105_105_6_96_0_33_32_64_42_5_0_20_0_24_0_[0, 64, 19, 45, 43, 36]_[0, 64, 4, 21, 8, 12, 13, 5, 29, 0]
106_106_6_96_0_33_32_64_42_5_0_20_0_24_0_[0, 64, 19, 45, 43, 36]_[0, 64, 4, 21, 8, 12, 13, 5, 29, 0]
107_107_6_96_0_33_32_64_42_5_0_20_0_24_0_[0, 64, 19, 45, 43, 36]_[0, 64, 4, 21, 8, 12, 13, 5, 29, 0]
108_108_6_96_0_33_32_64_42_5_0_20_0_24_0_[0, 64, 19, 45, 43, 36]_[0, 64, 4, 21, 8, 12, 13, 5, 29, 0]
109_109_6_96_0_33_32_64_42_5_0_20_0_24_0_[0, 64, 19, 45, 43, 36]_[0, 64, 4, 21, 8, 12, 13, 5, 29, 0]
110_110_6_96_0_33_32_64_42_5_0_20_0_24_0_[0, 64, 19, 45, 43, 36]_[0, 64, 4, 21, 8, 12, 13, 5, 29, 0]
111_111_6_96_0_33_32_64_42_5_0_20_0_24_0_[0, 64, 19, 45, 43, 36]_[0, 64, 4, 21, 8, 12, 13, 5, 29, 0]
112_112_6_96_0_33_32_64_42_5_0_20_0_24_0_[0, 64, 19, 45, 43, 36]_[0, 64, 4, 21, 8, 12, 13, 5, 29, 0]
113_113_6_96_0_33_32_64_42_5_0_20_0_24_0_[0, 64, 19, 45, 43, 36]_[0, 64, 4, 21, 8, 12, 13, 5, 29, 0]
114_114_6_96_0_33_32_64_42_5_0_20_0_24_0_[0, 64, 19, 45, 43, 36]_[0, 64, 4, 21, 8, 12, 13, 5, 29, 0]
115_115_6_96_0_33_32_64_42_5_0_20_0_24_0_[0, 64, 19, 45, 43, 36]_[0, 64, 4, 21, 8, 12, 13, 5, 29, 0]
116_116_6_96_0_33_32_64_42_5_0_20_0_24_0_[0, 64, 19, 45, 43, 36]_[0, 64, 4, 21, 8, 12, 13, 5, 29, 0]
117_117_6_96_0_33_32_64_42_5_0_20_0_24_0_[0, 64, 19, 45, 43, 36]_[0, 64, 4, 21, 8, 12, 13, 5, 29, 0]
118_118_6_96_0_33_32_64_42_5_0_20_0_24_0_[0, 64, 19, 45, 43, 36]_[0, 64, 4, 21, 8, 12, 13, 5, 29, 0]
119_119_6_96_0_33_32_64_42_5_0_20_0_24_0_[0, 64, 19, 45, 43, 36]_[0, 64, 4, 21, 8, 12, 13, 5, 29, 0]
120_120_6_96_0_33_32_64_42_5_0_20_0_24_0_[0, 64, 19, 45, 43, 36]_[0, 64, 4, 21, 8, 12, 13, 5, 29, 0]
121_121_6_96_0_33_32_64_42_5_0_20_0_24_0_[0, 64, 19, 45, 43, 36]_[0, 64, 4, 21, 8, 12, 13, 5, 29, 0]
122_122_6_96_0_33_32_64_42_5_0_20_0_24_0_[0, 64, 19, 45, 43, 36]_[0, 64, 4, 21, 8, 12, 13, 5, 29, 0]
123_123_6_96_0_33_32_64_42_5_0_20_0_24_0_[0, 64, 19, 45, 43, 36]_[0, 64, 4, 21, 8, 12, 13, 5, 29, 0]
124_124_6_96_0_33_32_64_42_5_0_20_0_24_0_[0, 64, 19, 45, 43, 36]_[0, 64, 4, 21, 8, 12, 13, 5, 29, 0]
125_125_6_96_0_33_32_64_42_5_0_20_0_24_0_[0, 64, 19, 45, 43, 36]_[0, 64, 4, 21, 8, 12, 13, 5, 29, 0]
126_126_6_96_0_33_32_64_42_5_0_20_0_24_0_[0, 64, 19, 45, 43, 36]_[0, 64, 4, 21, 8, 12, 13, 5, 29, 0]
127_127_6_96_0_33_32_64_42_5_0_20_0_24_0_[0, 64, 19, 45, 43, 36]_[0, 64, 4, 21, 8, 12, 13, 5, 29, 0]
