0_0_390_36_0_26_32_64_0_0_0_0_0_24_0_[0, 64, 11, 2, 17, 59, 19, 12, 23, 64, 25, 12, 29, 64, 31, 12, 35, 64]_[0, 64, 7, 26, 14, 11, 23, 0]
1_1_390_36_0_26_32_64_0_0_0_0_0_24_0_[0, 64, 11, 2, 17, 59, 19, 12, 23, 64, 25, 12, 29, 64, 31, 12, 35, 64]_[0, 64, 7, 26, 14, 11, 23, 0]
2_2_390_36_0_26_32_64_0_0_0_0_0_24_0_[0, 64, 11, 2, 17, 59, 19, 12, 23, 64, 25, 12, 29, 64, 31, 12, 35, 64]_[0, 64, 7, 26, 14, 11, 23, 0]
3_3_390_36_0_26_32_64_0_0_0_0_0_24_0_[0, 64, 11, 2, 17, 59, 19, 12, 23, 64, 25, 12, 29, 64, 31, 12, 35, 64]_[0, 64, 7, 26, 14, 11, 23, 0]
4_4_390_36_0_26_32_64_0_0_0_0_0_24_0_[0, 64, 11, 2, 17, 59, 19, 12, 23, 64, 25, 12, 29, 64, 31, 12, 35, 64]_[0, 64, 7, 26, 14, 11, 23, 0]
5_5_390_36_0_26_32_64_0_0_0_0_0_24_0_[0, 64, 11, 2, 17, 59, 19, 12, 23, 64, 25, 12, 29, 64, 31, 12, 35, 64]_[0, 64, 7, 26, 14, 11, 23, 0]
6_6_390_36_0_26_32_64_0_0_0_0_0_24_0_[0, 64, 11, 2, 17, 59, 19, 12, 23, 64, 25, 12, 29, 64, 31, 12, 35, 64]_[0, 64, 7, 26, 14, 11, 23, 0]
7_7_390_36_0_26_32_64_0_0_0_0_0_24_0_[0, 64, 11, 2, 17, 59, 19, 12, 23, 64, 25, 12, 29, 64, 31, 12, 35, 64]_[0, 64, 7, 26, 14, 11, 23, 0]
8_8_390_36_0_26_32_64_0_0_0_0_0_24_0_[0, 64, 11, 2, 17, 59, 19, 12, 23, 64, 25, 12, 29, 64, 31, 12, 35, 64]_[0, 64, 7, 26, 14, 11, 23, 0]
9_9_390_36_0_26_32_64_0_0_0_0_0_24_0_[0, 64, 11, 2, 17, 59, 19, 12, 23, 64, 25, 12, 29, 64, 31, 12, 35, 64]_[0, 64, 7, 26, 14, 11, 23, 0]
10_10_390_36_0_26_32_64_0_0_0_0_0_24_0_[0, 64, 11, 2, 17, 59, 19, 12, 23, 64, 25, 12, 29, 64, 31, 12, 35, 64]_[0, 64, 7, 26, 14, 11, 23, 0]
11_11_390_36_0_26_32_64_0_0_0_0_0_24_0_[0, 64, 11, 2, 17, 59, 19, 12, 23, 64, 25, 12, 29, 64, 31, 12, 35, 64]_[0, 64, 7, 26, 14, 11, 23, 0]
12_12_390_36_0_26_32_64_0_0_0_0_0_24_0_[0, 64, 11, 2, 17, 59, 19, 12, 23, 64, 25, 12, 29, 64, 31, 12, 35, 64]_[0, 64, 7, 26, 14, 11, 23, 0]
13_13_390_36_0_26_32_64_0_0_0_0_0_24_0_[0, 64, 11, 2, 17, 59, 19, 12, 23, 64, 25, 12, 29, 64, 31, 12, 35, 64]_[0, 64, 7, 26, 14, 11, 23, 0]
14_14_390_36_0_26_32_64_0_0_0_0_0_24_0_[0, 64, 11, 2, 17, 59, 19, 12, 23, 64, 25, 12, 29, 64, 31, 12, 35, 64]_[0, 64, 7, 26, 14, 11, 23, 0]
15_15_390_36_0_26_32_64_0_0_0_0_0_24_0_[0, 64, 11, 2, 17, 59, 19, 12, 23, 64, 25, 12, 29, 64, 31, 12, 35, 64]_[0, 64, 7, 26, 14, 11, 23, 0]
16_16_390_36_0_26_32_64_0_0_0_0_0_24_0_[0, 64, 11, 2, 17, 59, 19, 12, 23, 64, 25, 12, 29, 64, 31, 12, 35, 64]_[0, 64, 7, 26, 14, 11, 23, 0]
17_17_390_36_0_26_32_64_0_0_0_0_0_24_0_[0, 64, 11, 2, 17, 59, 19, 12, 23, 64, 25, 12, 29, 64, 31, 12, 35, 64]_[0, 64, 7, 26, 14, 11, 23, 0]
18_18_390_36_0_26_32_64_0_0_0_0_0_24_0_[0, 64, 11, 2, 17, 59, 19, 12, 23, 64, 25, 12, 29, 64, 31, 12, 35, 64]_[0, 64, 7, 26, 14, 11, 23, 0]
19_19_390_36_0_26_32_64_0_0_0_0_0_24_0_[0, 64, 11, 2, 17, 59, 19, 12, 23, 64, 25, 12, 29, 64, 31, 12, 35, 64]_[0, 64, 7, 26, 14, 11, 23, 0]
20_20_390_36_0_26_32_64_0_0_0_0_0_24_0_[0, 64, 11, 2, 17, 59, 19, 12, 23, 64, 25, 12, 29, 64, 31, 12, 35, 64]_[0, 64, 7, 26, 14, 11, 23, 0]
21_21_390_36_0_26_32_64_0_0_0_0_0_24_0_[0, 64, 11, 2, 17, 59, 19, 12, 23, 64, 25, 12, 29, 64, 31, 12, 35, 64]_[0, 64, 7, 26, 14, 11, 23, 0]
22_22_390_36_0_26_32_64_0_0_0_0_0_24_0_[0, 64, 11, 2, 17, 59, 19, 12, 23, 64, 25, 12, 29, 64, 31, 12, 35, 64]_[0, 64, 7, 26, 14, 11, 23, 0]
23_23_390_36_0_26_32_64_0_0_0_0_0_24_0_[0, 64, 11, 2, 17, 59, 19, 12, 23, 64, 25, 12, 29, 64, 31, 12, 35, 64]_[0, 64, 7, 26, 14, 11, 23, 0]
24_24_390_36_0_26_32_64_0_0_0_0_0_24_0_[0, 64, 11, 2, 17, 59, 19, 12, 23, 64, 25, 12, 29, 64, 31, 12, 35, 64]_[0, 64, 7, 26, 14, 11, 23, 0]
25_25_390_36_0_26_32_64_0_0_0_0_0_24_0_[0, 64, 11, 2, 17, 59, 19, 12, 23, 64, 25, 12, 29, 64, 31, 12, 35, 64]_[0, 64, 7, 26, 14, 11, 23, 0]
26_26_390_36_0_26_32_64_0_0_0_0_0_24_0_[0, 64, 11, 2, 17, 59, 19, 12, 23, 64, 25, 12, 29, 64, 31, 12, 35, 64]_[0, 64, 7, 26, 14, 11, 23, 0]
27_27_390_36_0_26_32_64_0_0_0_0_0_24_0_[0, 64, 11, 2, 17, 59, 19, 12, 23, 64, 25, 12, 29, 64, 31, 12, 35, 64]_[0, 64, 7, 26, 14, 11, 23, 0]
28_28_390_36_0_26_32_64_0_0_0_0_0_24_0_[0, 64, 11, 2, 17, 59, 19, 12, 23, 64, 25, 12, 29, 64, 31, 12, 35, 64]_[0, 64, 7, 26, 14, 11, 23, 0]
29_29_390_36_0_26_32_64_0_0_0_0_0_24_0_[0, 64, 11, 2, 17, 59, 19, 12, 23, 64, 25, 12, 29, 64, 31, 12, 35, 64]_[0, 64, 7, 26, 14, 11, 23, 0]
30_30_390_36_0_26_32_64_0_0_0_0_0_24_0_[0, 64, 11, 2, 17, 59, 19, 12, 23, 64, 25, 12, 29, 64, 31, 12, 35, 64]_[0, 64, 7, 26, 14, 11, 23, 0]
31_31_390_36_0_26_32_64_0_0_0_0_0_24_0_[0, 64, 11, 2, 17, 59, 19, 12, 23, 64, 25, 12, 29, 64, 31, 12, 35, 64]_[0, 64, 7, 26, 14, 11, 23, 0]
32_32_390_36_0_26_32_64_0_0_0_0_0_24_0_[0, 64, 11, 2, 17, 59, 19, 12, 23, 64, 25, 12, 29, 64, 31, 12, 35, 64]_[0, 64, 7, 26, 14, 11, 23, 0]
33_33_390_36_0_26_32_64_0_0_0_0_0_24_0_[0, 64, 11, 2, 17, 59, 19, 12, 23, 64, 25, 12, 29, 64, 31, 12, 35, 64]_[0, 64, 7, 26, 14, 11, 23, 0]
34_34_390_36_0_26_32_64_0_0_0_0_0_24_0_[0, 64, 11, 2, 17, 59, 19, 12, 23, 64, 25, 12, 29, 64, 31, 12, 35, 64]_[0, 64, 7, 26, 14, 11, 23, 0]
35_35_390_36_0_26_32_64_0_0_0_0_0_24_0_[0, 64, 11, 2, 17, 59, 19, 12, 23, 64, 25, 12, 29, 64, 31, 12, 35, 64]_[0, 64, 7, 26, 14, 11, 23, 0]
36_36_390_36_0_26_32_64_0_0_0_0_0_24_0_[0, 64, 11, 2, 17, 59, 19, 12, 23, 64, 25, 12, 29, 64, 31, 12, 35, 64]_[0, 64, 7, 26, 14, 11, 23, 0]
37_37_390_36_0_26_32_64_0_0_0_0_0_24_0_[0, 64, 11, 2, 17, 59, 19, 12, 23, 64, 25, 12, 29, 64, 31, 12, 35, 64]_[0, 64, 7, 26, 14, 11, 23, 0]
38_38_390_36_0_26_32_64_0_0_0_0_0_24_0_[0, 64, 11, 2, 17, 59, 19, 12, 23, 64, 25, 12, 29, 64, 31, 12, 35, 64]_[0, 64, 7, 26, 14, 11, 23, 0]
39_39_390_36_0_26_32_64_0_0_0_0_0_24_0_[0, 64, 11, 2, 17, 59, 19, 12, 23, 64, 25, 12, 29, 64, 31, 12, 35, 64]_[0, 64, 7, 26, 14, 11, 23, 0]
40_40_390_36_0_26_32_64_0_0_0_0_0_24_0_[0, 64, 11, 2, 17, 59, 19, 12, 23, 64, 25, 12, 29, 64, 31, 12, 35, 64]_[0, 64, 7, 26, 14, 11, 23, 0]
41_41_390_36_0_26_32_64_0_0_0_0_0_24_0_[0, 64, 11, 2, 17, 59, 19, 12, 23, 64, 25, 12, 29, 64, 31, 12, 35, 64]_[0, 64, 7, 26, 14, 11, 23, 0]
42_42_390_36_0_26_32_64_0_0_0_0_0_24_0_[0, 64, 11, 2, 17, 59, 19, 12, 23, 64, 25, 12, 29, 64, 31, 12, 35, 64]_[0, 64, 7, 26, 14, 11, 23, 0]
43_43_492_48_0_26_32_64_0_0_0_0_0_24_0_[0, 64, 11, 2, 17, 59, 19, 12, 23, 64, 25, 12, 29, 64, 31, 12, 35, 64]_[0, 64, 7, 26, 14, 11, 23, 0]
44_44_492_48_0_26_32_64_0_0_0_0_0_24_0_[0, 64, 11, 2, 17, 59, 19, 12, 23, 64, 25, 12, 29, 64, 31, 12, 35, 64]_[0, 64, 7, 26, 14, 11, 23, 0]
45_45_492_48_0_26_32_64_0_0_0_0_0_24_0_[0, 64, 11, 2, 17, 59, 19, 12, 23, 64, 25, 12, 29, 64, 31, 12, 35, 64]_[0, 64, 7, 26, 14, 11, 23, 0]
46_46_492_48_0_26_32_64_0_0_0_0_0_24_0_[0, 64, 11, 2, 17, 59, 19, 12, 23, 64, 25, 12, 29, 64, 31, 12, 35, 64]_[0, 64, 7, 26, 14, 11, 23, 0]
47_47_492_48_0_26_32_64_0_0_0_0_0_24_0_[0, 64, 11, 2, 17, 59, 19, 12, 23, 64, 25, 12, 29, 64, 31, 12, 35, 64]_[0, 64, 7, 26, 14, 11, 23, 0]
48_48_492_48_0_26_32_64_0_0_0_0_0_24_0_[0, 64, 11, 2, 17, 59, 19, 12, 23, 64, 25, 12, 29, 64, 31, 12, 35, 64]_[0, 64, 7, 26, 14, 11, 23, 0]
49_49_492_48_0_26_32_64_0_0_0_0_0_24_0_[0, 64, 11, 2, 17, 59, 19, 12, 23, 64, 25, 12, 29, 64, 31, 12, 35, 64]_[0, 64, 7, 26, 14, 11, 23, 0]
50_50_492_48_0_26_32_64_0_0_0_0_0_24_0_[0, 64, 11, 2, 17, 59, 19, 12, 23, 64, 25, 12, 29, 64, 31, 12, 35, 64]_[0, 64, 7, 26, 14, 11, 23, 0]
51_51_492_48_0_26_32_64_0_0_0_0_0_24_0_[0, 64, 11, 2, 17, 59, 19, 12, 23, 64, 25, 12, 29, 64, 31, 12, 35, 64]_[0, 64, 7, 26, 14, 11, 23, 0]
52_52_492_48_0_26_32_64_0_0_0_0_0_24_0_[0, 64, 11, 2, 17, 59, 19, 12, 23, 64, 25, 12, 29, 64, 31, 12, 35, 64]_[0, 64, 7, 26, 14, 11, 23, 0]
53_53_492_48_0_26_32_64_0_0_0_0_0_24_0_[0, 64, 11, 2, 17, 59, 19, 12, 23, 64, 25, 12, 29, 64, 31, 12, 35, 64]_[0, 64, 7, 26, 14, 11, 23, 0]
54_54_492_48_0_26_32_64_0_0_0_0_0_24_0_[0, 64, 11, 2, 17, 59, 19, 12, 23, 64, 25, 12, 29, 64, 31, 12, 35, 64]_[0, 64, 7, 26, 14, 11, 23, 0]
55_55_245_60_0_26_32_64_0_0_0_0_0_24_0_[0, 64, 11, 2, 17, 59, 19, 12, 23, 64, 25, 12, 29, 64, 31, 12, 35, 64]_[0, 64, 7, 26, 14, 11, 23, 0]
56_56_245_60_0_26_32_64_0_0_0_0_0_24_0_[0, 64, 11, 2, 17, 59, 19, 12, 23, 64, 25, 12, 29, 64, 31, 12, 35, 64]_[0, 64, 7, 26, 14, 11, 23, 0]
57_57_245_60_0_26_32_64_0_0_0_0_0_24_0_[0, 64, 11, 2, 17, 59, 19, 12, 23, 64, 25, 12, 29, 64, 31, 12, 35, 64]_[0, 64, 7, 26, 14, 11, 23, 0]
58_58_245_60_0_26_32_64_0_0_0_0_0_24_0_[0, 64, 11, 2, 17, 59, 19, 12, 23, 64, 25, 12, 29, 64, 31, 12, 35, 64]_[0, 64, 7, 26, 14, 11, 23, 0]
59_59_245_60_0_26_32_64_0_0_0_0_0_24_0_[0, 64, 11, 2, 17, 59, 19, 12, 23, 64, 25, 12, 29, 64, 31, 12, 35, 64]_[0, 64, 7, 26, 14, 11, 23, 0]
60_60_245_60_0_26_32_64_0_0_0_0_0_24_0_[0, 64, 11, 2, 17, 59, 19, 12, 23, 64, 25, 12, 29, 64, 31, 12, 35, 64]_[0, 64, 7, 26, 14, 11, 23, 0]
61_61_245_60_0_26_32_64_0_0_0_0_0_24_0_[0, 64, 11, 2, 17, 59, 19, 12, 23, 64, 25, 12, 29, 64, 31, 12, 35, 64]_[0, 64, 7, 26, 14, 11, 23, 0]
62_62_245_60_0_26_32_64_0_0_0_0_0_24_0_[0, 64, 11, 2, 17, 59, 19, 12, 23, 64, 25, 12, 29, 64, 31, 12, 35, 64]_[0, 64, 7, 26, 14, 11, 23, 0]
63_63_245_60_0_26_32_64_0_0_0_0_0_24_0_[0, 64, 11, 2, 17, 59, 19, 12, 23, 64, 25, 12, 29, 64, 31, 12, 35, 64]_[0, 64, 7, 26, 14, 11, 23, 0]
64_64_245_60_0_26_32_64_0_0_0_0_0_24_0_[0, 64, 11, 2, 17, 59, 19, 12, 23, 64, 25, 12, 29, 64, 31, 12, 35, 64]_[0, 64, 7, 26, 14, 11, 23, 0]
65_65_245_60_0_26_32_64_0_0_0_0_0_24_0_[0, 64, 11, 2, 17, 59, 19, 12, 23, 64, 25, 12, 29, 64, 31, 12, 35, 64]_[0, 64, 7, 26, 14, 11, 23, 0]
66_66_245_60_0_26_32_64_0_0_0_0_0_24_0_[0, 64, 11, 2, 17, 59, 19, 12, 23, 64, 25, 12, 29, 64, 31, 12, 35, 64]_[0, 64, 7, 26, 14, 11, 23, 0]
67_67_550_72_0_26_32_64_0_0_0_0_0_24_0_[0, 64, 11, 2, 17, 59, 19, 12, 23, 64, 25, 12, 29, 64, 31, 12, 35, 64]_[0, 64, 7, 26, 14, 11, 23, 0]
68_68_550_72_0_26_32_64_0_0_0_0_0_24_0_[0, 64, 11, 2, 17, 59, 19, 12, 23, 64, 25, 12, 29, 64, 31, 12, 35, 64]_[0, 64, 7, 26, 14, 11, 23, 0]
69_69_550_72_0_26_32_64_0_0_0_0_0_24_0_[0, 64, 11, 2, 17, 59, 19, 12, 23, 64, 25, 12, 29, 64, 31, 12, 35, 64]_[0, 64, 7, 26, 14, 11, 23, 0]
70_70_550_72_0_26_32_64_0_0_0_0_0_24_0_[0, 64, 11, 2, 17, 59, 19, 12, 23, 64, 25, 12, 29, 64, 31, 12, 35, 64]_[0, 64, 7, 26, 14, 11, 23, 0]
71_71_550_72_0_26_32_64_0_0_0_0_0_24_0_[0, 64, 11, 2, 17, 59, 19, 12, 23, 64, 25, 12, 29, 64, 31, 12, 35, 64]_[0, 64, 7, 26, 14, 11, 23, 0]
72_72_550_72_0_26_32_64_0_0_0_0_0_24_0_[0, 64, 11, 2, 17, 59, 19, 12, 23, 64, 25, 12, 29, 64, 31, 12, 35, 64]_[0, 64, 7, 26, 14, 11, 23, 0]
73_73_550_72_0_26_32_64_0_0_0_0_0_24_0_[0, 64, 11, 2, 17, 59, 19, 12, 23, 64, 25, 12, 29, 64, 31, 12, 35, 64]_[0, 64, 7, 26, 14, 11, 23, 0]
74_74_550_72_0_26_32_64_0_0_0_0_0_24_0_[0, 64, 11, 2, 17, 59, 19, 12, 23, 64, 25, 12, 29, 64, 31, 12, 35, 64]_[0, 64, 7, 26, 14, 11, 23, 0]
75_75_550_72_0_26_32_64_0_0_0_0_0_24_0_[0, 64, 11, 2, 17, 59, 19, 12, 23, 64, 25, 12, 29, 64, 31, 12, 35, 64]_[0, 64, 7, 26, 14, 11, 23, 0]
76_76_550_72_0_26_32_64_0_0_0_0_0_24_0_[0, 64, 11, 2, 17, 59, 19, 12, 23, 64, 25, 12, 29, 64, 31, 12, 35, 64]_[0, 64, 7, 26, 14, 11, 23, 0]
77_77_550_72_0_26_32_64_0_0_0_0_0_24_0_[0, 64, 11, 2, 17, 59, 19, 12, 23, 64, 25, 12, 29, 64, 31, 12, 35, 64]_[0, 64, 7, 26, 14, 11, 23, 0]
78_78_550_72_0_26_32_64_0_0_0_0_0_24_0_[0, 64, 11, 2, 17, 59, 19, 12, 23, 64, 25, 12, 29, 64, 31, 12, 35, 64]_[0, 64, 7, 26, 14, 11, 23, 0]
79_79_550_72_0_26_32_64_0_0_0_0_0_24_0_[0, 64, 11, 2, 17, 59, 19, 12, 23, 64, 25, 12, 29, 64, 31, 12, 35, 64]_[0, 64, 7, 26, 14, 11, 23, 0]
80_80_522_84_0_26_32_64_0_0_0_0_0_24_0_[0, 64, 11, 2, 17, 59, 19, 12, 23, 64, 25, 12, 29, 64, 31, 12, 35, 64]_[0, 64, 7, 26, 14, 11, 23, 0]
81_81_522_84_0_26_32_64_0_0_0_0_0_24_0_[0, 64, 11, 2, 17, 59, 19, 12, 23, 64, 25, 12, 29, 64, 31, 12, 35, 64]_[0, 64, 7, 26, 14, 11, 23, 0]
82_82_522_84_0_26_32_64_0_0_0_0_0_24_0_[0, 64, 11, 2, 17, 59, 19, 12, 23, 64, 25, 12, 29, 64, 31, 12, 35, 64]_[0, 64, 7, 26, 14, 11, 23, 0]
83_83_522_84_0_26_32_64_0_0_0_0_0_24_0_[0, 64, 11, 2, 17, 59, 19, 12, 23, 64, 25, 12, 29, 64, 31, 12, 35, 64]_[0, 64, 7, 26, 14, 11, 23, 0]
84_84_522_84_0_26_32_64_0_0_0_0_0_24_0_[0, 64, 11, 2, 17, 59, 19, 12, 23, 64, 25, 12, 29, 64, 31, 12, 35, 64]_[0, 64, 7, 26, 14, 11, 23, 0]
85_85_522_84_0_26_32_64_0_0_0_0_0_24_0_[0, 64, 11, 2, 17, 59, 19, 12, 23, 64, 25, 12, 29, 64, 31, 12, 35, 64]_[0, 64, 7, 26, 14, 11, 23, 0]
86_86_522_84_0_26_32_64_0_0_0_0_0_24_0_[0, 64, 11, 2, 17, 59, 19, 12, 23, 64, 25, 12, 29, 64, 31, 12, 35, 64]_[0, 64, 7, 26, 14, 11, 23, 0]
87_87_522_84_0_26_32_64_0_0_0_0_0_24_0_[0, 64, 11, 2, 17, 59, 19, 12, 23, 64, 25, 12, 29, 64, 31, 12, 35, 64]_[0, 64, 7, 26, 14, 11, 23, 0]
88_88_522_84_0_26_32_64_0_0_0_0_0_24_0_[0, 64, 11, 2, 17, 59, 19, 12, 23, 64, 25, 12, 29, 64, 31, 12, 35, 64]_[0, 64, 7, 26, 14, 11, 23, 0]
89_89_522_84_0_26_32_64_0_0_0_0_0_24_0_[0, 64, 11, 2, 17, 59, 19, 12, 23, 64, 25, 12, 29, 64, 31, 12, 35, 64]_[0, 64, 7, 26, 14, 11, 23, 0]
90_90_522_84_0_26_32_64_0_0_0_0_0_24_0_[0, 64, 11, 2, 17, 59, 19, 12, 23, 64, 25, 12, 29, 64, 31, 12, 35, 64]_[0, 64, 7, 26, 14, 11, 23, 0]
91_91_522_84_0_26_32_64_0_0_0_0_0_24_0_[0, 64, 11, 2, 17, 59, 19, 12, 23, 64, 25, 12, 29, 64, 31, 12, 35, 64]_[0, 64, 7, 26, 14, 11, 23, 0]
92_92_522_84_0_26_32_64_0_0_0_0_0_24_0_[0, 64, 11, 2, 17, 59, 19, 12, 23, 64, 25, 12, 29, 64, 31, 12, 35, 64]_[0, 64, 7, 26, 14, 11, 23, 0]
93_93_522_84_0_26_32_64_0_0_0_0_0_24_0_[0, 64, 11, 2, 17, 59, 19, 12, 23, 64, 25, 12, 29, 64, 31, 12, 35, 64]_[0, 64, 7, 26, 14, 11, 23, 0]
94_94_522_84_0_26_32_64_0_0_0_0_0_24_0_[0, 64, 11, 2, 17, 59, 19, 12, 23, 64, 25, 12, 29, 64, 31, 12, 35, 64]_[0, 64, 7, 26, 14, 11, 23, 0]
95_95_522_84_0_26_32_64_0_0_0_0_0_24_0_[0, 64, 11, 2, 17, 59, 19, 12, 23, 64, 25, 12, 29, 64, 31, 12, 35, 64]_[0, 64, 7, 26, 14, 11, 23, 0]
96_96_522_84_0_26_32_64_0_0_0_0_0_24_0_[0, 64, 11, 2, 17, 59, 19, 12, 23, 64, 25, 12, 29, 64, 31, 12, 35, 64]_[0, 64, 7, 26, 14, 11, 23, 0]
97_97_522_84_0_26_32_64_0_0_0_0_0_24_0_[0, 64, 11, 2, 17, 59, 19, 12, 23, 64, 25, 12, 29, 64, 31, 12, 35, 64]_[0, 64, 7, 26, 14, 11, 23, 0]
98_98_522_84_0_26_32_64_0_0_0_0_0_24_0_[0, 64, 11, 2, 17, 59, 19, 12, 23, 64, 25, 12, 29, 64, 31, 12, 35, 64]_[0, 64, 7, 26, 14, 11, 23, 0]
99_99_522_84_0_26_32_64_0_0_0_0_0_24_0_[0, 64, 11, 2, 17, 59, 19, 12, 23, 64, 25, 12, 29, 64, 31, 12, 35, 64]_[0, 64, 7, 26, 14, 11, 23, 0]
100_100_522_84_0_26_32_64_0_0_0_0_0_24_0_[0, 64, 11, 2, 17, 59, 19, 12, 23, 64, 25, 12, 29, 64, 31, 12, 35, 64]_[0, 64, 7, 26, 14, 11, 23, 0]
101_101_522_84_0_26_32_64_0_0_0_0_0_24_0_[0, 64, 11, 2, 17, 59, 19, 12, 23, 64, 25, 12, 29, 64, 31, 12, 35, 64]_[0, 64, 7, 26, 14, 11, 23, 0]
102_102_522_84_0_26_32_64_0_0_0_0_0_24_0_[0, 64, 11, 2, 17, 59, 19, 12, 23, 64, 25, 12, 29, 64, 31, 12, 35, 64]_[0, 64, 7, 26, 14, 11, 23, 0]
103_103_522_84_0_26_32_64_0_0_0_0_0_24_0_[0, 64, 11, 2, 17, 59, 19, 12, 23, 64, 25, 12, 29, 64, 31, 12, 35, 64]_[0, 64, 7, 26, 14, 11, 23, 0]
104_104_522_84_0_26_32_64_0_0_0_0_0_24_0_[0, 64, 11, 2, 17, 59, 19, 12, 23, 64, 25, 12, 29, 64, 31, 12, 35, 64]_[0, 64, 7, 26, 14, 11, 23, 0]
105_105_522_84_0_26_32_64_0_0_0_0_0_24_0_[0, 64, 11, 2, 17, 59, 19, 12, 23, 64, 25, 12, 29, 64, 31, 12, 35, 64]_[0, 64, 7, 26, 14, 11, 23, 0]
106_106_522_84_0_26_32_64_0_0_0_0_0_24_0_[0, 64, 11, 2, 17, 59, 19, 12, 23, 64, 25, 12, 29, 64, 31, 12, 35, 64]_[0, 64, 7, 26, 14, 11, 23, 0]
107_107_522_84_0_26_32_64_0_0_0_0_0_24_0_[0, 64, 11, 2, 17, 59, 19, 12, 23, 64, 25, 12, 29, 64, 31, 12, 35, 64]_[0, 64, 7, 26, 14, 11, 23, 0]
108_108_522_84_0_26_32_64_0_0_0_0_0_24_0_[0, 64, 11, 2, 17, 59, 19, 12, 23, 64, 25, 12, 29, 64, 31, 12, 35, 64]_[0, 64, 7, 26, 14, 11, 23, 0]
109_109_522_84_0_26_32_64_0_0_0_0_0_24_0_[0, 64, 11, 2, 17, 59, 19, 12, 23, 64, 25, 12, 29, 64, 31, 12, 35, 64]_[0, 64, 7, 26, 14, 11, 23, 0]
110_110_522_84_0_26_32_64_0_0_0_0_0_24_0_[0, 64, 11, 2, 17, 59, 19, 12, 23, 64, 25, 12, 29, 64, 31, 12, 35, 64]_[0, 64, 7, 26, 14, 11, 23, 0]
111_111_522_84_0_26_32_64_0_0_0_0_0_24_0_[0, 64, 11, 2, 17, 59, 19, 12, 23, 64, 25, 12, 29, 64, 31, 12, 35, 64]_[0, 64, 7, 26, 14, 11, 23, 0]
112_112_522_84_0_26_32_64_0_0_0_0_0_24_0_[0, 64, 11, 2, 17, 59, 19, 12, 23, 64, 25, 12, 29, 64, 31, 12, 35, 64]_[0, 64, 7, 26, 14, 11, 23, 0]
113_113_522_84_0_26_32_64_0_0_0_0_0_24_0_[0, 64, 11, 2, 17, 59, 19, 12, 23, 64, 25, 12, 29, 64, 31, 12, 35, 64]_[0, 64, 7, 26, 14, 11, 23, 0]
114_114_522_84_0_26_32_64_0_0_0_0_0_24_0_[0, 64, 11, 2, 17, 59, 19, 12, 23, 64, 25, 12, 29, 64, 31, 12, 35, 64]_[0, 64, 7, 26, 14, 11, 23, 0]
115_115_522_84_0_26_32_64_0_0_0_0_0_24_0_[0, 64, 11, 2, 17, 59, 19, 12, 23, 64, 25, 12, 29, 64, 31, 12, 35, 64]_[0, 64, 7, 26, 14, 11, 23, 0]
116_116_522_84_0_26_32_64_0_0_0_0_0_24_0_[0, 64, 11, 2, 17, 59, 19, 12, 23, 64, 25, 12, 29, 64, 31, 12, 35, 64]_[0, 64, 7, 26, 14, 11, 23, 0]
117_117_522_84_0_26_32_64_0_0_0_0_0_24_0_[0, 64, 11, 2, 17, 59, 19, 12, 23, 64, 25, 12, 29, 64, 31, 12, 35, 64]_[0, 64, 7, 26, 14, 11, 23, 0]
118_118_522_84_0_26_32_64_0_0_0_0_0_24_0_[0, 64, 11, 2, 17, 59, 19, 12, 23, 64, 25, 12, 29, 64, 31, 12, 35, 64]_[0, 64, 7, 26, 14, 11, 23, 0]
119_119_522_84_0_26_32_64_0_0_0_0_0_24_0_[0, 64, 11, 2, 17, 59, 19, 12, 23, 64, 25, 12, 29, 64, 31, 12, 35, 64]_[0, 64, 7, 26, 14, 11, 23, 0]
120_120_522_84_0_26_32_64_0_0_0_0_0_24_0_[0, 64, 11, 2, 17, 59, 19, 12, 23, 64, 25, 12, 29, 64, 31, 12, 35, 64]_[0, 64, 7, 26, 14, 11, 23, 0]
121_121_522_84_0_26_32_64_0_0_0_0_0_24_0_[0, 64, 11, 2, 17, 59, 19, 12, 23, 64, 25, 12, 29, 64, 31, 12, 35, 64]_[0, 64, 7, 26, 14, 11, 23, 0]
122_122_522_84_0_26_32_64_0_0_0_0_0_24_0_[0, 64, 11, 2, 17, 59, 19, 12, 23, 64, 25, 12, 29, 64, 31, 12, 35, 64]_[0, 64, 7, 26, 14, 11, 23, 0]
123_123_522_84_0_26_32_64_0_0_0_0_0_24_0_[0, 64, 11, 2, 17, 59, 19, 12, 23, 64, 25, 12, 29, 64, 31, 12, 35, 64]_[0, 64, 7, 26, 14, 11, 23, 0]
124_124_522_84_0_26_32_64_0_0_0_0_0_24_0_[0, 64, 11, 2, 17, 59, 19, 12, 23, 64, 25, 12, 29, 64, 31, 12, 35, 64]_[0, 64, 7, 26, 14, 11, 23, 0]
125_125_522_84_0_26_32_64_0_0_0_0_0_24_0_[0, 64, 11, 2, 17, 59, 19, 12, 23, 64, 25, 12, 29, 64, 31, 12, 35, 64]_[0, 64, 7, 26, 14, 11, 23, 0]
126_126_522_84_0_26_32_64_0_0_0_0_0_24_0_[0, 64, 11, 2, 17, 59, 19, 12, 23, 64, 25, 12, 29, 64, 31, 12, 35, 64]_[0, 64, 7, 26, 14, 11, 23, 0]
127_127_522_84_0_26_32_64_0_0_0_0_0_24_0_[0, 64, 11, 2, 17, 59, 19, 12, 23, 64, 25, 12, 29, 64, 31, 12, 35, 64]_[0, 64, 7, 26, 14, 11, 23, 0]
