0_0_246_36_0_56_32_64_0_0_0_0_0_24_0_[0, 64, 50, 45]_[0, 64, 5, 46, 63, 0]
1_1_246_36_0_56_32_64_0_0_0_0_0_24_0_[0, 64, 50, 45]_[0, 64, 5, 46, 63, 0]
2_2_246_36_0_56_32_64_0_0_0_0_0_24_0_[0, 64, 50, 45]_[0, 64, 5, 46, 63, 0]
3_3_246_36_0_56_32_64_0_0_0_0_0_24_0_[0, 64, 50, 45]_[0, 64, 5, 46, 63, 0]
4_4_246_36_0_56_32_64_0_0_0_0_0_24_0_[0, 64, 50, 45]_[0, 64, 5, 46, 63, 0]
5_5_246_36_0_56_32_64_0_0_0_0_0_24_0_[0, 64, 50, 45]_[0, 64, 5, 46, 63, 0]
6_6_246_36_0_56_32_64_0_0_0_0_0_24_0_[0, 64, 50, 45]_[0, 64, 5, 46, 63, 0]
7_7_246_36_0_56_32_64_0_0_0_0_0_24_0_[0, 64, 50, 45]_[0, 64, 5, 46, 63, 0]
8_8_246_36_0_56_32_64_0_0_0_0_0_24_0_[0, 64, 50, 45]_[0, 64, 5, 46, 63, 0]
9_9_246_36_0_56_32_64_0_0_0_0_0_24_0_[0, 64, 50, 45]_[0, 64, 5, 46, 63, 0]
10_10_246_36_0_56_32_64_0_0_0_0_0_24_0_[0, 64, 50, 45]_[0, 64, 5, 46, 63, 0]
11_11_246_36_0_56_32_64_0_0_0_0_0_24_0_[0, 64, 50, 45]_[0, 64, 5, 46, 63, 0]
12_12_246_36_0_56_32_64_0_0_0_0_0_24_0_[0, 64, 50, 45]_[0, 64, 5, 46, 63, 0]
13_13_246_36_0_56_32_64_0_0_0_0_0_24_0_[0, 64, 50, 45]_[0, 64, 5, 46, 63, 0]
14_14_246_36_0_56_32_64_0_0_0_0_0_24_0_[0, 64, 50, 45]_[0, 64, 5, 46, 63, 0]
15_15_246_36_0_56_32_64_0_0_0_0_0_24_0_[0, 64, 50, 45]_[0, 64, 5, 46, 63, 0]
16_16_246_36_0_56_32_64_0_0_0_0_0_24_0_[0, 64, 50, 45]_[0, 64, 5, 46, 63, 0]
17_17_246_36_0_56_32_64_0_0_0_0_0_24_0_[0, 64, 50, 45]_[0, 64, 5, 46, 63, 0]
18_18_246_36_0_56_32_64_0_0_0_0_0_24_0_[0, 64, 50, 45]_[0, 64, 5, 46, 63, 0]
19_19_246_36_0_56_32_64_0_0_0_0_0_24_0_[0, 64, 50, 45]_[0, 64, 5, 46, 63, 0]
20_20_246_36_0_56_32_64_0_0_0_0_0_24_0_[0, 64, 50, 45]_[0, 64, 5, 46, 63, 0]
21_21_246_36_0_56_32_64_0_0_0_0_0_24_0_[0, 64, 50, 45]_[0, 64, 5, 46, 63, 0]
22_22_246_36_0_56_32_64_0_0_0_0_0_24_0_[0, 64, 50, 45]_[0, 64, 5, 46, 63, 0]
23_23_246_36_0_56_32_64_0_0_0_0_0_24_0_[0, 64, 50, 45]_[0, 64, 5, 46, 63, 0]
24_24_246_36_0_56_32_64_0_0_0_0_0_24_0_[0, 64, 50, 45]_[0, 64, 5, 46, 63, 0]
25_25_246_36_0_56_32_64_0_0_0_0_0_24_0_[0, 64, 50, 45]_[0, 64, 5, 46, 63, 0]
26_26_246_36_0_56_32_64_0_0_0_0_0_24_0_[0, 64, 50, 45]_[0, 64, 5, 46, 63, 0]
27_27_246_36_0_56_32_64_0_0_0_0_0_24_0_[0, 64, 50, 45]_[0, 64, 5, 46, 63, 0]
28_28_246_36_0_56_32_64_0_0_0_0_0_24_0_[0, 64, 50, 45]_[0, 64, 5, 46, 63, 0]
29_29_246_36_0_56_32_64_0_0_0_0_0_24_0_[0, 64, 50, 45]_[0, 64, 5, 46, 63, 0]
30_30_246_36_0_56_32_64_0_0_0_0_0_24_0_[0, 64, 50, 45]_[0, 64, 5, 46, 63, 0]
31_31_246_36_0_56_32_64_0_0_0_0_0_24_0_[0, 64, 50, 45]_[0, 64, 5, 46, 63, 0]
32_32_246_36_0_56_32_64_0_0_0_0_0_24_0_[0, 64, 50, 45]_[0, 64, 5, 46, 63, 0]
33_33_246_36_0_56_32_64_0_0_0_0_0_24_0_[0, 64, 50, 45]_[0, 64, 5, 46, 63, 0]
34_34_246_36_0_56_32_64_0_0_0_0_0_24_0_[0, 64, 50, 45]_[0, 64, 5, 46, 63, 0]
35_35_246_36_0_56_32_64_0_0_0_0_0_24_0_[0, 64, 50, 45]_[0, 64, 5, 46, 63, 0]
36_36_246_36_0_56_32_64_0_0_0_0_0_24_0_[0, 64, 50, 45]_[0, 64, 5, 46, 63, 0]
37_37_246_36_0_56_32_64_0_0_0_0_0_24_0_[0, 64, 50, 45]_[0, 64, 5, 46, 63, 0]
38_38_246_36_0_56_32_64_0_0_0_0_0_24_0_[0, 64, 50, 45]_[0, 64, 5, 46, 63, 0]
39_39_246_36_0_56_32_64_0_0_0_0_0_24_0_[0, 64, 50, 45]_[0, 64, 5, 46, 63, 0]
40_40_246_36_0_56_32_64_0_0_0_0_0_24_0_[0, 64, 50, 45]_[0, 64, 5, 46, 63, 0]
41_41_246_36_0_56_32_64_0_0_0_0_0_24_0_[0, 64, 50, 45]_[0, 64, 5, 46, 63, 0]
42_42_246_36_0_56_32_64_0_0_0_0_0_24_0_[0, 64, 50, 45]_[0, 64, 5, 46, 63, 0]
43_43_246_36_0_56_32_64_0_0_0_0_0_24_0_[0, 64, 50, 45]_[0, 64, 5, 46, 63, 0]
44_44_246_36_0_56_32_64_0_0_0_0_0_24_0_[0, 64, 50, 45]_[0, 64, 5, 46, 63, 0]
45_45_246_36_0_56_32_64_0_0_0_0_0_24_0_[0, 64, 50, 45]_[0, 64, 5, 46, 63, 0]
46_46_246_36_0_56_32_64_0_0_0_0_0_24_0_[0, 64, 50, 45]_[0, 64, 5, 46, 63, 0]
47_47_246_36_0_56_32_64_0_0_0_0_0_24_0_[0, 64, 50, 45]_[0, 64, 5, 46, 63, 0]
48_48_247_48_0_56_32_64_0_0_0_0_0_24_0_[0, 64, 50, 45]_[0, 64, 5, 46, 63, 0]
49_49_247_48_0_56_32_64_0_0_0_0_0_24_0_[0, 64, 50, 45]_[0, 64, 5, 46, 63, 0]
50_50_247_48_0_56_32_64_0_0_0_0_0_24_0_[0, 64, 50, 45]_[0, 64, 5, 46, 63, 0]
51_51_247_48_0_56_32_64_0_0_0_0_0_24_0_[0, 64, 50, 45]_[0, 64, 5, 46, 63, 0]
52_52_247_48_0_56_32_64_0_0_0_0_0_24_0_[0, 64, 50, 45]_[0, 64, 5, 46, 63, 0]
53_53_247_48_0_56_32_64_0_0_0_0_0_24_0_[0, 64, 50, 45]_[0, 64, 5, 46, 63, 0]
54_54_247_48_0_56_32_64_0_0_0_0_0_24_0_[0, 64, 50, 45]_[0, 64, 5, 46, 63, 0]
55_55_247_48_0_56_32_64_0_0_0_0_0_24_0_[0, 64, 50, 45]_[0, 64, 5, 46, 63, 0]
56_56_247_48_0_56_32_64_0_0_0_0_0_24_0_[0, 64, 50, 45]_[0, 64, 5, 46, 63, 0]
57_57_247_48_0_56_32_64_0_0_0_0_0_24_0_[0, 64, 50, 45]_[0, 64, 5, 46, 63, 0]
58_58_247_48_0_56_32_64_0_0_0_0_0_24_0_[0, 64, 50, 45]_[0, 64, 5, 46, 63, 0]
59_59_247_48_0_56_32_64_0_0_0_0_0_24_0_[0, 64, 50, 45]_[0, 64, 5, 46, 63, 0]
60_60_248_60_0_56_32_64_0_0_0_0_0_24_0_[0, 64, 50, 45]_[0, 64, 5, 46, 63, 0]
61_61_248_60_0_56_32_64_0_0_0_0_0_24_0_[0, 64, 50, 45]_[0, 64, 5, 46, 63, 0]
62_62_248_60_0_56_32_64_0_0_0_0_0_24_0_[0, 64, 50, 45]_[0, 64, 5, 46, 63, 0]
63_63_248_60_0_56_32_64_0_0_0_0_0_24_0_[0, 64, 50, 45]_[0, 64, 5, 46, 63, 0]
64_64_248_60_0_56_32_64_0_0_0_0_0_24_0_[0, 64, 50, 45]_[0, 64, 5, 46, 63, 0]
65_65_248_60_0_56_32_64_0_0_0_0_0_24_0_[0, 64, 50, 45]_[0, 64, 5, 46, 63, 0]
66_66_248_60_0_56_32_64_0_0_0_0_0_24_0_[0, 64, 50, 45]_[0, 64, 5, 46, 63, 0]
67_67_248_60_0_56_32_64_0_0_0_0_0_24_0_[0, 64, 50, 45]_[0, 64, 5, 46, 63, 0]
68_68_248_60_0_56_32_64_0_0_0_0_0_24_0_[0, 64, 50, 45]_[0, 64, 5, 46, 63, 0]
69_69_248_60_0_56_32_64_0_0_0_0_0_24_0_[0, 64, 50, 45]_[0, 64, 5, 46, 63, 0]
70_70_248_60_0_56_32_64_0_0_0_0_0_24_0_[0, 64, 50, 45]_[0, 64, 5, 46, 63, 0]
71_71_248_60_0_56_32_64_0_0_0_0_0_24_0_[0, 64, 50, 45]_[0, 64, 5, 46, 63, 0]
72_72_248_60_0_56_32_64_0_0_0_0_0_24_0_[0, 64, 50, 45]_[0, 64, 5, 46, 63, 0]
73_73_248_60_0_56_32_64_0_0_0_0_0_24_0_[0, 64, 50, 45]_[0, 64, 5, 46, 63, 0]
74_74_248_60_0_56_32_64_0_0_0_0_0_24_0_[0, 64, 50, 45]_[0, 64, 5, 46, 63, 0]
75_75_248_60_0_56_32_64_0_0_0_0_0_24_0_[0, 64, 50, 45]_[0, 64, 5, 46, 63, 0]
76_76_248_60_0_56_32_64_0_0_0_0_0_24_0_[0, 64, 50, 45]_[0, 64, 5, 46, 63, 0]
77_77_248_60_0_56_32_64_0_0_0_0_0_24_0_[0, 64, 50, 45]_[0, 64, 5, 46, 63, 0]
78_78_248_60_0_56_32_64_0_0_0_0_0_24_0_[0, 64, 50, 45]_[0, 64, 5, 46, 63, 0]
79_79_248_60_0_56_32_64_0_0_0_0_0_24_0_[0, 64, 50, 45]_[0, 64, 5, 46, 63, 0]
80_80_248_60_0_56_32_64_0_0_0_0_0_24_0_[0, 64, 50, 45]_[0, 64, 5, 46, 63, 0]
81_81_248_60_0_56_32_64_0_0_0_0_0_24_0_[0, 64, 50, 45]_[0, 64, 5, 46, 63, 0]
82_82_248_60_0_56_32_64_0_0_0_0_0_24_0_[0, 64, 50, 45]_[0, 64, 5, 46, 63, 0]
83_83_248_60_0_56_32_64_0_0_0_0_0_24_0_[0, 64, 50, 45]_[0, 64, 5, 46, 63, 0]
84_84_248_60_0_56_32_64_0_0_0_0_0_24_0_[0, 64, 50, 45]_[0, 64, 5, 46, 63, 0]
85_85_248_60_0_56_32_64_0_0_0_0_0_24_0_[0, 64, 50, 45]_[0, 64, 5, 46, 63, 0]
86_86_248_60_0_56_32_64_0_0_0_0_0_24_0_[0, 64, 50, 45]_[0, 64, 5, 46, 63, 0]
87_87_248_60_0_56_32_64_0_0_0_0_0_24_0_[0, 64, 50, 45]_[0, 64, 5, 46, 63, 0]
88_88_248_60_0_56_32_64_0_0_0_0_0_24_0_[0, 64, 50, 45]_[0, 64, 5, 46, 63, 0]
89_89_248_60_0_56_32_64_0_0_0_0_0_24_0_[0, 64, 50, 45]_[0, 64, 5, 46, 63, 0]
90_90_248_60_0_56_32_64_0_0_0_0_0_24_0_[0, 64, 50, 45]_[0, 64, 5, 46, 63, 0]
91_91_248_60_0_56_32_64_0_0_0_0_0_24_0_[0, 64, 50, 45]_[0, 64, 5, 46, 63, 0]
92_92_248_60_0_56_32_64_0_0_0_0_0_24_0_[0, 64, 50, 45]_[0, 64, 5, 46, 63, 0]
93_93_248_60_0_56_32_64_0_0_0_0_0_24_0_[0, 64, 50, 45]_[0, 64, 5, 46, 63, 0]
94_94_248_60_0_56_32_64_0_0_0_0_0_24_0_[0, 64, 50, 45]_[0, 64, 5, 46, 63, 0]
95_95_248_60_0_56_32_64_0_0_0_0_0_24_0_[0, 64, 50, 45]_[0, 64, 5, 46, 63, 0]
96_96_248_60_0_56_32_64_0_0_0_0_0_24_0_[0, 64, 50, 45]_[0, 64, 5, 46, 63, 0]
97_97_248_60_0_56_32_64_0_0_0_0_0_24_0_[0, 64, 50, 45]_[0, 64, 5, 46, 63, 0]
98_98_248_60_0_56_32_64_0_0_0_0_0_24_0_[0, 64, 50, 45]_[0, 64, 5, 46, 63, 0]
99_99_248_60_0_56_32_64_0_0_0_0_0_24_0_[0, 64, 50, 45]_[0, 64, 5, 46, 63, 0]
100_100_248_60_0_56_32_64_0_0_0_0_0_24_0_[0, 64, 50, 45]_[0, 64, 5, 46, 63, 0]
101_101_248_60_0_56_32_64_0_0_0_0_0_24_0_[0, 64, 50, 45]_[0, 64, 5, 46, 63, 0]
102_102_248_60_0_56_32_64_0_0_0_0_0_24_0_[0, 64, 50, 45]_[0, 64, 5, 46, 63, 0]
103_103_248_60_0_56_32_64_0_0_0_0_0_24_0_[0, 64, 50, 45]_[0, 64, 5, 46, 63, 0]
104_104_248_60_0_56_32_64_0_0_0_0_0_24_0_[0, 64, 50, 45]_[0, 64, 5, 46, 63, 0]
105_105_248_60_0_56_32_64_0_0_0_0_0_24_0_[0, 64, 50, 45]_[0, 64, 5, 46, 63, 0]
106_106_248_60_0_56_32_64_0_0_0_0_0_24_0_[0, 64, 50, 45]_[0, 64, 5, 46, 63, 0]
107_107_248_60_0_56_32_64_0_0_0_0_0_24_0_[0, 64, 50, 45]_[0, 64, 5, 46, 63, 0]
108_108_248_60_0_56_32_64_0_0_0_0_0_24_0_[0, 64, 50, 45]_[0, 64, 5, 46, 63, 0]
109_109_248_60_0_56_32_64_0_0_0_0_0_24_0_[0, 64, 50, 45]_[0, 64, 5, 46, 63, 0]
110_110_248_60_0_56_32_64_0_0_0_0_0_24_0_[0, 64, 50, 45]_[0, 64, 5, 46, 63, 0]
111_111_248_60_0_56_32_64_0_0_0_0_0_24_0_[0, 64, 50, 45]_[0, 64, 5, 46, 63, 0]
112_112_248_60_0_56_32_64_0_0_0_0_0_24_0_[0, 64, 50, 45]_[0, 64, 5, 46, 63, 0]
113_113_248_60_0_56_32_64_0_0_0_0_0_24_0_[0, 64, 50, 45]_[0, 64, 5, 46, 63, 0]
114_114_248_60_0_56_32_64_0_0_0_0_0_24_0_[0, 64, 50, 45]_[0, 64, 5, 46, 63, 0]
115_115_248_60_0_56_32_64_0_0_0_0_0_24_0_[0, 64, 50, 45]_[0, 64, 5, 46, 63, 0]
116_116_248_60_0_56_32_64_0_0_0_0_0_24_0_[0, 64, 50, 45]_[0, 64, 5, 46, 63, 0]
117_117_248_60_0_56_32_64_0_0_0_0_0_24_0_[0, 64, 50, 45]_[0, 64, 5, 46, 63, 0]
118_118_248_60_0_56_32_64_0_0_0_0_0_24_0_[0, 64, 50, 45]_[0, 64, 5, 46, 63, 0]
119_119_248_60_0_56_32_64_0_0_0_0_0_24_0_[0, 64, 50, 45]_[0, 64, 5, 46, 63, 0]
120_120_248_60_0_56_32_64_0_0_0_0_0_24_0_[0, 64, 50, 45]_[0, 64, 5, 46, 63, 0]
121_121_248_60_0_56_32_64_0_0_0_0_0_24_0_[0, 64, 50, 45]_[0, 64, 5, 46, 63, 0]
122_122_248_60_0_56_32_64_0_0_0_0_0_24_0_[0, 64, 50, 45]_[0, 64, 5, 46, 63, 0]
123_123_248_60_0_56_32_64_0_0_0_0_0_24_0_[0, 64, 50, 45]_[0, 64, 5, 46, 63, 0]
124_124_248_60_0_56_32_64_0_0_0_0_0_24_0_[0, 64, 50, 45]_[0, 64, 5, 46, 63, 0]
125_125_248_60_0_56_32_64_0_0_0_0_0_24_0_[0, 64, 50, 45]_[0, 64, 5, 46, 63, 0]
126_126_248_60_0_56_32_64_0_0_0_0_0_24_0_[0, 64, 50, 45]_[0, 64, 5, 46, 63, 0]
127_127_248_60_0_56_32_64_0_0_0_0_0_24_0_[0, 64, 50, 45]_[0, 64, 5, 46, 63, 0]
