0_0_257_50_0_52_32_64_0_0_0_0_0_24_0_[0, 64, 8, 26, 51, 0]_[0, 64, 9, 24, 50, 0]
1_1_257_50_0_52_32_64_0_0_0_0_0_24_0_[0, 64, 8, 26, 51, 0]_[0, 64, 9, 24, 50, 0]
2_2_257_50_0_52_32_64_0_0_0_0_0_24_0_[0, 64, 8, 26, 51, 0]_[0, 64, 9, 24, 50, 0]
3_3_257_50_0_52_32_64_0_0_0_0_0_24_0_[0, 64, 8, 26, 51, 0]_[0, 64, 9, 24, 50, 0]
4_4_257_50_0_52_32_64_0_0_0_0_0_24_0_[0, 64, 8, 26, 51, 0]_[0, 64, 9, 24, 50, 0]
5_5_257_50_0_52_32_64_0_0_0_0_0_24_0_[0, 64, 8, 26, 51, 0]_[0, 64, 9, 24, 50, 0]
6_6_257_50_0_52_32_64_0_0_0_0_0_24_0_[0, 64, 8, 26, 51, 0]_[0, 64, 9, 24, 50, 0]
7_7_257_50_0_52_32_64_0_0_0_0_0_24_0_[0, 64, 8, 26, 51, 0]_[0, 64, 9, 24, 50, 0]
8_8_257_50_0_52_32_64_0_0_0_0_0_24_0_[0, 64, 8, 26, 51, 0]_[0, 64, 9, 24, 50, 0]
9_9_257_50_0_52_32_64_0_0_0_0_0_24_0_[0, 64, 8, 26, 51, 0]_[0, 64, 9, 24, 50, 0]
10_10_257_50_0_52_32_64_0_0_0_0_0_24_0_[0, 64, 8, 26, 51, 0]_[0, 64, 9, 24, 50, 0]
11_11_257_50_0_52_32_64_0_0_0_0_0_24_0_[0, 64, 8, 26, 51, 0]_[0, 64, 9, 24, 50, 0]
12_12_257_50_0_52_32_64_0_0_0_0_0_24_0_[0, 64, 8, 26, 51, 0]_[0, 64, 9, 24, 50, 0]
13_13_257_50_0_52_32_64_0_0_0_0_0_24_0_[0, 64, 8, 26, 51, 0]_[0, 64, 9, 24, 50, 0]
14_14_257_50_0_52_32_64_0_0_0_0_0_24_0_[0, 64, 8, 26, 51, 0]_[0, 64, 9, 24, 50, 0]
15_15_257_50_0_52_32_64_0_0_0_0_0_24_0_[0, 64, 8, 26, 51, 0]_[0, 64, 9, 24, 50, 0]
16_16_257_50_0_52_32_64_0_0_0_0_0_24_0_[0, 64, 8, 26, 51, 0]_[0, 64, 9, 24, 50, 0]
17_17_257_50_0_52_32_64_0_0_0_0_0_24_0_[0, 64, 8, 26, 51, 0]_[0, 64, 9, 24, 50, 0]
18_18_257_50_0_52_32_64_0_0_0_0_0_24_0_[0, 64, 8, 26, 51, 0]_[0, 64, 9, 24, 50, 0]
19_19_257_50_0_52_32_64_0_0_0_0_0_24_0_[0, 64, 8, 26, 51, 0]_[0, 64, 9, 24, 50, 0]
20_20_257_50_0_52_32_64_0_0_0_0_0_24_0_[0, 64, 8, 26, 51, 0]_[0, 64, 9, 24, 50, 0]
21_21_257_50_0_52_32_64_0_0_0_0_0_24_0_[0, 64, 8, 26, 51, 0]_[0, 64, 9, 24, 50, 0]
22_22_257_50_0_52_32_64_0_0_0_0_0_24_0_[0, 64, 8, 26, 51, 0]_[0, 64, 9, 24, 50, 0]
23_23_257_50_0_52_32_64_0_0_0_0_0_24_0_[0, 64, 8, 26, 51, 0]_[0, 64, 9, 24, 50, 0]
24_24_257_50_0_52_32_64_0_0_0_0_0_24_0_[0, 64, 8, 26, 51, 0]_[0, 64, 9, 24, 50, 0]
25_25_257_50_0_52_32_64_0_0_0_0_0_24_0_[0, 64, 8, 26, 51, 0]_[0, 64, 9, 24, 50, 0]
26_26_257_50_0_52_32_64_0_0_0_0_0_24_0_[0, 64, 8, 26, 51, 0]_[0, 64, 9, 24, 50, 0]
27_27_257_50_0_52_32_64_0_0_0_0_0_24_0_[0, 64, 8, 26, 51, 0]_[0, 64, 9, 24, 50, 0]
28_28_257_50_0_52_32_64_0_0_0_0_0_24_0_[0, 64, 8, 26, 51, 0]_[0, 64, 9, 24, 50, 0]
29_29_257_50_0_52_32_64_0_0_0_0_0_24_0_[0, 64, 8, 26, 51, 0]_[0, 64, 9, 24, 50, 0]
30_30_257_50_0_52_32_64_0_0_0_0_0_24_0_[0, 64, 8, 26, 51, 0]_[0, 64, 9, 24, 50, 0]
31_31_257_50_0_52_32_64_0_0_0_0_0_24_0_[0, 64, 8, 26, 51, 0]_[0, 64, 9, 24, 50, 0]
32_32_257_50_0_52_32_64_0_0_0_0_0_24_0_[0, 64, 8, 26, 51, 0]_[0, 64, 9, 24, 50, 0]
33_33_257_50_0_52_32_64_0_0_0_0_0_24_0_[0, 64, 8, 26, 51, 0]_[0, 64, 9, 24, 50, 0]
34_34_257_50_0_52_32_64_0_0_0_0_0_24_0_[0, 64, 8, 26, 51, 0]_[0, 64, 9, 24, 50, 0]
35_35_257_50_0_52_32_64_0_0_0_0_0_24_0_[0, 64, 8, 26, 51, 0]_[0, 64, 9, 24, 50, 0]
36_36_257_50_0_52_32_64_0_0_0_0_0_24_0_[0, 64, 8, 26, 51, 0]_[0, 64, 9, 24, 50, 0]
37_37_257_50_0_52_32_64_0_0_0_0_0_24_0_[0, 64, 8, 26, 51, 0]_[0, 64, 9, 24, 50, 0]
38_38_257_50_0_52_32_64_0_0_0_0_0_24_0_[0, 64, 8, 26, 51, 0]_[0, 64, 9, 24, 50, 0]
39_39_257_50_0_52_32_64_0_0_0_0_0_24_0_[0, 64, 8, 26, 51, 0]_[0, 64, 9, 24, 50, 0]
40_40_257_50_0_52_32_64_0_0_0_0_0_24_0_[0, 64, 8, 26, 51, 0]_[0, 64, 9, 24, 50, 0]
41_41_257_50_0_52_32_64_0_0_0_0_0_24_0_[0, 64, 8, 26, 51, 0]_[0, 64, 9, 24, 50, 0]
42_42_257_50_0_52_32_64_0_0_0_0_0_24_0_[0, 64, 8, 26, 51, 0]_[0, 64, 9, 24, 50, 0]
43_43_257_50_0_52_32_64_0_0_0_0_0_24_0_[0, 64, 8, 26, 51, 0]_[0, 64, 9, 24, 50, 0]
44_44_257_50_0_52_32_64_0_0_0_0_0_24_0_[0, 64, 8, 26, 51, 0]_[0, 64, 9, 24, 50, 0]
45_45_257_50_0_52_32_64_0_0_0_0_0_24_0_[0, 64, 8, 26, 51, 0]_[0, 64, 9, 24, 50, 0]
46_46_257_50_0_52_32_64_0_0_0_0_0_24_0_[0, 64, 8, 26, 51, 0]_[0, 64, 9, 24, 50, 0]
47_47_257_50_0_52_32_64_0_0_0_0_0_24_0_[0, 64, 8, 26, 51, 0]_[0, 64, 9, 24, 50, 0]
48_48_257_50_0_52_32_64_0_0_0_0_0_24_0_[0, 64, 8, 26, 51, 0]_[0, 64, 9, 24, 50, 0]
49_49_257_50_0_52_32_64_0_0_0_0_0_24_0_[0, 64, 8, 26, 51, 0]_[0, 64, 9, 24, 50, 0]
50_50_257_50_0_52_32_64_0_0_0_0_0_24_0_[0, 64, 8, 26, 51, 0]_[0, 64, 9, 24, 50, 0]
51_51_258_60_0_52_32_64_0_0_0_0_0_24_0_[0, 64, 8, 26, 51, 0]_[0, 64, 9, 24, 50, 0]
52_52_258_60_0_52_32_64_0_0_0_0_0_24_0_[0, 64, 8, 26, 51, 0]_[0, 64, 9, 24, 50, 0]
53_53_258_60_0_52_32_64_0_0_0_0_0_24_0_[0, 64, 8, 26, 51, 0]_[0, 64, 9, 24, 50, 0]
54_54_258_60_0_52_32_64_0_0_0_0_0_24_0_[0, 64, 8, 26, 51, 0]_[0, 64, 9, 24, 50, 0]
55_55_258_60_0_52_32_64_0_0_0_0_0_24_0_[0, 64, 8, 26, 51, 0]_[0, 64, 9, 24, 50, 0]
56_56_258_60_0_52_32_64_0_0_0_0_0_24_0_[0, 64, 8, 26, 51, 0]_[0, 64, 9, 24, 50, 0]
57_57_258_60_0_52_32_64_0_0_0_0_0_24_0_[0, 64, 8, 26, 51, 0]_[0, 64, 9, 24, 50, 0]
58_58_258_60_0_52_32_64_0_0_0_0_0_24_0_[0, 64, 8, 26, 51, 0]_[0, 64, 9, 24, 50, 0]
59_59_258_60_0_52_32_64_0_0_0_0_0_24_0_[0, 64, 8, 26, 51, 0]_[0, 64, 9, 24, 50, 0]
60_60_258_60_0_52_32_64_0_0_0_0_0_24_0_[0, 64, 8, 26, 51, 0]_[0, 64, 9, 24, 50, 0]
61_61_258_60_0_52_32_64_0_0_0_0_0_24_0_[0, 64, 8, 26, 51, 0]_[0, 64, 9, 24, 50, 0]
62_62_258_60_0_52_32_64_0_0_0_0_0_24_0_[0, 64, 8, 26, 51, 0]_[0, 64, 9, 24, 50, 0]
63_63_258_60_0_52_32_64_0_0_0_0_0_24_0_[0, 64, 8, 26, 51, 0]_[0, 64, 9, 24, 50, 0]
64_64_259_69_0_52_32_64_0_0_0_0_0_24_0_[0, 64, 8, 26, 51, 0]_[0, 64, 9, 24, 50, 0]
65_65_259_69_0_52_32_64_0_0_0_0_0_24_0_[0, 64, 8, 26, 51, 0]_[0, 64, 9, 24, 50, 0]
66_66_259_69_0_52_32_64_0_0_0_0_0_24_0_[0, 64, 8, 26, 51, 0]_[0, 64, 9, 24, 50, 0]
67_67_259_69_0_52_32_64_0_0_0_0_0_24_0_[0, 64, 8, 26, 51, 0]_[0, 64, 9, 24, 50, 0]
68_68_259_69_0_52_32_64_0_0_0_0_0_24_0_[0, 64, 8, 26, 51, 0]_[0, 64, 9, 24, 50, 0]
69_69_259_69_0_52_32_64_0_0_0_0_0_24_0_[0, 64, 8, 26, 51, 0]_[0, 64, 9, 24, 50, 0]
70_70_259_69_0_52_32_64_0_0_0_0_0_24_0_[0, 64, 8, 26, 51, 0]_[0, 64, 9, 24, 50, 0]
71_71_259_69_0_52_32_64_0_0_0_0_0_24_0_[0, 64, 8, 26, 51, 0]_[0, 64, 9, 24, 50, 0]
72_72_259_69_0_52_32_64_0_0_0_0_0_24_0_[0, 64, 8, 26, 51, 0]_[0, 64, 9, 24, 50, 0]
73_73_259_69_0_52_32_64_0_0_0_0_0_24_0_[0, 64, 8, 26, 51, 0]_[0, 64, 9, 24, 50, 0]
74_74_259_69_0_52_32_64_0_0_0_0_0_24_0_[0, 64, 8, 26, 51, 0]_[0, 64, 9, 24, 50, 0]
75_75_259_69_0_52_32_64_0_0_0_0_0_24_0_[0, 64, 8, 26, 51, 0]_[0, 64, 9, 24, 50, 0]
76_76_260_76_0_52_32_64_0_0_0_0_0_24_0_[0, 64, 8, 26, 51, 0]_[0, 64, 9, 24, 50, 0]
77_77_260_76_0_52_32_64_0_0_0_0_0_24_0_[0, 64, 8, 26, 51, 0]_[0, 64, 9, 24, 50, 0]
78_78_260_76_0_52_32_64_0_0_0_0_0_24_0_[0, 64, 8, 26, 51, 0]_[0, 64, 9, 24, 50, 0]
79_79_260_76_0_52_32_64_0_0_0_0_0_24_0_[0, 64, 8, 26, 51, 0]_[0, 64, 9, 24, 50, 0]
80_80_260_76_0_52_32_64_0_0_0_0_0_24_0_[0, 64, 8, 26, 51, 0]_[0, 64, 9, 24, 50, 0]
81_81_260_76_0_52_32_64_0_0_0_0_0_24_0_[0, 64, 8, 26, 51, 0]_[0, 64, 9, 24, 50, 0]
82_82_260_76_0_52_32_64_0_0_0_0_0_24_0_[0, 64, 8, 26, 51, 0]_[0, 64, 9, 24, 50, 0]
83_83_260_76_0_52_32_64_0_0_0_0_0_24_0_[0, 64, 8, 26, 51, 0]_[0, 64, 9, 24, 50, 0]
84_84_260_76_0_52_32_64_0_0_0_0_0_24_0_[0, 64, 8, 26, 51, 0]_[0, 64, 9, 24, 50, 0]
85_85_260_76_0_52_32_64_0_0_0_0_0_24_0_[0, 64, 8, 26, 51, 0]_[0, 64, 9, 24, 50, 0]
86_86_260_76_0_52_32_64_0_0_0_0_0_24_0_[0, 64, 8, 26, 51, 0]_[0, 64, 9, 24, 50, 0]
87_87_260_76_0_52_32_64_0_0_0_0_0_24_0_[0, 64, 8, 26, 51, 0]_[0, 64, 9, 24, 50, 0]
88_88_260_76_0_52_32_64_0_0_0_0_0_24_0_[0, 64, 8, 26, 51, 0]_[0, 64, 9, 24, 50, 0]
89_89_260_76_0_52_32_64_0_0_0_0_0_24_0_[0, 64, 8, 26, 51, 0]_[0, 64, 9, 24, 50, 0]
90_90_260_76_0_52_32_64_0_0_0_0_0_24_0_[0, 64, 8, 26, 51, 0]_[0, 64, 9, 24, 50, 0]
91_91_260_76_0_52_32_64_0_0_0_0_0_24_0_[0, 64, 8, 26, 51, 0]_[0, 64, 9, 24, 50, 0]
92_92_260_76_0_52_32_64_0_0_0_0_0_24_0_[0, 64, 8, 26, 51, 0]_[0, 64, 9, 24, 50, 0]
93_93_260_76_0_52_32_64_0_0_0_0_0_24_0_[0, 64, 8, 26, 51, 0]_[0, 64, 9, 24, 50, 0]
94_94_260_76_0_52_32_64_0_0_0_0_0_24_0_[0, 64, 8, 26, 51, 0]_[0, 64, 9, 24, 50, 0]
95_95_260_76_0_52_32_64_0_0_0_0_0_24_0_[0, 64, 8, 26, 51, 0]_[0, 64, 9, 24, 50, 0]
96_96_260_76_0_52_32_64_0_0_0_0_0_24_0_[0, 64, 8, 26, 51, 0]_[0, 64, 9, 24, 50, 0]
97_97_260_76_0_52_32_64_0_0_0_0_0_24_0_[0, 64, 8, 26, 51, 0]_[0, 64, 9, 24, 50, 0]
98_98_260_76_0_52_32_64_0_0_0_0_0_24_0_[0, 64, 8, 26, 51, 0]_[0, 64, 9, 24, 50, 0]
99_99_260_76_0_52_32_64_0_0_0_0_0_24_0_[0, 64, 8, 26, 51, 0]_[0, 64, 9, 24, 50, 0]
100_100_260_76_0_52_32_64_0_0_0_0_0_24_0_[0, 64, 8, 26, 51, 0]_[0, 64, 9, 24, 50, 0]
101_101_260_76_0_52_32_64_0_0_0_0_0_24_0_[0, 64, 8, 26, 51, 0]_[0, 64, 9, 24, 50, 0]
102_102_260_76_0_52_32_64_0_0_0_0_0_24_0_[0, 64, 8, 26, 51, 0]_[0, 64, 9, 24, 50, 0]
103_103_260_76_0_52_32_64_0_0_0_0_0_24_0_[0, 64, 8, 26, 51, 0]_[0, 64, 9, 24, 50, 0]
104_104_260_76_0_52_32_64_0_0_0_0_0_24_0_[0, 64, 8, 26, 51, 0]_[0, 64, 9, 24, 50, 0]
105_105_260_76_0_52_32_64_0_0_0_0_0_24_0_[0, 64, 8, 26, 51, 0]_[0, 64, 9, 24, 50, 0]
106_106_260_76_0_52_32_64_0_0_0_0_0_24_0_[0, 64, 8, 26, 51, 0]_[0, 64, 9, 24, 50, 0]
107_107_260_76_0_52_32_64_0_0_0_0_0_24_0_[0, 64, 8, 26, 51, 0]_[0, 64, 9, 24, 50, 0]
108_108_260_76_0_52_32_64_0_0_0_0_0_24_0_[0, 64, 8, 26, 51, 0]_[0, 64, 9, 24, 50, 0]
109_109_260_76_0_52_32_64_0_0_0_0_0_24_0_[0, 64, 8, 26, 51, 0]_[0, 64, 9, 24, 50, 0]
110_110_260_76_0_52_32_64_0_0_0_0_0_24_0_[0, 64, 8, 26, 51, 0]_[0, 64, 9, 24, 50, 0]
111_111_260_76_0_52_32_64_0_0_0_0_0_24_0_[0, 64, 8, 26, 51, 0]_[0, 64, 9, 24, 50, 0]
112_112_260_76_0_52_32_64_0_0_0_0_0_24_0_[0, 64, 8, 26, 51, 0]_[0, 64, 9, 24, 50, 0]
113_113_260_76_0_52_32_64_0_0_0_0_0_24_0_[0, 64, 8, 26, 51, 0]_[0, 64, 9, 24, 50, 0]
114_114_260_76_0_52_32_64_0_0_0_0_0_24_0_[0, 64, 8, 26, 51, 0]_[0, 64, 9, 24, 50, 0]
115_115_260_76_0_52_32_64_0_0_0_0_0_24_0_[0, 64, 8, 26, 51, 0]_[0, 64, 9, 24, 50, 0]
116_116_260_76_0_52_32_64_0_0_0_0_0_24_0_[0, 64, 8, 26, 51, 0]_[0, 64, 9, 24, 50, 0]
117_117_260_76_0_52_32_64_0_0_0_0_0_24_0_[0, 64, 8, 26, 51, 0]_[0, 64, 9, 24, 50, 0]
118_118_260_76_0_52_32_64_0_0_0_0_0_24_0_[0, 64, 8, 26, 51, 0]_[0, 64, 9, 24, 50, 0]
119_119_260_76_0_52_32_64_0_0_0_0_0_24_0_[0, 64, 8, 26, 51, 0]_[0, 64, 9, 24, 50, 0]
120_120_260_76_0_52_32_64_0_0_0_0_0_24_0_[0, 64, 8, 26, 51, 0]_[0, 64, 9, 24, 50, 0]
121_121_260_76_0_52_32_64_0_0_0_0_0_24_0_[0, 64, 8, 26, 51, 0]_[0, 64, 9, 24, 50, 0]
122_122_260_76_0_52_32_64_0_0_0_0_0_24_0_[0, 64, 8, 26, 51, 0]_[0, 64, 9, 24, 50, 0]
123_123_260_76_0_52_32_64_0_0_0_0_0_24_0_[0, 64, 8, 26, 51, 0]_[0, 64, 9, 24, 50, 0]
124_124_260_76_0_52_32_64_0_0_0_0_0_24_0_[0, 64, 8, 26, 51, 0]_[0, 64, 9, 24, 50, 0]
125_125_260_76_0_52_32_64_0_0_0_0_0_24_0_[0, 64, 8, 26, 51, 0]_[0, 64, 9, 24, 50, 0]
126_126_260_76_0_52_32_64_0_0_0_0_0_24_0_[0, 64, 8, 26, 51, 0]_[0, 64, 9, 24, 50, 0]
127_127_260_76_0_52_32_64_0_0_0_0_0_24_0_[0, 64, 8, 26, 51, 0]_[0, 64, 9, 24, 50, 0]
