0_0_29_59_0_34_32_64_0_12_0_29_0_25_0_null_[0, 64, 9, 17, 24, 0]
1_1_29_59_0_34_32_64_0_12_0_29_0_25_0_null_[0, 64, 9, 17, 24, 0]
2_2_29_59_0_34_32_64_0_12_0_29_0_25_0_null_[0, 64, 9, 17, 24, 0]
3_3_29_59_0_34_32_64_0_12_0_29_0_25_0_null_[0, 64, 9, 17, 24, 0]
4_4_29_59_0_34_32_64_0_12_0_29_0_25_0_null_[0, 64, 9, 17, 24, 0]
5_5_29_59_0_34_32_64_0_12_0_29_0_25_0_null_[0, 64, 9, 17, 24, 0]
6_6_29_59_0_34_32_64_0_12_0_29_0_25_0_null_[0, 64, 9, 17, 24, 0]
7_7_29_59_0_34_32_64_0_12_0_29_0_25_0_null_[0, 64, 9, 17, 24, 0]
8_8_29_59_0_34_32_64_0_12_0_29_0_25_0_null_[0, 64, 9, 17, 24, 0]
9_9_29_59_0_34_32_64_0_12_0_29_0_25_0_null_[0, 64, 9, 17, 24, 0]
10_10_29_59_0_34_32_64_0_12_0_29_0_25_0_null_[0, 64, 9, 17, 24, 0]
11_11_29_59_0_34_32_64_0_12_0_29_0_25_0_null_[0, 64, 9, 17, 24, 0]
12_12_29_59_0_34_32_64_0_12_0_29_0_25_0_null_[0, 64, 9, 17, 24, 0]
13_13_29_59_0_34_32_64_0_12_0_29_0_25_0_null_[0, 64, 9, 17, 24, 0]
14_14_29_59_0_34_32_64_0_12_0_29_0_25_0_null_[0, 64, 9, 17, 24, 0]
15_15_29_59_0_34_32_64_0_12_0_29_0_25_0_null_[0, 64, 9, 17, 24, 0]
16_16_29_59_0_34_32_64_0_12_0_29_0_25_0_null_[0, 64, 9, 17, 24, 0]
17_17_29_59_0_34_32_64_0_12_0_29_0_25_0_null_[0, 64, 9, 17, 24, 0]
18_18_29_59_0_34_32_64_0_12_0_29_0_25_0_null_[0, 64, 9, 17, 24, 0]
19_19_29_59_0_34_32_64_0_12_0_29_0_25_0_null_[0, 64, 9, 17, 24, 0]
20_20_29_59_0_34_32_64_0_12_0_29_0_25_0_null_[0, 64, 9, 17, 24, 0]
21_21_29_59_0_34_32_64_0_12_0_29_0_25_0_null_[0, 64, 9, 17, 24, 0]
22_22_29_59_0_34_32_64_0_12_0_29_0_25_0_null_[0, 64, 9, 17, 24, 0]
23_23_29_59_0_34_32_64_0_12_0_29_0_25_0_null_[0, 64, 9, 17, 24, 0]
24_24_29_59_0_34_32_64_0_12_0_29_0_25_0_null_[0, 64, 9, 17, 24, 0]
25_25_29_59_0_34_32_64_0_12_0_29_0_25_0_null_[0, 64, 9, 17, 24, 0]
26_26_29_59_0_34_32_64_0_12_0_29_0_25_0_null_[0, 64, 9, 17, 24, 0]
27_27_29_59_0_34_32_64_0_12_0_29_0_25_0_null_[0, 64, 9, 17, 24, 0]
28_28_29_59_0_34_32_64_0_12_0_29_0_25_0_null_[0, 64, 9, 17, 24, 0]
29_29_29_59_0_34_32_64_0_12_0_29_0_25_0_null_[0, 64, 9, 17, 24, 0]
30_30_29_59_0_34_32_64_0_12_0_29_0_25_0_null_[0, 64, 9, 17, 24, 0]
31_31_29_59_0_34_32_64_0_12_0_29_0_25_0_null_[0, 64, 9, 17, 24, 0]
32_32_29_59_0_34_32_64_0_12_0_29_0_25_0_null_[0, 64, 9, 17, 24, 0]
33_33_29_59_0_34_32_64_0_12_0_29_0_25_0_null_[0, 64, 9, 17, 24, 0]
34_34_29_59_0_34_32_64_0_12_0_29_0_25_0_null_[0, 64, 9, 17, 24, 0]
35_35_29_59_0_34_32_64_0_12_0_29_0_25_0_null_[0, 64, 9, 17, 24, 0]
36_36_29_59_0_34_32_64_0_12_0_29_0_25_0_null_[0, 64, 9, 17, 24, 0]
37_37_29_59_0_34_32_64_0_12_0_29_0_25_0_null_[0, 64, 9, 17, 24, 0]
38_38_29_59_0_34_32_64_0_12_0_29_0_25_0_null_[0, 64, 9, 17, 24, 0]
39_39_29_59_0_34_32_64_0_12_0_29_0_25_0_null_[0, 64, 9, 17, 24, 0]
40_40_29_59_0_34_32_64_0_12_0_29_0_25_0_null_[0, 64, 9, 17, 24, 0]
41_41_29_59_0_34_32_64_0_12_0_29_0_25_0_null_[0, 64, 9, 17, 24, 0]
42_42_29_59_0_34_32_64_0_12_0_29_0_25_0_null_[0, 64, 9, 17, 24, 0]
43_43_29_59_0_34_32_64_0_12_0_29_0_25_0_null_[0, 64, 9, 17, 24, 0]
44_44_29_59_0_34_32_64_0_12_0_29_0_25_0_null_[0, 64, 9, 17, 24, 0]
45_45_29_59_0_34_32_64_0_12_0_29_0_25_0_null_[0, 64, 9, 17, 24, 0]
46_46_29_59_0_34_32_64_0_12_0_29_0_25_0_null_[0, 64, 9, 17, 24, 0]
47_47_29_59_0_34_32_64_0_12_0_29_0_25_0_null_[0, 64, 9, 17, 24, 0]
48_48_29_59_0_34_32_64_0_12_0_29_0_25_0_null_[0, 64, 9, 17, 24, 0]
49_49_29_59_0_34_32_64_0_12_0_29_0_25_0_null_[0, 64, 9, 17, 24, 0]
50_50_29_59_0_34_32_64_0_12_0_29_0_25_0_null_[0, 64, 9, 17, 24, 0]
51_51_29_59_0_34_32_64_0_12_0_29_0_25_0_null_[0, 64, 9, 17, 24, 0]
52_52_29_59_0_34_32_64_0_12_0_29_0_25_0_null_[0, 64, 9, 17, 24, 0]
53_53_29_59_0_34_32_64_0_12_0_29_0_25_0_null_[0, 64, 9, 17, 24, 0]
54_54_30_66_0_34_32_64_0_12_0_29_0_25_0_null_[0, 64, 9, 17, 24, 0]
55_55_30_66_0_34_32_64_0_12_0_29_0_25_0_null_[0, 64, 9, 17, 24, 0]
56_56_30_66_0_34_32_64_0_12_0_29_0_25_0_null_[0, 64, 9, 17, 24, 0]
57_57_30_66_0_34_32_64_0_12_0_29_0_25_0_null_[0, 64, 9, 17, 24, 0]
58_58_30_66_0_34_32_64_0_12_0_29_0_25_0_null_[0, 64, 9, 17, 24, 0]
59_59_30_66_0_34_32_64_0_12_0_29_0_25_0_null_[0, 64, 9, 17, 24, 0]
60_60_30_66_0_34_32_64_0_12_0_29_0_25_0_null_[0, 64, 9, 17, 24, 0]
61_61_30_66_0_34_32_64_0_12_0_29_0_25_0_null_[0, 64, 9, 17, 24, 0]
62_62_30_66_0_34_32_64_0_12_0_29_0_25_0_null_[0, 64, 9, 17, 24, 0]
63_63_30_66_0_34_32_64_0_12_0_29_0_25_0_null_[0, 64, 9, 17, 24, 0]
64_64_30_66_0_34_32_64_0_12_0_29_0_25_0_null_[0, 64, 9, 17, 24, 0]
65_65_30_66_0_34_32_64_0_12_0_29_0_25_0_null_[0, 64, 9, 17, 24, 0]
66_66_30_66_0_34_32_64_0_12_0_29_0_25_0_null_[0, 64, 9, 17, 24, 0]
67_67_30_66_0_34_32_64_0_12_0_29_0_25_0_null_[0, 64, 9, 17, 24, 0]
68_68_30_66_0_34_32_64_0_12_0_29_0_25_0_null_[0, 64, 9, 17, 24, 0]
69_69_30_66_0_34_32_64_0_12_0_29_0_25_0_null_[0, 64, 9, 17, 24, 0]
70_70_30_66_0_34_32_64_0_12_0_29_0_25_0_null_[0, 64, 9, 17, 24, 0]
71_71_30_66_0_34_32_64_0_12_0_29_0_25_0_null_[0, 64, 9, 17, 24, 0]
72_72_30_66_0_34_32_64_0_12_0_29_0_25_0_null_[0, 64, 9, 17, 24, 0]
73_73_30_66_0_34_32_64_0_12_0_29_0_25_0_null_[0, 64, 9, 17, 24, 0]
74_74_30_66_0_34_32_64_0_12_0_29_0_25_0_null_[0, 64, 9, 17, 24, 0]
75_75_30_66_0_34_32_64_0_12_0_29_0_25_0_null_[0, 64, 9, 17, 24, 0]
76_76_30_66_0_34_32_64_0_12_0_29_0_25_0_null_[0, 64, 9, 17, 24, 0]
77_77_30_66_0_34_32_64_0_12_0_29_0_25_0_null_[0, 64, 9, 17, 24, 0]
78_78_30_66_0_34_32_64_0_12_0_29_0_25_0_null_[0, 64, 9, 17, 24, 0]
79_79_30_66_0_34_32_64_0_12_0_29_0_25_0_null_[0, 64, 9, 17, 24, 0]
80_80_30_66_0_34_32_64_0_12_0_29_0_25_0_null_[0, 64, 9, 17, 24, 0]
81_81_30_66_0_34_32_64_0_12_0_29_0_25_0_null_[0, 64, 9, 17, 24, 0]
82_82_30_66_0_34_32_64_0_12_0_29_0_25_0_null_[0, 64, 9, 17, 24, 0]
83_83_30_66_0_34_32_64_0_12_0_29_0_25_0_null_[0, 64, 9, 17, 24, 0]
84_84_30_66_0_34_32_64_0_12_0_29_0_25_0_null_[0, 64, 9, 17, 24, 0]
85_85_30_66_0_34_32_64_0_12_0_29_0_25_0_null_[0, 64, 9, 17, 24, 0]
86_86_30_66_0_34_32_64_0_12_0_29_0_25_0_null_[0, 64, 9, 17, 24, 0]
87_87_30_66_0_34_32_64_0_12_0_29_0_25_0_null_[0, 64, 9, 17, 24, 0]
88_88_30_66_0_34_32_64_0_12_0_29_0_25_0_null_[0, 64, 9, 17, 24, 0]
89_89_30_66_0_34_32_64_0_12_0_29_0_25_0_null_[0, 64, 9, 17, 24, 0]
90_90_30_66_0_34_32_64_0_12_0_29_0_25_0_null_[0, 64, 9, 17, 24, 0]
91_91_30_66_0_34_32_64_0_12_0_29_0_25_0_null_[0, 64, 9, 17, 24, 0]
92_92_30_66_0_34_32_64_0_12_0_29_0_25_0_null_[0, 64, 9, 17, 24, 0]
93_93_30_66_0_34_32_64_0_12_0_29_0_25_0_null_[0, 64, 9, 17, 24, 0]
94_94_30_66_0_34_32_64_0_12_0_29_0_25_0_null_[0, 64, 9, 17, 24, 0]
95_95_30_66_0_34_32_64_0_12_0_29_0_25_0_null_[0, 64, 9, 17, 24, 0]
96_96_30_66_0_34_32_64_0_12_0_29_0_25_0_null_[0, 64, 9, 17, 24, 0]
97_97_30_66_0_34_32_64_0_12_0_29_0_25_0_null_[0, 64, 9, 17, 24, 0]
98_98_30_66_0_34_32_64_0_12_0_29_0_25_0_null_[0, 64, 9, 17, 24, 0]
99_99_30_66_0_34_32_64_0_12_0_29_0_25_0_null_[0, 64, 9, 17, 24, 0]
100_100_30_66_0_34_32_64_0_12_0_29_0_25_0_null_[0, 64, 9, 17, 24, 0]
101_101_30_66_0_34_32_64_0_12_0_29_0_25_0_null_[0, 64, 9, 17, 24, 0]
102_102_30_66_0_34_32_64_0_12_0_29_0_25_0_null_[0, 64, 9, 17, 24, 0]
103_103_30_66_0_34_32_64_0_12_0_29_0_25_0_null_[0, 64, 9, 17, 24, 0]
104_104_30_66_0_34_32_64_0_12_0_29_0_25_0_null_[0, 64, 9, 17, 24, 0]
105_105_30_66_0_34_32_64_0_12_0_29_0_25_0_null_[0, 64, 9, 17, 24, 0]
106_106_30_66_0_34_32_64_0_12_0_29_0_25_0_null_[0, 64, 9, 17, 24, 0]
107_107_30_66_0_34_32_64_0_12_0_29_0_25_0_null_[0, 64, 9, 17, 24, 0]
108_108_30_66_0_34_32_64_0_12_0_29_0_25_0_null_[0, 64, 9, 17, 24, 0]
109_109_30_66_0_34_32_64_0_12_0_29_0_25_0_null_[0, 64, 9, 17, 24, 0]
110_110_30_66_0_34_32_64_0_12_0_29_0_25_0_null_[0, 64, 9, 17, 24, 0]
111_111_30_66_0_34_32_64_0_12_0_29_0_25_0_null_[0, 64, 9, 17, 24, 0]
112_112_30_66_0_34_32_64_0_12_0_29_0_25_0_null_[0, 64, 9, 17, 24, 0]
113_113_30_66_0_34_32_64_0_12_0_29_0_25_0_null_[0, 64, 9, 17, 24, 0]
114_114_30_66_0_34_32_64_0_12_0_29_0_25_0_null_[0, 64, 9, 17, 24, 0]
115_115_30_66_0_34_32_64_0_12_0_29_0_25_0_null_[0, 64, 9, 17, 24, 0]
116_116_30_66_0_34_32_64_0_12_0_29_0_25_0_null_[0, 64, 9, 17, 24, 0]
117_117_30_66_0_34_32_64_0_12_0_29_0_25_0_null_[0, 64, 9, 17, 24, 0]
118_118_30_66_0_34_32_64_0_12_0_29_0_25_0_null_[0, 64, 9, 17, 24, 0]
119_119_30_66_0_34_32_64_0_12_0_29_0_25_0_null_[0, 64, 9, 17, 24, 0]
120_120_30_66_0_34_32_64_0_12_0_29_0_25_0_null_[0, 64, 9, 17, 24, 0]
121_121_30_66_0_34_32_64_0_12_0_29_0_25_0_null_[0, 64, 9, 17, 24, 0]
122_122_30_66_0_34_32_64_0_12_0_29_0_25_0_null_[0, 64, 9, 17, 24, 0]
123_123_30_66_0_34_32_64_0_12_0_29_0_25_0_null_[0, 64, 9, 17, 24, 0]
124_124_30_66_0_34_32_64_0_12_0_29_0_25_0_null_[0, 64, 9, 17, 24, 0]
125_125_30_66_0_34_32_64_0_12_0_29_0_25_0_null_[0, 64, 9, 17, 24, 0]
126_126_30_66_0_34_32_64_0_12_0_29_0_25_0_null_[0, 64, 9, 17, 24, 0]
127_127_30_66_0_34_32_64_0_12_0_29_0_25_0_null_[0, 64, 9, 17, 24, 0]
