0_0_269_43_0_52_46_64_0_0_0_0_0_24_0_null_[0, 64, 3, 0]
1_1_269_43_0_52_46_64_0_0_0_0_0_24_0_null_[0, 64, 3, 0]
2_2_269_43_0_52_46_64_0_0_0_0_0_24_0_null_[0, 64, 3, 0]
3_3_269_43_0_52_46_64_0_0_0_0_0_24_0_null_[0, 64, 3, 0]
4_4_269_43_0_52_46_64_0_0_0_0_0_24_0_null_[0, 64, 3, 0]
5_5_269_43_0_52_46_64_0_0_0_0_0_24_0_null_[0, 64, 3, 0]
6_6_269_43_0_52_46_64_0_0_0_0_0_24_0_null_[0, 64, 3, 0]
7_7_269_43_0_52_46_64_0_0_0_0_0_24_0_null_[0, 64, 3, 0]
8_8_269_43_0_52_46_64_0_0_0_0_0_24_0_null_[0, 64, 3, 0]
9_9_269_43_0_52_46_64_0_0_0_0_0_24_0_null_[0, 64, 3, 0]
10_10_269_43_0_52_46_64_0_0_0_0_0_24_0_null_[0, 64, 3, 0]
11_11_269_43_0_52_46_64_0_0_0_0_0_24_0_null_[0, 64, 3, 0]
12_12_269_43_0_52_46_64_0_0_0_0_0_24_0_null_[0, 64, 3, 0]
13_13_269_43_0_52_46_64_0_0_0_0_0_24_0_null_[0, 64, 3, 0]
14_14_269_43_0_52_46_64_0_0_0_0_0_24_0_null_[0, 64, 3, 0]
15_15_269_43_0_52_46_64_0_0_0_0_0_24_0_null_[0, 64, 3, 0]
16_16_269_43_0_52_46_64_0_0_0_0_0_24_0_null_[0, 64, 3, 0]
17_17_269_43_0_52_46_64_0_0_0_0_0_24_0_null_[0, 64, 3, 0]
18_18_269_43_0_52_46_64_0_0_0_0_0_24_0_null_[0, 64, 3, 0]
19_19_269_43_0_52_46_64_0_0_0_0_0_24_0_null_[0, 64, 3, 0]
20_20_269_43_0_52_46_64_0_0_0_0_0_24_0_null_[0, 64, 3, 0]
21_21_269_43_0_52_46_64_0_0_0_0_0_24_0_null_[0, 64, 3, 0]
22_22_269_43_0_52_46_64_0_0_0_0_0_24_0_null_[0, 64, 3, 0]
23_23_269_43_0_52_46_64_0_0_0_0_0_24_0_null_[0, 64, 3, 0]
24_24_269_43_0_52_46_64_0_0_0_0_0_24_0_null_[0, 64, 3, 0]
25_25_269_43_0_52_46_64_0_0_0_0_0_24_0_null_[0, 64, 3, 0]
26_26_269_43_0_52_46_64_0_0_0_0_0_24_0_null_[0, 64, 3, 0]
27_27_269_43_0_52_46_64_0_0_0_0_0_24_0_null_[0, 64, 3, 0]
28_28_269_43_0_52_46_64_0_0_0_0_0_24_0_null_[0, 64, 3, 0]
29_29_269_43_0_52_46_64_0_0_0_0_0_24_0_null_[0, 64, 3, 0]
30_30_269_43_0_52_46_64_0_0_0_0_0_24_0_null_[0, 64, 3, 0]
31_31_269_43_0_52_46_64_0_0_0_0_0_24_0_null_[0, 64, 3, 0]
32_32_269_43_0_52_46_64_0_0_0_0_0_24_0_null_[0, 64, 3, 0]
33_33_269_43_0_52_46_64_0_0_0_0_0_24_0_null_[0, 64, 3, 0]
34_34_269_43_0_52_46_64_0_0_0_0_0_24_0_null_[0, 64, 3, 0]
35_35_269_43_0_52_46_64_0_0_0_0_0_24_0_null_[0, 64, 3, 0]
36_36_269_43_0_52_46_64_0_0_0_0_0_24_0_null_[0, 64, 3, 0]
37_37_269_43_0_52_46_64_0_0_0_0_0_24_0_null_[0, 64, 3, 0]
38_38_269_43_0_52_46_64_0_0_0_0_0_24_0_null_[0, 64, 3, 0]
39_39_269_43_0_52_46_64_0_0_0_0_0_24_0_null_[0, 64, 3, 0]
40_40_269_43_0_52_46_64_0_0_0_0_0_24_0_null_[0, 64, 3, 0]
41_41_269_43_0_52_46_64_0_0_0_0_0_24_0_null_[0, 64, 3, 0]
42_42_269_43_0_52_46_64_0_0_0_0_0_24_0_null_[0, 64, 3, 0]
43_43_269_43_0_52_46_64_0_0_0_0_0_24_0_null_[0, 64, 3, 0]
44_44_269_43_0_52_46_64_0_0_0_0_0_24_0_null_[0, 64, 3, 0]
45_45_269_43_0_52_46_64_0_0_0_0_0_24_0_null_[0, 64, 3, 0]
46_46_269_43_0_52_46_64_0_0_0_0_0_24_0_null_[0, 64, 3, 0]
47_47_269_43_0_52_46_64_0_0_0_0_0_24_0_null_[0, 64, 3, 0]
48_48_270_64_0_52_46_64_0_0_0_0_0_24_0_null_[0, 64, 3, 0]
49_49_270_64_0_52_46_64_0_0_0_0_0_24_0_null_[0, 64, 3, 0]
50_50_270_64_0_52_46_64_0_0_0_0_0_24_0_null_[0, 64, 3, 0]
51_51_270_64_0_52_46_64_0_0_0_0_0_24_0_null_[0, 64, 3, 0]
52_52_270_64_0_52_46_64_0_0_0_0_0_24_0_null_[0, 64, 3, 0]
53_53_270_64_0_52_46_64_0_0_0_0_0_24_0_null_[0, 64, 3, 0]
54_54_270_64_0_52_46_64_0_0_0_0_0_24_0_null_[0, 64, 3, 0]
55_55_270_64_0_52_46_64_0_0_0_0_0_24_0_null_[0, 64, 3, 0]
56_56_270_64_0_52_46_64_0_0_0_0_0_24_0_null_[0, 64, 3, 0]
57_57_270_64_0_52_46_64_0_0_0_0_0_24_0_null_[0, 64, 3, 0]
58_58_270_64_0_52_46_64_0_0_0_0_0_24_0_null_[0, 64, 3, 0]
59_59_270_64_0_52_46_64_0_0_0_0_0_24_0_null_[0, 64, 3, 0]
60_60_270_64_0_52_46_64_0_0_0_0_0_24_0_null_[0, 64, 3, 0]
61_61_270_64_0_52_46_64_0_0_0_0_0_24_0_null_[0, 64, 3, 0]
62_62_270_64_0_52_46_64_0_0_0_0_0_24_0_null_[0, 64, 3, 0]
63_63_270_64_0_52_46_64_0_0_0_0_0_24_0_null_[0, 64, 3, 0]
64_64_270_64_0_52_46_64_0_0_0_0_0_24_0_null_[0, 64, 3, 0]
65_65_270_64_0_52_46_64_0_0_0_0_0_24_0_null_[0, 64, 3, 0]
66_66_270_64_0_52_46_64_0_0_0_0_0_24_0_null_[0, 64, 3, 0]
67_67_271_67_0_52_46_64_0_0_0_0_0_24_0_null_[0, 64, 3, 0]
68_68_271_67_0_52_46_64_0_0_0_0_0_24_0_null_[0, 64, 3, 0]
69_69_271_67_0_52_46_64_0_0_0_0_0_24_0_null_[0, 64, 3, 0]
70_70_271_67_0_52_46_64_0_0_0_0_0_24_0_null_[0, 64, 3, 0]
71_71_271_67_0_52_46_64_0_0_0_0_0_24_0_null_[0, 64, 3, 0]
72_72_271_67_0_52_46_64_0_0_0_0_0_24_0_null_[0, 64, 3, 0]
73_73_271_67_0_52_46_64_0_0_0_0_0_24_0_null_[0, 64, 3, 0]
74_74_271_67_0_52_46_64_0_0_0_0_0_24_0_null_[0, 64, 3, 0]
75_75_271_67_0_52_46_64_0_0_0_0_0_24_0_null_[0, 64, 3, 0]
76_76_271_67_0_52_46_64_0_0_0_0_0_24_0_null_[0, 64, 3, 0]
77_77_271_67_0_52_46_64_0_0_0_0_0_24_0_null_[0, 64, 3, 0]
78_78_272_78_0_52_46_64_0_0_0_0_0_24_0_null_[0, 64, 3, 0]
79_79_272_78_0_52_46_64_0_0_0_0_0_24_0_null_[0, 64, 3, 0]
80_80_272_78_0_52_46_64_0_0_0_0_0_24_0_null_[0, 64, 3, 0]
81_81_272_78_0_52_46_64_0_0_0_0_0_24_0_null_[0, 64, 3, 0]
82_82_272_78_0_52_46_64_0_0_0_0_0_24_0_null_[0, 64, 3, 0]
83_83_273_96_0_52_46_64_0_0_0_0_0_24_0_null_[0, 64, 3, 0]
84_84_273_96_0_52_46_64_0_0_0_0_0_24_0_null_[0, 64, 3, 0]
85_85_273_96_0_52_46_64_0_0_0_0_0_24_0_null_[0, 64, 3, 0]
86_86_273_96_0_52_46_64_0_0_0_0_0_24_0_null_[0, 64, 3, 0]
87_87_273_96_0_52_46_64_0_0_0_0_0_24_0_null_[0, 64, 3, 0]
88_88_273_96_0_52_46_64_0_0_0_0_0_24_0_null_[0, 64, 3, 0]
89_89_273_96_0_52_46_64_0_0_0_0_0_24_0_null_[0, 64, 3, 0]
90_90_273_96_0_52_46_64_0_0_0_0_0_24_0_null_[0, 64, 3, 0]
91_91_273_96_0_52_46_64_0_0_0_0_0_24_0_null_[0, 64, 3, 0]
92_92_273_96_0_52_46_64_0_0_0_0_0_24_0_null_[0, 64, 3, 0]
93_93_273_96_0_52_46_64_0_0_0_0_0_24_0_null_[0, 64, 3, 0]
94_94_273_96_0_52_46_64_0_0_0_0_0_24_0_null_[0, 64, 3, 0]
95_95_273_96_0_52_46_64_0_0_0_0_0_24_0_null_[0, 64, 3, 0]
96_96_273_96_0_52_46_64_0_0_0_0_0_24_0_null_[0, 64, 3, 0]
97_97_273_96_0_52_46_64_0_0_0_0_0_24_0_null_[0, 64, 3, 0]
98_98_273_96_0_52_46_64_0_0_0_0_0_24_0_null_[0, 64, 3, 0]
99_99_273_96_0_52_46_64_0_0_0_0_0_24_0_null_[0, 64, 3, 0]
100_100_273_96_0_52_46_64_0_0_0_0_0_24_0_null_[0, 64, 3, 0]
101_101_273_96_0_52_46_64_0_0_0_0_0_24_0_null_[0, 64, 3, 0]
102_102_273_96_0_52_46_64_0_0_0_0_0_24_0_null_[0, 64, 3, 0]
103_103_273_96_0_52_46_64_0_0_0_0_0_24_0_null_[0, 64, 3, 0]
104_104_273_96_0_52_46_64_0_0_0_0_0_24_0_null_[0, 64, 3, 0]
105_105_273_96_0_52_46_64_0_0_0_0_0_24_0_null_[0, 64, 3, 0]
106_106_273_96_0_52_46_64_0_0_0_0_0_24_0_null_[0, 64, 3, 0]
107_107_273_96_0_52_46_64_0_0_0_0_0_24_0_null_[0, 64, 3, 0]
108_108_273_96_0_52_46_64_0_0_0_0_0_24_0_null_[0, 64, 3, 0]
109_109_273_96_0_52_46_64_0_0_0_0_0_24_0_null_[0, 64, 3, 0]
110_110_273_96_0_52_46_64_0_0_0_0_0_24_0_null_[0, 64, 3, 0]
111_111_273_96_0_52_46_64_0_0_0_0_0_24_0_null_[0, 64, 3, 0]
112_112_273_96_0_52_46_64_0_0_0_0_0_24_0_null_[0, 64, 3, 0]
113_113_273_96_0_52_46_64_0_0_0_0_0_24_0_null_[0, 64, 3, 0]
114_114_273_96_0_52_46_64_0_0_0_0_0_24_0_null_[0, 64, 3, 0]
115_115_273_96_0_52_46_64_0_0_0_0_0_24_0_null_[0, 64, 3, 0]
116_116_273_96_0_52_46_64_0_0_0_0_0_24_0_null_[0, 64, 3, 0]
117_117_273_96_0_52_46_64_0_0_0_0_0_24_0_null_[0, 64, 3, 0]
118_118_273_96_0_52_46_64_0_0_0_0_0_24_0_null_[0, 64, 3, 0]
119_119_273_96_0_52_46_64_0_0_0_0_0_24_0_null_[0, 64, 3, 0]
120_120_273_96_0_52_46_64_0_0_0_0_0_24_0_null_[0, 64, 3, 0]
121_121_273_96_0_52_46_64_0_0_0_0_0_24_0_null_[0, 64, 3, 0]
122_122_273_96_0_52_46_64_0_0_0_0_0_24_0_null_[0, 64, 3, 0]
123_123_273_96_0_52_46_64_0_0_0_0_0_24_0_null_[0, 64, 3, 0]
124_124_273_96_0_52_46_64_0_0_0_0_0_24_0_null_[0, 64, 3, 0]
125_125_273_96_0_52_46_64_0_0_0_0_0_24_0_null_[0, 64, 3, 0]
126_126_273_96_0_52_46_64_0_0_0_0_0_24_0_null_[0, 64, 3, 0]
127_127_273_96_0_52_46_64_0_0_0_0_0_24_0_null_[0, 64, 3, 0]
