0_0_276_53_0_45_32_64_0_43_0_0_0_24_0_null_[0, 64, 7, 0]
1_1_276_53_0_45_32_64_0_43_0_0_0_24_0_null_[0, 64, 7, 0]
2_2_276_53_0_45_32_64_0_43_0_0_0_24_0_null_[0, 64, 7, 0]
3_3_276_53_0_45_32_64_0_43_0_0_0_24_0_null_[0, 64, 7, 0]
4_4_276_53_0_45_32_64_0_43_0_0_0_24_0_null_[0, 64, 7, 0]
5_5_276_53_0_45_32_64_0_43_0_0_0_24_0_null_[0, 64, 7, 0]
6_6_276_53_0_45_32_64_0_43_0_0_0_24_0_null_[0, 64, 7, 0]
7_7_276_53_0_45_32_64_0_43_0_0_0_24_0_null_[0, 64, 7, 0]
8_8_276_53_0_45_32_64_0_43_0_0_0_24_0_null_[0, 64, 7, 0]
9_9_276_53_0_45_32_64_0_43_0_0_0_24_0_null_[0, 64, 7, 0]
10_10_276_53_0_45_32_64_0_43_0_0_0_24_0_null_[0, 64, 7, 0]
11_11_276_53_0_45_32_64_0_43_0_0_0_24_0_null_[0, 64, 7, 0]
12_12_276_53_0_45_32_64_0_43_0_0_0_24_0_null_[0, 64, 7, 0]
13_13_276_53_0_45_32_64_0_43_0_0_0_24_0_null_[0, 64, 7, 0]
14_14_276_53_0_45_32_64_0_43_0_0_0_24_0_null_[0, 64, 7, 0]
15_15_276_53_0_45_32_64_0_43_0_0_0_24_0_null_[0, 64, 7, 0]
16_16_276_53_0_45_32_64_0_43_0_0_0_24_0_null_[0, 64, 7, 0]
17_17_276_53_0_45_32_64_0_43_0_0_0_24_0_null_[0, 64, 7, 0]
18_18_276_53_0_45_32_64_0_43_0_0_0_24_0_null_[0, 64, 7, 0]
19_19_276_53_0_45_32_64_0_43_0_0_0_24_0_null_[0, 64, 7, 0]
20_20_276_53_0_45_32_64_0_43_0_0_0_24_0_null_[0, 64, 7, 0]
21_21_276_53_0_45_32_64_0_43_0_0_0_24_0_null_[0, 64, 7, 0]
22_22_276_53_0_45_32_64_0_43_0_0_0_24_0_null_[0, 64, 7, 0]
23_23_276_53_0_45_32_64_0_43_0_0_0_24_0_null_[0, 64, 7, 0]
24_24_276_53_0_45_32_64_0_43_0_0_0_24_0_null_[0, 64, 7, 0]
25_25_276_53_0_45_32_64_0_43_0_0_0_24_0_null_[0, 64, 7, 0]
26_26_276_53_0_45_32_64_0_43_0_0_0_24_0_null_[0, 64, 7, 0]
27_27_276_53_0_45_32_64_0_43_0_0_0_24_0_null_[0, 64, 7, 0]
28_28_276_53_0_45_32_64_0_43_0_0_0_24_0_null_[0, 64, 7, 0]
29_29_276_53_0_45_32_64_0_43_0_0_0_24_0_null_[0, 64, 7, 0]
30_30_276_53_0_45_32_64_0_43_0_0_0_24_0_null_[0, 64, 7, 0]
31_31_276_53_0_45_32_64_0_43_0_0_0_24_0_null_[0, 64, 7, 0]
32_32_276_53_0_45_32_64_0_43_0_0_0_24_0_null_[0, 64, 7, 0]
33_33_276_53_0_45_32_64_0_43_0_0_0_24_0_null_[0, 64, 7, 0]
34_34_276_53_0_45_32_64_0_43_0_0_0_24_0_null_[0, 64, 7, 0]
35_35_276_53_0_45_32_64_0_43_0_0_0_24_0_null_[0, 64, 7, 0]
36_36_276_53_0_45_32_64_0_43_0_0_0_24_0_null_[0, 64, 7, 0]
37_37_276_53_0_45_32_64_0_43_0_0_0_24_0_null_[0, 64, 7, 0]
38_38_276_53_0_45_32_64_0_43_0_0_0_24_0_null_[0, 64, 7, 0]
39_39_276_53_0_45_32_64_0_43_0_0_0_24_0_null_[0, 64, 7, 0]
40_40_276_53_0_45_32_64_0_43_0_0_0_24_0_null_[0, 64, 7, 0]
41_41_276_53_0_45_32_64_0_43_0_0_0_24_0_null_[0, 64, 7, 0]
42_42_276_53_0_45_32_64_0_43_0_0_0_24_0_null_[0, 64, 7, 0]
43_43_276_53_0_45_32_64_0_43_0_0_0_24_0_null_[0, 64, 7, 0]
44_44_276_53_0_45_32_64_0_43_0_0_0_24_0_null_[0, 64, 7, 0]
45_45_276_53_0_45_32_64_0_43_0_0_0_24_0_null_[0, 64, 7, 0]
46_46_276_53_0_45_32_64_0_43_0_0_0_24_0_null_[0, 64, 7, 0]
47_47_276_53_0_45_32_64_0_43_0_0_0_24_0_null_[0, 64, 7, 0]
48_48_276_53_0_45_32_64_0_43_0_0_0_24_0_null_[0, 64, 7, 0]
49_49_276_53_0_45_32_64_0_43_0_0_0_24_0_null_[0, 64, 7, 0]
50_50_276_53_0_45_32_64_0_43_0_0_0_24_0_null_[0, 64, 7, 0]
51_51_276_53_0_45_32_64_0_43_0_0_0_24_0_null_[0, 64, 7, 0]
52_52_276_53_0_45_32_64_0_43_0_0_0_24_0_null_[0, 64, 7, 0]
53_53_276_53_0_45_32_64_0_43_0_0_0_24_0_null_[0, 64, 7, 0]
54_54_276_53_0_45_32_64_0_43_0_0_0_24_0_null_[0, 64, 7, 0]
55_55_276_53_0_45_32_64_0_43_0_0_0_24_0_null_[0, 64, 7, 0]
56_56_276_53_0_45_32_64_0_43_0_0_0_24_0_null_[0, 64, 7, 0]
57_57_276_53_0_45_32_64_0_43_0_0_0_24_0_null_[0, 64, 7, 0]
58_58_276_53_0_45_32_64_0_43_0_0_0_24_0_null_[0, 64, 7, 0]
59_59_276_53_0_45_32_64_0_43_0_0_0_24_0_null_[0, 64, 7, 0]
60_60_276_53_0_45_32_64_0_43_0_0_0_24_0_null_[0, 64, 7, 0]
61_61_276_53_0_45_32_64_0_43_0_0_0_24_0_null_[0, 64, 7, 0]
62_62_276_53_0_45_32_64_0_43_0_0_0_24_0_null_[0, 64, 7, 0]
63_63_276_53_0_45_32_64_0_43_0_0_0_24_0_null_[0, 64, 7, 0]
64_64_276_53_0_45_32_64_0_43_0_0_0_24_0_null_[0, 64, 7, 0]
65_65_276_53_0_45_32_64_0_43_0_0_0_24_0_null_[0, 64, 7, 0]
66_66_276_53_0_45_32_64_0_43_0_0_0_24_0_null_[0, 64, 7, 0]
67_67_276_53_0_45_32_64_0_43_0_0_0_24_0_null_[0, 64, 7, 0]
68_68_276_53_0_45_32_64_0_43_0_0_0_24_0_null_[0, 64, 7, 0]
69_69_276_53_0_45_32_64_0_43_0_0_0_24_0_null_[0, 64, 7, 0]
70_70_276_53_0_45_32_64_0_43_0_0_0_24_0_null_[0, 64, 7, 0]
71_71_276_53_0_45_32_64_0_43_0_0_0_24_0_null_[0, 64, 7, 0]
72_72_276_53_0_45_32_64_0_43_0_0_0_24_0_null_[0, 64, 7, 0]
73_73_276_53_0_45_32_64_0_43_0_0_0_24_0_null_[0, 64, 7, 0]
74_74_276_53_0_45_32_64_0_43_0_0_0_24_0_null_[0, 64, 7, 0]
75_75_276_53_0_45_32_64_0_43_0_0_0_24_0_null_[0, 64, 7, 0]
76_76_276_53_0_45_32_64_0_43_0_0_0_24_0_null_[0, 64, 7, 0]
77_77_276_53_0_45_32_64_0_43_0_0_0_24_0_null_[0, 64, 7, 0]
78_78_276_53_0_45_32_64_0_43_0_0_0_24_0_null_[0, 64, 7, 0]
79_79_276_53_0_45_32_64_0_43_0_0_0_24_0_null_[0, 64, 7, 0]
80_80_276_53_0_45_32_64_0_43_0_0_0_24_0_null_[0, 64, 7, 0]
81_81_276_53_0_45_32_64_0_43_0_0_0_24_0_null_[0, 64, 7, 0]
82_82_276_53_0_45_32_64_0_43_0_0_0_24_0_null_[0, 64, 7, 0]
83_83_276_53_0_45_32_64_0_43_0_0_0_24_0_null_[0, 64, 7, 0]
84_84_276_53_0_45_32_64_0_43_0_0_0_24_0_null_[0, 64, 7, 0]
85_85_276_53_0_45_32_64_0_43_0_0_0_24_0_null_[0, 64, 7, 0]
86_86_276_53_0_45_32_64_0_43_0_0_0_24_0_null_[0, 64, 7, 0]
87_87_276_53_0_45_32_64_0_43_0_0_0_24_0_null_[0, 64, 7, 0]
88_88_276_53_0_45_32_64_0_43_0_0_0_24_0_null_[0, 64, 7, 0]
89_89_276_53_0_45_32_64_0_43_0_0_0_24_0_null_[0, 64, 7, 0]
90_90_276_53_0_45_32_64_0_43_0_0_0_24_0_null_[0, 64, 7, 0]
91_91_276_53_0_45_32_64_0_43_0_0_0_24_0_null_[0, 64, 7, 0]
92_92_276_53_0_45_32_64_0_43_0_0_0_24_0_null_[0, 64, 7, 0]
93_93_276_53_0_45_32_64_0_43_0_0_0_24_0_null_[0, 64, 7, 0]
94_94_276_53_0_45_32_64_0_43_0_0_0_24_0_null_[0, 64, 7, 0]
95_95_276_53_0_45_32_64_0_43_0_0_0_24_0_null_[0, 64, 7, 0]
96_96_276_53_0_45_32_64_0_43_0_0_0_24_0_null_[0, 64, 7, 0]
97_97_276_53_0_45_32_64_0_43_0_0_0_24_0_null_[0, 64, 7, 0]
98_98_276_53_0_45_32_64_0_43_0_0_0_24_0_null_[0, 64, 7, 0]
99_99_276_53_0_45_32_64_0_43_0_0_0_24_0_null_[0, 64, 7, 0]
100_100_276_53_0_45_32_64_0_43_0_0_0_24_0_null_[0, 64, 7, 0]
101_101_276_53_0_45_32_64_0_43_0_0_0_24_0_null_[0, 64, 7, 0]
102_102_276_53_0_45_32_64_0_43_0_0_0_24_0_null_[0, 64, 7, 0]
103_103_276_53_0_45_32_64_0_43_0_0_0_24_0_null_[0, 64, 7, 0]
104_104_276_53_0_45_32_64_0_43_0_0_0_24_0_null_[0, 64, 7, 0]
105_105_276_53_0_45_32_64_0_43_0_0_0_24_0_null_[0, 64, 7, 0]
106_106_276_53_0_45_32_64_0_43_0_0_0_24_0_null_[0, 64, 7, 0]
107_107_276_53_0_45_32_64_0_43_0_0_0_24_0_null_[0, 64, 7, 0]
108_108_276_53_0_45_32_64_0_43_0_0_0_24_0_null_[0, 64, 7, 0]
109_109_276_53_0_45_32_64_0_43_0_0_0_24_0_null_[0, 64, 7, 0]
110_110_276_53_0_45_32_64_0_43_0_0_0_24_0_null_[0, 64, 7, 0]
111_111_276_53_0_45_32_64_0_43_0_0_0_24_0_null_[0, 64, 7, 0]
112_112_276_53_0_45_32_64_0_43_0_0_0_24_0_null_[0, 64, 7, 0]
113_113_276_53_0_45_32_64_0_43_0_0_0_24_0_null_[0, 64, 7, 0]
114_114_276_53_0_45_32_64_0_43_0_0_0_24_0_null_[0, 64, 7, 0]
115_115_276_53_0_45_32_64_0_43_0_0_0_24_0_null_[0, 64, 7, 0]
116_116_276_53_0_45_32_64_0_43_0_0_0_24_0_null_[0, 64, 7, 0]
117_117_276_53_0_45_32_64_0_43_0_0_0_24_0_null_[0, 64, 7, 0]
118_118_276_53_0_45_32_64_0_43_0_0_0_24_0_null_[0, 64, 7, 0]
119_119_276_53_0_45_32_64_0_43_0_0_0_24_0_null_[0, 64, 7, 0]
120_120_276_53_0_45_32_64_0_43_0_0_0_24_0_null_[0, 64, 7, 0]
121_121_276_53_0_45_32_64_0_43_0_0_0_24_0_null_[0, 64, 7, 0]
122_122_276_53_0_45_32_64_0_43_0_0_0_24_0_null_[0, 64, 7, 0]
123_123_276_53_0_45_32_64_0_43_0_0_0_24_0_null_[0, 64, 7, 0]
124_124_276_53_0_45_32_64_0_43_0_0_0_24_0_null_[0, 64, 7, 0]
125_125_276_53_0_45_32_64_0_43_0_0_0_24_0_null_[0, 64, 7, 0]
126_126_276_53_0_45_32_64_0_43_0_0_0_24_0_null_[0, 64, 7, 0]
127_127_276_53_0_45_32_64_0_43_0_0_0_24_0_null_[0, 64, 7, 0]
