0_0_277_74_0_46_32_64_0_8_0_0_0_24_0_null_[0, 64, 5, 41, 13, 26, 25, 14, 50, 0]
1_1_277_74_0_46_32_64_0_8_0_0_0_24_0_null_[0, 64, 5, 41, 13, 26, 25, 14, 50, 0]
2_2_277_74_0_46_32_64_0_8_0_0_0_24_0_null_[0, 64, 5, 41, 13, 26, 25, 14, 50, 0]
3_3_277_74_0_46_32_64_0_8_0_0_0_24_0_null_[0, 64, 5, 41, 13, 26, 25, 14, 50, 0]
4_4_277_74_0_46_32_64_0_8_0_0_0_24_0_null_[0, 64, 5, 41, 13, 26, 25, 14, 50, 0]
5_5_277_74_0_46_32_64_0_8_0_0_0_24_0_null_[0, 64, 5, 41, 13, 26, 25, 14, 50, 0]
6_6_277_74_0_46_32_64_0_8_0_0_0_24_0_null_[0, 64, 5, 41, 13, 26, 25, 14, 50, 0]
7_7_277_74_0_46_32_64_0_8_0_0_0_24_0_null_[0, 64, 5, 41, 13, 26, 25, 14, 50, 0]
8_8_277_74_0_46_32_64_0_8_0_0_0_24_0_null_[0, 64, 5, 41, 13, 26, 25, 14, 50, 0]
9_9_277_74_0_46_32_64_0_8_0_0_0_24_0_null_[0, 64, 5, 41, 13, 26, 25, 14, 50, 0]
10_10_277_74_0_46_32_64_0_8_0_0_0_24_0_null_[0, 64, 5, 41, 13, 26, 25, 14, 50, 0]
11_11_277_74_0_46_32_64_0_8_0_0_0_24_0_null_[0, 64, 5, 41, 13, 26, 25, 14, 50, 0]
12_12_277_74_0_46_32_64_0_8_0_0_0_24_0_null_[0, 64, 5, 41, 13, 26, 25, 14, 50, 0]
13_13_277_74_0_46_32_64_0_8_0_0_0_24_0_null_[0, 64, 5, 41, 13, 26, 25, 14, 50, 0]
14_14_277_74_0_46_32_64_0_8_0_0_0_24_0_null_[0, 64, 5, 41, 13, 26, 25, 14, 50, 0]
15_15_277_74_0_46_32_64_0_8_0_0_0_24_0_null_[0, 64, 5, 41, 13, 26, 25, 14, 50, 0]
16_16_277_74_0_46_32_64_0_8_0_0_0_24_0_null_[0, 64, 5, 41, 13, 26, 25, 14, 50, 0]
17_17_277_74_0_46_32_64_0_8_0_0_0_24_0_null_[0, 64, 5, 41, 13, 26, 25, 14, 50, 0]
18_18_277_74_0_46_32_64_0_8_0_0_0_24_0_null_[0, 64, 5, 41, 13, 26, 25, 14, 50, 0]
19_19_277_74_0_46_32_64_0_8_0_0_0_24_0_null_[0, 64, 5, 41, 13, 26, 25, 14, 50, 0]
20_20_277_74_0_46_32_64_0_8_0_0_0_24_0_null_[0, 64, 5, 41, 13, 26, 25, 14, 50, 0]
21_21_277_74_0_46_32_64_0_8_0_0_0_24_0_null_[0, 64, 5, 41, 13, 26, 25, 14, 50, 0]
22_22_277_74_0_46_32_64_0_8_0_0_0_24_0_null_[0, 64, 5, 41, 13, 26, 25, 14, 50, 0]
23_23_277_74_0_46_32_64_0_8_0_0_0_24_0_null_[0, 64, 5, 41, 13, 26, 25, 14, 50, 0]
24_24_277_74_0_46_32_64_0_8_0_0_0_24_0_null_[0, 64, 5, 41, 13, 26, 25, 14, 50, 0]
25_25_277_74_0_46_32_64_0_8_0_0_0_24_0_null_[0, 64, 5, 41, 13, 26, 25, 14, 50, 0]
26_26_277_74_0_46_32_64_0_8_0_0_0_24_0_null_[0, 64, 5, 41, 13, 26, 25, 14, 50, 0]
27_27_277_74_0_46_32_64_0_8_0_0_0_24_0_null_[0, 64, 5, 41, 13, 26, 25, 14, 50, 0]
28_28_277_74_0_46_32_64_0_8_0_0_0_24_0_null_[0, 64, 5, 41, 13, 26, 25, 14, 50, 0]
29_29_277_74_0_46_32_64_0_8_0_0_0_24_0_null_[0, 64, 5, 41, 13, 26, 25, 14, 50, 0]
30_30_277_74_0_46_32_64_0_8_0_0_0_24_0_null_[0, 64, 5, 41, 13, 26, 25, 14, 50, 0]
31_31_277_74_0_46_32_64_0_8_0_0_0_24_0_null_[0, 64, 5, 41, 13, 26, 25, 14, 50, 0]
32_32_277_74_0_46_32_64_0_8_0_0_0_24_0_null_[0, 64, 5, 41, 13, 26, 25, 14, 50, 0]
33_33_277_74_0_46_32_64_0_8_0_0_0_24_0_null_[0, 64, 5, 41, 13, 26, 25, 14, 50, 0]
34_34_277_74_0_46_32_64_0_8_0_0_0_24_0_null_[0, 64, 5, 41, 13, 26, 25, 14, 50, 0]
35_35_277_74_0_46_32_64_0_8_0_0_0_24_0_null_[0, 64, 5, 41, 13, 26, 25, 14, 50, 0]
36_36_277_74_0_46_32_64_0_8_0_0_0_24_0_null_[0, 64, 5, 41, 13, 26, 25, 14, 50, 0]
37_37_277_74_0_46_32_64_0_8_0_0_0_24_0_null_[0, 64, 5, 41, 13, 26, 25, 14, 50, 0]
38_38_277_74_0_46_32_64_0_8_0_0_0_24_0_null_[0, 64, 5, 41, 13, 26, 25, 14, 50, 0]
39_39_277_74_0_46_32_64_0_8_0_0_0_24_0_null_[0, 64, 5, 41, 13, 26, 25, 14, 50, 0]
40_40_277_74_0_46_32_64_0_8_0_0_0_24_0_null_[0, 64, 5, 41, 13, 26, 25, 14, 50, 0]
41_41_277_74_0_46_32_64_0_8_0_0_0_24_0_null_[0, 64, 5, 41, 13, 26, 25, 14, 50, 0]
42_42_277_74_0_46_32_64_0_8_0_0_0_24_0_null_[0, 64, 5, 41, 13, 26, 25, 14, 50, 0]
43_43_277_74_0_46_32_64_0_8_0_0_0_24_0_null_[0, 64, 5, 41, 13, 26, 25, 14, 50, 0]
44_44_277_74_0_46_32_64_0_8_0_0_0_24_0_null_[0, 64, 5, 41, 13, 26, 25, 14, 50, 0]
45_45_277_74_0_46_32_64_0_8_0_0_0_24_0_null_[0, 64, 5, 41, 13, 26, 25, 14, 50, 0]
46_46_277_74_0_46_32_64_0_8_0_0_0_24_0_null_[0, 64, 5, 41, 13, 26, 25, 14, 50, 0]
47_47_277_74_0_46_32_64_0_8_0_0_0_24_0_null_[0, 64, 5, 41, 13, 26, 25, 14, 50, 0]
48_48_277_74_0_46_32_64_0_8_0_0_0_24_0_null_[0, 64, 5, 41, 13, 26, 25, 14, 50, 0]
49_49_277_74_0_46_32_64_0_8_0_0_0_24_0_null_[0, 64, 5, 41, 13, 26, 25, 14, 50, 0]
50_50_277_74_0_46_32_64_0_8_0_0_0_24_0_null_[0, 64, 5, 41, 13, 26, 25, 14, 50, 0]
51_51_277_74_0_46_32_64_0_8_0_0_0_24_0_null_[0, 64, 5, 41, 13, 26, 25, 14, 50, 0]
52_52_277_74_0_46_32_64_0_8_0_0_0_24_0_null_[0, 64, 5, 41, 13, 26, 25, 14, 50, 0]
53_53_277_74_0_46_32_64_0_8_0_0_0_24_0_null_[0, 64, 5, 41, 13, 26, 25, 14, 50, 0]
54_54_277_74_0_46_32_64_0_8_0_0_0_24_0_null_[0, 64, 5, 41, 13, 26, 25, 14, 50, 0]
55_55_277_74_0_46_32_64_0_8_0_0_0_24_0_null_[0, 64, 5, 41, 13, 26, 25, 14, 50, 0]
56_56_277_74_0_46_32_64_0_8_0_0_0_24_0_null_[0, 64, 5, 41, 13, 26, 25, 14, 50, 0]
57_57_277_74_0_46_32_64_0_8_0_0_0_24_0_null_[0, 64, 5, 41, 13, 26, 25, 14, 50, 0]
58_58_277_74_0_46_32_64_0_8_0_0_0_24_0_null_[0, 64, 5, 41, 13, 26, 25, 14, 50, 0]
59_59_277_74_0_46_32_64_0_8_0_0_0_24_0_null_[0, 64, 5, 41, 13, 26, 25, 14, 50, 0]
60_60_277_74_0_46_32_64_0_8_0_0_0_24_0_null_[0, 64, 5, 41, 13, 26, 25, 14, 50, 0]
61_61_277_74_0_46_32_64_0_8_0_0_0_24_0_null_[0, 64, 5, 41, 13, 26, 25, 14, 50, 0]
62_62_277_74_0_46_32_64_0_8_0_0_0_24_0_null_[0, 64, 5, 41, 13, 26, 25, 14, 50, 0]
63_63_277_74_0_46_32_64_0_8_0_0_0_24_0_null_[0, 64, 5, 41, 13, 26, 25, 14, 50, 0]
64_64_277_74_0_46_32_64_0_8_0_0_0_24_0_null_[0, 64, 5, 41, 13, 26, 25, 14, 50, 0]
65_65_277_74_0_46_32_64_0_8_0_0_0_24_0_null_[0, 64, 5, 41, 13, 26, 25, 14, 50, 0]
66_66_277_74_0_46_32_64_0_8_0_0_0_24_0_null_[0, 64, 5, 41, 13, 26, 25, 14, 50, 0]
67_67_277_74_0_46_32_64_0_8_0_0_0_24_0_null_[0, 64, 5, 41, 13, 26, 25, 14, 50, 0]
68_68_277_74_0_46_32_64_0_8_0_0_0_24_0_null_[0, 64, 5, 41, 13, 26, 25, 14, 50, 0]
69_69_277_74_0_46_32_64_0_8_0_0_0_24_0_null_[0, 64, 5, 41, 13, 26, 25, 14, 50, 0]
70_70_277_74_0_46_32_64_0_8_0_0_0_24_0_null_[0, 64, 5, 41, 13, 26, 25, 14, 50, 0]
71_71_277_74_0_46_32_64_0_8_0_0_0_24_0_null_[0, 64, 5, 41, 13, 26, 25, 14, 50, 0]
72_72_277_74_0_46_32_64_0_8_0_0_0_24_0_null_[0, 64, 5, 41, 13, 26, 25, 14, 50, 0]
73_73_277_74_0_46_32_64_0_8_0_0_0_24_0_null_[0, 64, 5, 41, 13, 26, 25, 14, 50, 0]
74_74_277_74_0_46_32_64_0_8_0_0_0_24_0_null_[0, 64, 5, 41, 13, 26, 25, 14, 50, 0]
75_75_277_74_0_46_32_64_0_8_0_0_0_24_0_null_[0, 64, 5, 41, 13, 26, 25, 14, 50, 0]
76_76_277_74_0_46_32_64_0_8_0_0_0_24_0_null_[0, 64, 5, 41, 13, 26, 25, 14, 50, 0]
77_77_277_74_0_46_32_64_0_8_0_0_0_24_0_null_[0, 64, 5, 41, 13, 26, 25, 14, 50, 0]
78_78_277_74_0_46_32_64_0_8_0_0_0_24_0_null_[0, 64, 5, 41, 13, 26, 25, 14, 50, 0]
79_79_277_74_0_46_32_64_0_8_0_0_0_24_0_null_[0, 64, 5, 41, 13, 26, 25, 14, 50, 0]
80_80_277_74_0_46_32_64_0_8_0_0_0_24_0_null_[0, 64, 5, 41, 13, 26, 25, 14, 50, 0]
81_81_277_74_0_46_32_64_0_8_0_0_0_24_0_null_[0, 64, 5, 41, 13, 26, 25, 14, 50, 0]
82_82_277_74_0_46_32_64_0_8_0_0_0_24_0_null_[0, 64, 5, 41, 13, 26, 25, 14, 50, 0]
83_83_277_74_0_46_32_64_0_8_0_0_0_24_0_null_[0, 64, 5, 41, 13, 26, 25, 14, 50, 0]
84_84_277_74_0_46_32_64_0_8_0_0_0_24_0_null_[0, 64, 5, 41, 13, 26, 25, 14, 50, 0]
85_85_277_74_0_46_32_64_0_8_0_0_0_24_0_null_[0, 64, 5, 41, 13, 26, 25, 14, 50, 0]
86_86_277_74_0_46_32_64_0_8_0_0_0_24_0_null_[0, 64, 5, 41, 13, 26, 25, 14, 50, 0]
87_87_277_74_0_46_32_64_0_8_0_0_0_24_0_null_[0, 64, 5, 41, 13, 26, 25, 14, 50, 0]
88_88_277_74_0_46_32_64_0_8_0_0_0_24_0_null_[0, 64, 5, 41, 13, 26, 25, 14, 50, 0]
89_89_277_74_0_46_32_64_0_8_0_0_0_24_0_null_[0, 64, 5, 41, 13, 26, 25, 14, 50, 0]
90_90_277_74_0_46_32_64_0_8_0_0_0_24_0_null_[0, 64, 5, 41, 13, 26, 25, 14, 50, 0]
91_91_277_74_0_46_32_64_0_8_0_0_0_24_0_null_[0, 64, 5, 41, 13, 26, 25, 14, 50, 0]
92_92_277_74_0_46_32_64_0_8_0_0_0_24_0_null_[0, 64, 5, 41, 13, 26, 25, 14, 50, 0]
93_93_277_74_0_46_32_64_0_8_0_0_0_24_0_null_[0, 64, 5, 41, 13, 26, 25, 14, 50, 0]
94_94_277_74_0_46_32_64_0_8_0_0_0_24_0_null_[0, 64, 5, 41, 13, 26, 25, 14, 50, 0]
95_95_277_74_0_46_32_64_0_8_0_0_0_24_0_null_[0, 64, 5, 41, 13, 26, 25, 14, 50, 0]
96_96_277_74_0_46_32_64_0_8_0_0_0_24_0_null_[0, 64, 5, 41, 13, 26, 25, 14, 50, 0]
97_97_277_74_0_46_32_64_0_8_0_0_0_24_0_null_[0, 64, 5, 41, 13, 26, 25, 14, 50, 0]
98_98_277_74_0_46_32_64_0_8_0_0_0_24_0_null_[0, 64, 5, 41, 13, 26, 25, 14, 50, 0]
99_99_277_74_0_46_32_64_0_8_0_0_0_24_0_null_[0, 64, 5, 41, 13, 26, 25, 14, 50, 0]
100_100_277_74_0_46_32_64_0_8_0_0_0_24_0_null_[0, 64, 5, 41, 13, 26, 25, 14, 50, 0]
101_101_277_74_0_46_32_64_0_8_0_0_0_24_0_null_[0, 64, 5, 41, 13, 26, 25, 14, 50, 0]
102_102_277_74_0_46_32_64_0_8_0_0_0_24_0_null_[0, 64, 5, 41, 13, 26, 25, 14, 50, 0]
103_103_277_74_0_46_32_64_0_8_0_0_0_24_0_null_[0, 64, 5, 41, 13, 26, 25, 14, 50, 0]
104_104_277_74_0_46_32_64_0_8_0_0_0_24_0_null_[0, 64, 5, 41, 13, 26, 25, 14, 50, 0]
105_105_277_74_0_46_32_64_0_8_0_0_0_24_0_null_[0, 64, 5, 41, 13, 26, 25, 14, 50, 0]
106_106_277_74_0_46_32_64_0_8_0_0_0_24_0_null_[0, 64, 5, 41, 13, 26, 25, 14, 50, 0]
107_107_277_74_0_46_32_64_0_8_0_0_0_24_0_null_[0, 64, 5, 41, 13, 26, 25, 14, 50, 0]
108_108_277_74_0_46_32_64_0_8_0_0_0_24_0_null_[0, 64, 5, 41, 13, 26, 25, 14, 50, 0]
109_109_277_74_0_46_32_64_0_8_0_0_0_24_0_null_[0, 64, 5, 41, 13, 26, 25, 14, 50, 0]
110_110_277_74_0_46_32_64_0_8_0_0_0_24_0_null_[0, 64, 5, 41, 13, 26, 25, 14, 50, 0]
111_111_277_74_0_46_32_64_0_8_0_0_0_24_0_null_[0, 64, 5, 41, 13, 26, 25, 14, 50, 0]
112_112_277_74_0_46_32_64_0_8_0_0_0_24_0_null_[0, 64, 5, 41, 13, 26, 25, 14, 50, 0]
113_113_277_74_0_46_32_64_0_8_0_0_0_24_0_null_[0, 64, 5, 41, 13, 26, 25, 14, 50, 0]
114_114_277_74_0_46_32_64_0_8_0_0_0_24_0_null_[0, 64, 5, 41, 13, 26, 25, 14, 50, 0]
115_115_277_74_0_46_32_64_0_8_0_0_0_24_0_null_[0, 64, 5, 41, 13, 26, 25, 14, 50, 0]
116_116_277_74_0_46_32_64_0_8_0_0_0_24_0_null_[0, 64, 5, 41, 13, 26, 25, 14, 50, 0]
117_117_277_74_0_46_32_64_0_8_0_0_0_24_0_null_[0, 64, 5, 41, 13, 26, 25, 14, 50, 0]
118_118_277_74_0_46_32_64_0_8_0_0_0_24_0_null_[0, 64, 5, 41, 13, 26, 25, 14, 50, 0]
119_119_277_74_0_46_32_64_0_8_0_0_0_24_0_null_[0, 64, 5, 41, 13, 26, 25, 14, 50, 0]
120_120_277_74_0_46_32_64_0_8_0_0_0_24_0_null_[0, 64, 5, 41, 13, 26, 25, 14, 50, 0]
121_121_277_74_0_46_32_64_0_8_0_0_0_24_0_null_[0, 64, 5, 41, 13, 26, 25, 14, 50, 0]
122_122_277_74_0_46_32_64_0_8_0_0_0_24_0_null_[0, 64, 5, 41, 13, 26, 25, 14, 50, 0]
123_123_277_74_0_46_32_64_0_8_0_0_0_24_0_null_[0, 64, 5, 41, 13, 26, 25, 14, 50, 0]
124_124_277_74_0_46_32_64_0_8_0_0_0_24_0_null_[0, 64, 5, 41, 13, 26, 25, 14, 50, 0]
125_125_277_74_0_46_32_64_0_8_0_0_0_24_0_null_[0, 64, 5, 41, 13, 26, 25, 14, 50, 0]
126_126_277_74_0_46_32_64_0_8_0_0_0_24_0_null_[0, 64, 5, 41, 13, 26, 25, 14, 50, 0]
127_127_277_74_0_46_32_64_0_8_0_0_0_24_0_null_[0, 64, 5, 41, 13, 26, 25, 14, 50, 0]
