0_0_279_24_0_34_36_38_0_3_0_0_0_24_0_[0, 64, 5, 28, 19, 7, 35, 0]_null
1_1_279_25_0_34_36_38_0_3_0_0_0_24_0_[0, 64, 5, 28, 19, 7, 35, 0]_null
2_2_279_26_0_34_36_39_0_3_0_0_0_24_0_[0, 64, 5, 28, 19, 7, 35, 0]_null
3_3_279_27_0_34_36_40_0_3_0_0_0_24_0_[0, 64, 5, 28, 19, 7, 35, 0]_null
4_4_279_28_0_34_36_41_0_3_0_0_0_24_0_[0, 64, 5, 28, 19, 7, 35, 0]_null
5_5_279_29_0_34_36_42_0_3_0_0_0_24_0_[0, 64, 5, 28, 19, 7, 35, 0]_null
6_6_279_30_0_34_36_43_0_3_0_0_0_24_0_[0, 64, 5, 28, 19, 7, 35, 0]_null
7_7_279_31_0_34_36_44_0_3_0_0_0_24_0_[0, 64, 5, 28, 19, 7, 35, 0]_null
8_8_279_32_0_34_36_45_0_3_0_0_0_24_0_[0, 64, 5, 28, 19, 7, 35, 0]_null
9_9_279_33_0_34_36_47_0_3_0_0_0_24_0_[0, 64, 5, 28, 19, 7, 35, 0]_null
10_10_279_34_0_34_36_48_0_3_0_0_0_24_0_[0, 64, 5, 28, 19, 7, 35, 0]_null
11_11_279_34_0_34_36_49_0_3_0_0_0_24_0_[0, 64, 5, 28, 19, 7, 35, 0]_null
12_12_279_35_0_34_36_50_0_3_0_0_0_24_0_[0, 64, 5, 28, 19, 7, 35, 0]_null
13_13_279_35_0_34_36_51_0_3_0_0_0_24_0_[0, 64, 5, 28, 19, 7, 35, 0]_null
14_14_279_36_0_34_36_52_0_3_0_0_0_24_0_[0, 64, 5, 28, 19, 7, 35, 0]_null
15_15_279_36_0_34_36_53_0_3_0_0_0_24_0_[0, 64, 5, 28, 19, 7, 35, 0]_null
16_16_279_37_0_34_36_54_0_3_0_0_0_24_0_[0, 64, 5, 28, 19, 7, 35, 0]_null
17_17_279_37_0_34_36_55_0_3_0_0_0_24_0_[0, 64, 5, 28, 19, 7, 35, 0]_null
18_18_279_38_0_34_36_56_0_3_0_0_0_24_0_[0, 64, 5, 28, 19, 7, 35, 0]_null
19_19_279_38_0_34_36_57_0_3_0_0_0_24_0_[0, 64, 5, 28, 19, 7, 35, 0]_null
20_20_279_39_0_34_36_58_0_3_0_0_0_24_0_[0, 64, 5, 28, 19, 7, 35, 0]_null
21_21_279_39_0_34_36_59_0_3_0_0_0_24_0_[0, 64, 5, 28, 19, 7, 35, 0]_null
22_22_279_40_0_34_36_60_0_3_0_0_0_24_0_[0, 64, 5, 28, 19, 7, 35, 0]_null
23_23_279_40_0_34_36_62_0_3_0_0_0_24_0_[0, 64, 5, 28, 19, 7, 35, 0]_null
24_24_279_41_0_34_36_63_0_3_0_0_0_24_0_[0, 64, 5, 28, 19, 7, 35, 0]_null
25_25_279_41_0_34_36_64_0_3_0_0_0_24_0_[0, 64, 5, 28, 19, 7, 35, 0]_null
26_26_279_42_0_34_36_65_0_3_0_0_0_24_0_[0, 64, 5, 28, 19, 7, 35, 0]_null
27_27_279_42_0_34_36_66_0_3_0_0_0_24_0_[0, 64, 5, 28, 19, 7, 35, 0]_null
28_28_279_43_0_34_36_67_0_3_0_0_0_24_0_[0, 64, 5, 28, 19, 7, 35, 0]_null
29_29_279_43_0_34_36_68_0_3_0_0_0_24_0_[0, 64, 5, 28, 19, 7, 35, 0]_null
30_30_279_44_0_34_36_69_0_3_0_0_0_24_0_[0, 64, 5, 28, 19, 7, 35, 0]_null
31_31_279_44_0_34_36_70_0_3_0_0_0_24_0_[0, 64, 5, 28, 19, 7, 35, 0]_null
32_32_279_45_0_34_36_71_0_3_0_0_0_24_0_[0, 64, 5, 28, 19, 7, 35, 0]_null
33_33_279_45_0_34_36_72_0_3_0_0_0_24_0_[0, 64, 5, 28, 19, 7, 35, 0]_null
34_34_279_46_0_34_36_73_0_3_0_0_0_24_0_[0, 64, 5, 28, 19, 7, 35, 0]_null
35_35_279_46_0_34_36_74_0_3_0_0_0_24_0_[0, 64, 5, 28, 19, 7, 35, 0]_null
36_36_279_47_0_34_36_75_0_3_0_0_0_24_0_[0, 64, 5, 28, 19, 7, 35, 0]_null
37_37_279_47_0_34_36_76_0_3_0_0_0_24_0_[0, 64, 5, 28, 19, 7, 35, 0]_null
38_38_279_48_0_34_36_78_0_3_0_0_0_24_0_[0, 64, 5, 28, 19, 7, 35, 0]_null
39_39_279_48_0_34_36_79_0_3_0_0_0_24_0_[0, 64, 5, 28, 19, 7, 35, 0]_null
40_40_279_49_0_34_36_80_0_3_0_0_0_24_0_[0, 64, 5, 28, 19, 7, 35, 0]_null
41_41_279_49_0_34_36_81_0_3_0_0_0_24_0_[0, 64, 5, 28, 19, 7, 35, 0]_null
42_42_279_50_0_34_36_82_0_3_0_0_0_24_0_[0, 64, 5, 28, 19, 7, 35, 0]_null
43_43_279_50_0_34_36_83_0_3_0_0_0_24_0_[0, 64, 5, 28, 19, 7, 35, 0]_null
44_44_279_51_0_34_36_84_0_3_0_0_0_24_0_[0, 64, 5, 28, 19, 7, 35, 0]_null
45_45_279_51_0_34_36_85_0_3_0_0_0_24_0_[0, 64, 5, 28, 19, 7, 35, 0]_null
46_46_279_52_0_34_36_86_0_3_0_0_0_24_0_[0, 64, 5, 28, 19, 7, 35, 0]_null
47_47_279_52_0_34_36_87_0_3_0_0_0_24_0_[0, 64, 5, 28, 19, 7, 35, 0]_null
48_48_279_53_0_34_36_88_0_3_0_0_0_24_0_[0, 64, 5, 28, 19, 7, 35, 0]_null
49_49_279_53_0_34_36_89_0_3_0_0_0_24_0_[0, 64, 5, 28, 19, 7, 35, 0]_null
50_50_279_54_0_34_36_90_0_3_0_0_0_24_0_[0, 64, 5, 28, 19, 7, 35, 0]_null
51_51_279_54_0_34_36_91_0_3_0_0_0_24_0_[0, 64, 5, 28, 19, 7, 35, 0]_null
52_52_279_55_0_34_36_93_0_3_0_0_0_24_0_[0, 64, 5, 28, 19, 7, 35, 0]_null
53_53_279_55_0_34_36_94_0_3_0_0_0_24_0_[0, 64, 5, 28, 19, 7, 35, 0]_null
54_54_279_56_0_34_36_95_0_3_0_0_0_24_0_[0, 64, 5, 28, 19, 7, 35, 0]_null
55_55_279_56_0_34_36_96_0_3_0_0_0_24_0_[0, 64, 5, 28, 19, 7, 35, 0]_null
56_56_279_57_0_34_36_97_0_3_0_0_0_24_0_[0, 64, 5, 28, 19, 7, 35, 0]_null
57_57_279_57_0_34_36_98_0_3_0_0_0_24_0_[0, 64, 5, 28, 19, 7, 35, 0]_null
58_58_279_58_0_34_36_99_0_3_0_0_0_24_0_[0, 64, 5, 28, 19, 7, 35, 0]_null
59_59_279_58_0_34_36_100_0_3_0_0_0_24_0_[0, 64, 5, 28, 19, 7, 35, 0]_null
60_60_279_59_0_34_36_100_0_3_0_0_0_24_0_[0, 64, 5, 28, 19, 7, 35, 0]_null
61_61_279_59_0_34_36_100_0_3_0_0_0_24_0_[0, 64, 5, 28, 19, 7, 35, 0]_null
62_62_279_60_0_34_36_100_0_3_0_0_0_24_0_[0, 64, 5, 28, 19, 7, 35, 0]_null
63_63_279_60_0_34_36_100_0_3_0_0_0_24_0_[0, 64, 5, 28, 19, 7, 35, 0]_null
64_64_279_61_0_34_36_100_0_3_0_0_0_24_0_[0, 64, 5, 28, 19, 7, 35, 0]_null
65_65_279_61_0_34_36_100_0_3_0_0_0_24_0_[0, 64, 5, 28, 19, 7, 35, 0]_null
66_66_279_62_0_34_36_100_0_3_0_0_0_24_0_[0, 64, 5, 28, 19, 7, 35, 0]_null
67_67_279_62_0_34_36_100_0_3_0_0_0_24_0_[0, 64, 5, 28, 19, 7, 35, 0]_null
68_68_279_63_0_34_36_100_0_3_0_0_0_24_0_[0, 64, 5, 28, 19, 7, 35, 0]_null
69_69_279_63_0_34_36_100_0_3_0_0_0_24_0_[0, 64, 5, 28, 19, 7, 35, 0]_null
70_70_279_64_0_34_36_100_0_3_0_0_0_24_0_[0, 64, 5, 28, 19, 7, 35, 0]_null
71_71_279_64_0_34_36_100_0_3_0_0_0_24_0_[0, 64, 5, 28, 19, 7, 35, 0]_null
72_72_279_65_0_34_36_100_0_3_0_0_0_24_0_[0, 64, 5, 28, 19, 7, 35, 0]_null
73_73_279_65_0_34_36_100_0_3_0_0_0_24_0_[0, 64, 5, 28, 19, 7, 35, 0]_null
74_74_279_66_0_34_36_100_0_3_0_0_0_24_0_[0, 64, 5, 28, 19, 7, 35, 0]_null
75_75_279_66_0_34_36_100_0_3_0_0_0_24_0_[0, 64, 5, 28, 19, 7, 35, 0]_null
76_76_279_67_0_34_36_100_0_3_0_0_0_24_0_[0, 64, 5, 28, 19, 7, 35, 0]_null
77_77_279_67_0_34_36_100_0_3_0_0_0_24_0_[0, 64, 5, 28, 19, 7, 35, 0]_null
78_78_279_68_0_34_36_100_0_3_0_0_0_24_0_[0, 64, 5, 28, 19, 7, 35, 0]_null
79_79_279_68_0_34_36_100_0_3_0_0_0_24_0_[0, 64, 5, 28, 19, 7, 35, 0]_null
80_80_279_69_0_34_36_100_0_3_0_0_0_24_0_[0, 64, 5, 28, 19, 7, 35, 0]_null
81_81_279_69_0_34_36_100_0_3_0_0_0_24_0_[0, 64, 5, 28, 19, 7, 35, 0]_null
82_82_279_70_0_34_36_100_0_3_0_0_0_24_0_[0, 64, 5, 28, 19, 7, 35, 0]_null
83_83_279_71_0_34_36_100_0_3_0_0_0_24_0_[0, 64, 5, 28, 19, 7, 35, 0]_null
84_84_279_72_0_34_36_100_0_3_0_0_0_24_0_[0, 64, 5, 28, 19, 7, 35, 0]_null
85_85_279_73_0_34_36_100_0_3_0_0_0_24_0_[0, 64, 5, 28, 19, 7, 35, 0]_null
86_86_279_74_0_34_36_100_0_3_0_0_0_24_0_[0, 64, 5, 28, 19, 7, 35, 0]_null
87_87_279_75_0_34_36_100_0_3_0_0_0_24_0_[0, 64, 5, 28, 19, 7, 35, 0]_null
88_88_279_76_0_34_36_100_0_3_0_0_0_24_0_[0, 64, 5, 28, 19, 7, 35, 0]_null
89_89_279_77_0_34_36_100_0_3_0_0_0_24_0_[0, 64, 5, 28, 19, 7, 35, 0]_null
90_90_279_78_0_34_36_100_0_3_0_0_0_24_0_[0, 64, 5, 28, 19, 7, 35, 0]_null
91_91_279_79_0_34_36_100_0_3_0_0_0_24_0_[0, 64, 5, 28, 19, 7, 35, 0]_null
92_92_279_80_0_34_36_100_0_3_0_0_0_24_0_[0, 64, 5, 28, 19, 7, 35, 0]_null
93_93_279_81_0_34_36_100_0_3_0_0_0_24_0_[0, 64, 5, 28, 19, 7, 35, 0]_null
94_94_279_82_0_34_36_100_0_3_0_0_0_24_0_[0, 64, 5, 28, 19, 7, 35, 0]_null
95_95_279_83_0_34_36_100_0_3_0_0_0_24_0_[0, 64, 5, 28, 19, 7, 35, 0]_null
96_96_279_84_0_34_36_100_0_3_0_0_0_24_0_[0, 64, 5, 28, 19, 7, 35, 0]_null
97_97_279_85_0_34_36_100_0_3_0_0_0_24_0_[0, 64, 5, 28, 19, 7, 35, 0]_null
98_98_279_86_0_34_36_100_0_3_0_0_0_24_0_[0, 64, 5, 28, 19, 7, 35, 0]_null
99_99_279_87_0_34_36_100_0_3_0_0_0_24_0_[0, 64, 5, 28, 19, 7, 35, 0]_null
100_100_279_88_0_34_36_100_0_3_0_0_0_24_0_[0, 64, 5, 28, 19, 7, 35, 0]_null
101_101_279_89_0_34_36_100_0_3_0_0_0_24_0_[0, 64, 5, 28, 19, 7, 35, 0]_null
102_102_279_90_0_34_36_100_0_3_0_0_0_24_0_[0, 64, 5, 28, 19, 7, 35, 0]_null
103_103_279_91_0_34_36_100_0_3_0_0_0_24_0_[0, 64, 5, 28, 19, 7, 35, 0]_null
104_104_279_92_0_34_36_100_0_3_0_0_0_24_0_[0, 64, 5, 28, 19, 7, 35, 0]_null
105_105_279_93_0_34_36_100_0_3_0_0_0_24_0_[0, 64, 5, 28, 19, 7, 35, 0]_null
106_106_279_94_0_34_36_100_0_3_0_0_0_24_0_[0, 64, 5, 28, 19, 7, 35, 0]_null
107_107_279_95_0_34_36_100_0_3_0_0_0_24_0_[0, 64, 5, 28, 19, 7, 35, 0]_null
108_108_279_96_0_34_36_100_0_3_0_0_0_24_0_[0, 64, 5, 28, 19, 7, 35, 0]_null
109_109_279_97_0_34_36_100_0_3_0_0_0_24_0_[0, 64, 5, 28, 19, 7, 35, 0]_null
110_110_279_98_0_34_36_100_0_3_0_0_0_24_0_[0, 64, 5, 28, 19, 7, 35, 0]_null
111_111_279_99_0_34_36_100_0_3_0_0_0_24_0_[0, 64, 5, 28, 19, 7, 35, 0]_null
112_112_279_100_0_34_36_100_0_3_0_0_0_24_0_[0, 64, 5, 28, 19, 7, 35, 0]_null
113_113_279_101_0_34_36_100_0_3_0_0_0_24_0_[0, 64, 5, 28, 19, 7, 35, 0]_null
114_114_279_102_0_34_36_100_0_3_0_0_0_24_0_[0, 64, 5, 28, 19, 7, 35, 0]_null
115_115_279_103_0_34_36_100_0_3_0_0_0_24_0_[0, 64, 5, 28, 19, 7, 35, 0]_null
116_116_279_104_0_34_36_100_0_3_0_0_0_24_0_[0, 64, 5, 28, 19, 7, 35, 0]_null
117_117_279_105_0_34_36_100_0_3_0_0_0_24_0_[0, 64, 5, 28, 19, 7, 35, 0]_null
118_118_279_106_0_34_36_100_0_3_0_0_0_24_0_[0, 64, 5, 28, 19, 7, 35, 0]_null
119_119_279_107_0_34_36_100_0_3_0_0_0_24_0_[0, 64, 5, 28, 19, 7, 35, 0]_null
120_120_279_108_0_34_36_100_0_3_0_0_0_24_0_[0, 64, 5, 28, 19, 7, 35, 0]_null
121_121_279_109_0_34_36_100_0_3_0_0_0_24_0_[0, 64, 5, 28, 19, 7, 35, 0]_null
122_122_279_110_0_34_36_100_0_3_0_0_0_24_0_[0, 64, 5, 28, 19, 7, 35, 0]_null
123_123_279_111_0_34_36_100_0_3_0_0_0_24_0_[0, 64, 5, 28, 19, 7, 35, 0]_null
124_124_279_112_0_34_36_100_0_3_0_0_0_24_0_[0, 64, 5, 28, 19, 7, 35, 0]_null
125_125_279_113_0_34_36_100_0_3_0_0_0_24_0_[0, 64, 5, 28, 19, 7, 35, 0]_null
126_126_279_114_0_34_36_100_0_3_0_0_0_24_0_[0, 64, 5, 28, 19, 7, 35, 0]_null
127_127_279_115_0_34_36_100_0_3_0_0_0_24_0_[0, 64, 5, 28, 19, 7, 35, 0]_null
