0_0_280_12_0_35_32_64_0_0_0_0_0_24_0_[0, 64, 5, 32, 11, 15, 21, 0]_null
1_1_280_13_0_35_32_64_0_0_0_0_0_24_0_[0, 64, 5, 32, 11, 15, 21, 0]_null
2_2_280_14_0_35_32_64_0_0_0_0_0_24_0_[0, 64, 5, 32, 11, 15, 21, 0]_null
3_3_280_15_0_35_32_64_0_0_0_0_0_24_0_[0, 64, 5, 32, 11, 15, 21, 0]_null
4_4_280_16_0_35_32_64_0_0_0_0_0_24_0_[0, 64, 5, 32, 11, 15, 21, 0]_null
5_5_280_17_0_35_32_64_0_0_0_0_0_24_0_[0, 64, 5, 32, 11, 15, 21, 0]_null
6_6_280_18_0_35_32_64_0_0_0_0_0_24_0_[0, 64, 5, 32, 11, 15, 21, 0]_null
7_7_280_19_0_35_32_64_0_0_0_0_0_24_0_[0, 64, 5, 32, 11, 15, 21, 0]_null
8_8_280_20_0_35_32_64_0_0_0_0_0_24_0_[0, 64, 5, 32, 11, 15, 21, 0]_null
9_9_280_21_0_35_32_64_0_0_0_0_0_24_0_[0, 64, 5, 32, 11, 15, 21, 0]_null
10_10_280_22_0_35_32_64_0_0_0_0_0_24_0_[0, 64, 5, 32, 11, 15, 21, 0]_null
11_11_280_23_0_35_32_64_0_0_0_0_0_24_0_[0, 64, 5, 32, 11, 15, 21, 0]_null
12_12_280_24_0_35_32_64_0_0_0_0_0_24_0_[0, 64, 5, 32, 11, 15, 21, 0]_null
13_13_280_24_0_35_32_64_0_0_0_0_0_24_0_[0, 64, 5, 32, 11, 15, 21, 0]_null
14_14_280_25_0_35_32_64_0_0_0_0_0_24_0_[0, 64, 5, 32, 11, 15, 21, 0]_null
15_15_280_25_0_35_32_64_0_0_0_0_0_24_0_[0, 64, 5, 32, 11, 15, 21, 0]_null
16_16_280_26_0_35_32_64_0_0_0_0_0_24_0_[0, 64, 5, 32, 11, 15, 21, 0]_null
17_17_280_26_0_35_32_64_0_0_0_0_0_24_0_[0, 64, 5, 32, 11, 15, 21, 0]_null
18_18_280_27_0_35_32_64_0_0_0_0_0_24_0_[0, 64, 5, 32, 11, 15, 21, 0]_null
19_19_280_27_0_35_32_64_0_0_0_0_0_24_0_[0, 64, 5, 32, 11, 15, 21, 0]_null
20_20_280_28_0_35_32_64_0_0_0_0_0_24_0_[0, 64, 5, 32, 11, 15, 21, 0]_null
21_21_280_28_0_35_32_64_0_0_0_0_0_24_0_[0, 64, 5, 32, 11, 15, 21, 0]_null
22_22_280_29_0_35_32_64_0_0_0_0_0_24_0_[0, 64, 5, 32, 11, 15, 21, 0]_null
23_23_280_29_0_35_32_64_0_0_0_0_0_24_0_[0, 64, 5, 32, 11, 15, 21, 0]_null
24_24_280_30_0_35_32_64_0_0_0_0_0_24_0_[0, 64, 5, 32, 11, 15, 21, 0]_null
25_25_280_30_0_35_32_64_0_0_0_0_0_24_0_[0, 64, 5, 32, 11, 15, 21, 0]_null
26_26_280_31_0_35_32_64_0_0_0_0_0_24_0_[0, 64, 5, 32, 11, 15, 21, 0]_null
27_27_280_31_0_35_32_64_0_0_0_0_0_24_0_[0, 64, 5, 32, 11, 15, 21, 0]_null
28_28_280_32_0_35_32_64_0_0_0_0_0_24_0_[0, 64, 5, 32, 11, 15, 21, 0]_null
29_29_280_32_0_35_32_64_0_0_0_0_0_24_0_[0, 64, 5, 32, 11, 15, 21, 0]_null
30_30_280_33_0_35_32_64_0_0_0_0_0_24_0_[0, 64, 5, 32, 11, 15, 21, 0]_null
31_31_280_33_0_35_32_64_0_0_0_0_0_24_0_[0, 64, 5, 32, 11, 15, 21, 0]_null
32_32_280_34_0_35_32_64_0_0_0_0_0_24_0_[0, 64, 5, 32, 11, 15, 21, 0]_null
33_33_280_34_0_35_32_64_0_0_0_0_0_24_0_[0, 64, 5, 32, 11, 15, 21, 0]_null
34_34_280_35_0_35_32_64_0_0_0_0_0_24_0_[0, 64, 5, 32, 11, 15, 21, 0]_null
35_35_280_35_0_35_32_64_0_0_0_0_0_24_0_[0, 64, 5, 32, 11, 15, 21, 0]_null
36_36_280_36_0_35_32_64_0_0_0_0_0_24_0_[0, 64, 5, 32, 11, 15, 21, 0]_null
37_37_280_36_0_35_32_64_0_0_0_0_0_24_0_[0, 64, 5, 32, 11, 15, 21, 0]_null
38_38_280_37_0_35_32_64_0_0_0_0_0_24_0_[0, 64, 5, 32, 11, 15, 21, 0]_null
39_39_280_37_0_35_32_64_0_0_0_0_0_24_0_[0, 64, 5, 32, 11, 15, 21, 0]_null
40_40_280_38_0_35_32_64_0_0_0_0_0_24_0_[0, 64, 5, 32, 11, 15, 21, 0]_null
41_41_280_38_0_35_32_64_0_0_0_0_0_24_0_[0, 64, 5, 32, 11, 15, 21, 0]_null
42_42_280_39_0_35_32_64_0_0_0_0_0_24_0_[0, 64, 5, 32, 11, 15, 21, 0]_null
43_43_280_39_0_35_32_64_0_0_0_0_0_24_0_[0, 64, 5, 32, 11, 15, 21, 0]_null
44_44_280_40_0_35_32_64_0_0_0_0_0_24_0_[0, 64, 5, 32, 11, 15, 21, 0]_null
45_45_280_40_0_35_32_64_0_0_0_0_0_24_0_[0, 64, 5, 32, 11, 15, 21, 0]_null
46_46_280_41_0_35_32_64_0_0_0_0_0_24_0_[0, 64, 5, 32, 11, 15, 21, 0]_null
47_47_280_41_0_35_32_64_0_0_0_0_0_24_0_[0, 64, 5, 32, 11, 15, 21, 0]_null
48_48_280_42_0_35_32_64_0_0_0_0_0_24_0_[0, 64, 5, 32, 11, 15, 21, 0]_null
49_49_280_42_0_35_32_64_0_0_0_0_0_24_0_[0, 64, 5, 32, 11, 15, 21, 0]_null
50_50_280_43_0_35_32_64_0_0_0_0_0_24_0_[0, 64, 5, 32, 11, 15, 21, 0]_null
51_51_280_43_0_35_32_64_0_0_0_0_0_24_0_[0, 64, 5, 32, 11, 15, 21, 0]_null
52_52_280_44_0_35_32_64_0_0_0_0_0_24_0_[0, 64, 5, 32, 11, 15, 21, 0]_null
53_53_280_44_0_35_32_64_0_0_0_0_0_24_0_[0, 64, 5, 32, 11, 15, 21, 0]_null
54_54_280_45_0_35_32_64_0_0_0_0_0_24_0_[0, 64, 5, 32, 11, 15, 21, 0]_null
55_55_280_45_0_35_32_64_0_0_0_0_0_24_0_[0, 64, 5, 32, 11, 15, 21, 0]_null
56_56_280_46_0_35_32_64_0_0_0_0_0_24_0_[0, 64, 5, 32, 11, 15, 21, 0]_null
57_57_280_46_0_35_32_64_0_0_0_0_0_24_0_[0, 64, 5, 32, 11, 15, 21, 0]_null
58_58_280_47_0_35_32_64_0_0_0_0_0_24_0_[0, 64, 5, 32, 11, 15, 21, 0]_null
59_59_280_47_0_35_32_64_0_0_0_0_0_24_0_[0, 64, 5, 32, 11, 15, 21, 0]_null
60_60_281_60_0_35_32_64_0_0_0_0_0_24_0_[0, 64, 5, 32, 11, 15, 21, 0]_null
61_61_281_60_0_35_32_64_0_0_0_0_0_24_0_[0, 64, 5, 32, 11, 15, 21, 0]_null
62_62_281_61_0_35_32_64_0_0_0_0_0_24_0_[0, 64, 5, 32, 11, 15, 21, 0]_null
63_63_281_61_0_35_32_64_0_0_0_0_0_24_0_[0, 64, 5, 32, 11, 15, 21, 0]_null
64_64_281_62_0_35_32_64_0_0_0_0_0_24_0_[0, 64, 5, 32, 11, 15, 21, 0]_null
65_65_281_62_0_35_32_64_0_0_0_0_0_24_0_[0, 64, 5, 32, 11, 15, 21, 0]_null
66_66_281_63_0_35_32_64_0_0_0_0_0_24_0_[0, 64, 5, 32, 11, 15, 21, 0]_null
67_67_281_63_0_35_32_64_0_0_0_0_0_24_0_[0, 64, 5, 32, 11, 15, 21, 0]_null
68_68_281_64_0_35_32_64_0_0_0_0_0_24_0_[0, 64, 5, 32, 11, 15, 21, 0]_null
69_69_281_64_0_35_32_64_0_0_0_0_0_24_0_[0, 64, 5, 32, 11, 15, 21, 0]_null
70_70_281_65_0_35_32_64_0_0_0_0_0_24_0_[0, 64, 5, 32, 11, 15, 21, 0]_null
71_71_281_65_0_35_32_64_0_0_0_0_0_24_0_[0, 64, 5, 32, 11, 15, 21, 0]_null
72_72_281_66_0_35_32_64_0_0_0_0_0_24_0_[0, 64, 5, 32, 11, 15, 21, 0]_null
73_73_281_66_0_35_32_64_0_0_0_0_0_24_0_[0, 64, 5, 32, 11, 15, 21, 0]_null
74_74_281_67_0_35_32_64_0_0_0_0_0_24_0_[0, 64, 5, 32, 11, 15, 21, 0]_null
75_75_281_67_0_35_32_64_0_0_0_0_0_24_0_[0, 64, 5, 32, 11, 15, 21, 0]_null
76_76_281_68_0_35_32_64_0_0_0_0_0_24_0_[0, 64, 5, 32, 11, 15, 21, 0]_null
77_77_281_68_0_35_32_64_0_0_0_0_0_24_0_[0, 64, 5, 32, 11, 15, 21, 0]_null
78_78_281_69_0_35_32_64_0_0_0_0_0_24_0_[0, 64, 5, 32, 11, 15, 21, 0]_null
79_79_281_69_0_35_32_64_0_0_0_0_0_24_0_[0, 64, 5, 32, 11, 15, 21, 0]_null
80_80_281_70_0_35_32_64_0_0_0_0_0_24_0_[0, 64, 5, 32, 11, 15, 21, 0]_null
81_81_281_70_0_35_32_64_0_0_0_0_0_24_0_[0, 64, 5, 32, 11, 15, 21, 0]_null
82_82_281_71_0_35_32_64_0_0_0_0_0_24_0_[0, 64, 5, 32, 11, 15, 21, 0]_null
83_83_281_71_0_35_32_64_0_0_0_0_0_24_0_[0, 64, 5, 32, 11, 15, 21, 0]_null
84_84_282_84_0_35_32_64_0_0_0_0_0_24_0_[0, 64, 5, 32, 11, 15, 21, 0]_null
85_85_282_84_0_35_32_64_0_0_0_0_0_24_0_[0, 64, 5, 32, 11, 15, 21, 0]_null
86_86_282_85_0_35_32_64_0_0_0_0_0_24_0_[0, 64, 5, 32, 11, 15, 21, 0]_null
87_87_282_85_0_35_32_64_0_0_0_0_0_24_0_[0, 64, 5, 32, 11, 15, 21, 0]_null
88_88_282_86_0_35_32_64_0_0_0_0_0_24_0_[0, 64, 5, 32, 11, 15, 21, 0]_null
89_89_282_86_0_35_32_64_0_0_0_0_0_24_0_[0, 64, 5, 32, 11, 15, 21, 0]_null
90_90_282_87_0_35_32_64_0_0_0_0_0_24_0_[0, 64, 5, 32, 11, 15, 21, 0]_null
91_91_282_87_0_35_32_64_0_0_0_0_0_24_0_[0, 64, 5, 32, 11, 15, 21, 0]_null
92_92_282_88_0_35_32_64_0_0_0_0_0_24_0_[0, 64, 5, 32, 11, 15, 21, 0]_null
93_93_282_88_0_35_32_64_0_0_0_0_0_24_0_[0, 64, 5, 32, 11, 15, 21, 0]_null
94_94_282_89_0_35_32_64_0_0_0_0_0_24_0_[0, 64, 5, 32, 11, 15, 21, 0]_null
95_95_282_89_0_35_32_64_0_0_0_0_0_24_0_[0, 64, 5, 32, 11, 15, 21, 0]_null
96_96_282_90_0_35_32_64_0_0_0_0_0_24_0_[0, 64, 5, 32, 11, 15, 21, 0]_null
97_97_282_91_0_35_32_64_0_0_0_0_0_24_0_[0, 64, 5, 32, 11, 15, 21, 0]_null
98_98_282_92_0_35_32_64_0_0_0_0_0_24_0_[0, 64, 5, 32, 11, 15, 21, 0]_null
99_99_282_93_0_35_32_64_0_0_0_0_0_24_0_[0, 64, 5, 32, 11, 15, 21, 0]_null
100_100_282_94_0_35_32_64_0_0_0_0_0_24_0_[0, 64, 5, 32, 11, 15, 21, 0]_null
101_101_282_95_0_35_32_64_0_0_0_0_0_24_0_[0, 64, 5, 32, 11, 15, 21, 0]_null
102_102_282_96_0_35_32_64_0_0_0_0_0_24_0_[0, 64, 5, 32, 11, 15, 21, 0]_null
103_103_282_97_0_35_32_64_0_0_0_0_0_24_0_[0, 64, 5, 32, 11, 15, 21, 0]_null
104_104_282_98_0_35_32_64_0_0_0_0_0_24_0_[0, 64, 5, 32, 11, 15, 21, 0]_null
105_105_282_99_0_35_32_64_0_0_0_0_0_24_0_[0, 64, 5, 32, 11, 15, 21, 0]_null
106_106_282_100_0_35_32_64_0_0_0_0_0_24_0_[0, 64, 5, 32, 11, 15, 21, 0]_null
107_107_282_101_0_35_32_64_0_0_0_0_0_24_0_[0, 64, 5, 32, 11, 15, 21, 0]_null
108_108_282_102_0_35_32_64_0_0_0_0_0_24_0_[0, 64, 5, 32, 11, 15, 21, 0]_null
109_109_282_103_0_35_32_64_0_0_0_0_0_24_0_[0, 64, 5, 32, 11, 15, 21, 0]_null
110_110_282_104_0_35_32_64_0_0_0_0_0_24_0_[0, 64, 5, 32, 11, 15, 21, 0]_null
111_111_282_105_0_35_32_64_0_0_0_0_0_24_0_[0, 64, 5, 32, 11, 15, 21, 0]_null
112_112_282_106_0_35_32_64_0_0_0_0_0_24_0_[0, 64, 5, 32, 11, 15, 21, 0]_null
113_113_282_107_0_35_32_64_0_0_0_0_0_24_0_[0, 64, 5, 32, 11, 15, 21, 0]_null
114_114_282_108_0_35_32_64_0_0_0_0_0_24_0_[0, 64, 5, 32, 11, 15, 21, 0]_null
115_115_282_109_0_35_32_64_0_0_0_0_0_24_0_[0, 64, 5, 32, 11, 15, 21, 0]_null
116_116_282_110_0_35_32_64_0_0_0_0_0_24_0_[0, 64, 5, 32, 11, 15, 21, 0]_null
117_117_282_111_0_35_32_64_0_0_0_0_0_24_0_[0, 64, 5, 32, 11, 15, 21, 0]_null
118_118_282_112_0_35_32_64_0_0_0_0_0_24_0_[0, 64, 5, 32, 11, 15, 21, 0]_null
119_119_282_113_0_35_32_64_0_0_0_0_0_24_0_[0, 64, 5, 32, 11, 15, 21, 0]_null
120_120_282_114_0_35_32_64_0_0_0_0_0_24_0_[0, 64, 5, 32, 11, 15, 21, 0]_null
121_121_282_115_0_35_32_64_0_0_0_0_0_24_0_[0, 64, 5, 32, 11, 15, 21, 0]_null
122_122_282_116_0_35_32_64_0_0_0_0_0_24_0_[0, 64, 5, 32, 11, 15, 21, 0]_null
123_123_282_117_0_35_32_64_0_0_0_0_0_24_0_[0, 64, 5, 32, 11, 15, 21, 0]_null
124_124_282_118_0_35_32_64_0_0_0_0_0_24_0_[0, 64, 5, 32, 11, 15, 21, 0]_null
125_125_282_119_0_35_32_64_0_0_0_0_0_24_0_[0, 64, 5, 32, 11, 15, 21, 0]_null
126_126_282_120_0_35_32_64_0_0_0_0_0_24_0_[0, 64, 5, 32, 11, 15, 21, 0]_null
127_127_282_121_0_35_32_64_0_0_0_0_0_24_0_[0, 64, 5, 32, 11, 15, 21, 0]_null
