0_0_285_22_0_50_58_64_0_0_0_0_0_24_0_[0, 0, 34, 14, 51, 32, 64, 64, 74, 35, 89, 23, 116, 11, -106, 0]_[0, 64, 2, 0]
1_1_285_23_0_50_58_64_0_0_0_0_0_24_0_[0, 0, 34, 14, 51, 32, 64, 64, 74, 35, 89, 23, 116, 11, -106, 0]_[0, 64, 2, 0]
2_2_285_24_0_50_58_64_0_0_0_0_0_24_0_[0, 0, 34, 14, 51, 32, 64, 64, 74, 35, 89, 23, 116, 11, -106, 0]_[0, 64, 2, 0]
3_3_285_25_0_50_58_64_0_0_0_0_0_24_0_[0, 0, 34, 14, 51, 32, 64, 64, 74, 35, 89, 23, 116, 11, -106, 0]_[0, 64, 2, 0]
4_4_285_26_0_50_58_64_0_0_0_0_0_24_0_[0, 0, 34, 14, 51, 32, 64, 64, 74, 35, 89, 23, 116, 11, -106, 0]_[0, 64, 2, 0]
5_5_285_27_0_50_58_64_0_0_0_0_0_24_0_[0, 0, 34, 14, 51, 32, 64, 64, 74, 35, 89, 23, 116, 11, -106, 0]_[0, 64, 2, 0]
6_6_285_28_0_50_58_64_0_0_0_0_0_24_0_[0, 0, 34, 14, 51, 32, 64, 64, 74, 35, 89, 23, 116, 11, -106, 0]_[0, 64, 2, 0]
7_7_285_29_0_50_58_64_0_0_0_0_0_24_0_[0, 0, 34, 14, 51, 32, 64, 64, 74, 35, 89, 23, 116, 11, -106, 0]_[0, 64, 2, 0]
8_8_285_30_0_50_58_64_0_0_0_0_0_24_0_[0, 0, 34, 14, 51, 32, 64, 64, 74, 35, 89, 23, 116, 11, -106, 0]_[0, 64, 2, 0]
9_9_285_31_0_50_58_64_0_0_0_0_0_24_0_[0, 0, 34, 14, 51, 32, 64, 64, 74, 35, 89, 23, 116, 11, -106, 0]_[0, 64, 2, 0]
10_10_285_32_0_50_58_64_0_0_0_0_0_24_0_[0, 0, 34, 14, 51, 32, 64, 64, 74, 35, 89, 23, 116, 11, -106, 0]_[0, 64, 2, 0]
11_11_285_32_0_50_58_64_0_0_0_0_0_24_0_[0, 0, 34, 14, 51, 32, 64, 64, 74, 35, 89, 23, 116, 11, -106, 0]_[0, 64, 2, 0]
12_12_285_33_0_50_58_64_0_0_0_0_0_24_0_[0, 0, 34, 14, 51, 32, 64, 64, 74, 35, 89, 23, 116, 11, -106, 0]_[0, 64, 2, 0]
13_13_285_33_0_50_58_64_0_0_0_0_0_24_0_[0, 0, 34, 14, 51, 32, 64, 64, 74, 35, 89, 23, 116, 11, -106, 0]_[0, 64, 2, 0]
14_14_285_34_0_50_58_64_0_0_0_0_0_24_0_[0, 0, 34, 14, 51, 32, 64, 64, 74, 35, 89, 23, 116, 11, -106, 0]_[0, 64, 2, 0]
15_15_285_34_0_50_58_64_0_0_0_0_0_24_0_[0, 0, 34, 14, 51, 32, 64, 64, 74, 35, 89, 23, 116, 11, -106, 0]_[0, 64, 2, 0]
16_16_285_35_0_50_58_64_0_0_0_0_0_24_0_[0, 0, 34, 14, 51, 32, 64, 64, 74, 35, 89, 23, 116, 11, -106, 0]_[0, 64, 2, 0]
17_17_285_35_0_50_58_64_0_0_0_0_0_24_0_[0, 0, 34, 14, 51, 32, 64, 64, 74, 35, 89, 23, 116, 11, -106, 0]_[0, 64, 2, 0]
18_18_285_36_0_50_58_64_0_0_0_0_0_24_0_[0, 0, 34, 14, 51, 32, 64, 64, 74, 35, 89, 23, 116, 11, -106, 0]_[0, 64, 2, 0]
19_19_285_36_0_50_58_64_0_0_0_0_0_24_0_[0, 0, 34, 14, 51, 32, 64, 64, 74, 35, 89, 23, 116, 11, -106, 0]_[0, 64, 2, 0]
20_20_285_37_0_50_58_64_0_0_0_0_0_24_0_[0, 0, 34, 14, 51, 32, 64, 64, 74, 35, 89, 23, 116, 11, -106, 0]_[0, 64, 2, 0]
21_21_285_37_0_50_58_64_0_0_0_0_0_24_0_[0, 0, 34, 14, 51, 32, 64, 64, 74, 35, 89, 23, 116, 11, -106, 0]_[0, 64, 2, 0]
22_22_285_38_0_50_58_64_0_0_0_0_0_24_0_[0, 0, 34, 14, 51, 32, 64, 64, 74, 35, 89, 23, 116, 11, -106, 0]_[0, 64, 2, 0]
23_23_285_38_0_50_58_64_0_0_0_0_0_24_0_[0, 0, 34, 14, 51, 32, 64, 64, 74, 35, 89, 23, 116, 11, -106, 0]_[0, 64, 2, 0]
24_24_285_39_0_50_58_64_0_0_0_0_0_24_0_[0, 0, 34, 14, 51, 32, 64, 64, 74, 35, 89, 23, 116, 11, -106, 0]_[0, 64, 2, 0]
25_25_285_39_0_50_58_64_0_0_0_0_0_24_0_[0, 0, 34, 14, 51, 32, 64, 64, 74, 35, 89, 23, 116, 11, -106, 0]_[0, 64, 2, 0]
26_26_285_40_0_50_58_64_0_0_0_0_0_24_0_[0, 0, 34, 14, 51, 32, 64, 64, 74, 35, 89, 23, 116, 11, -106, 0]_[0, 64, 2, 0]
27_27_285_40_0_50_58_64_0_0_0_0_0_24_0_[0, 0, 34, 14, 51, 32, 64, 64, 74, 35, 89, 23, 116, 11, -106, 0]_[0, 64, 2, 0]
28_28_285_41_0_50_58_64_0_0_0_0_0_24_0_[0, 0, 34, 14, 51, 32, 64, 64, 74, 35, 89, 23, 116, 11, -106, 0]_[0, 64, 2, 0]
29_29_285_41_0_50_58_64_0_0_0_0_0_24_0_[0, 0, 34, 14, 51, 32, 64, 64, 74, 35, 89, 23, 116, 11, -106, 0]_[0, 64, 2, 0]
30_30_285_42_0_50_58_64_0_0_0_0_0_24_0_[0, 0, 34, 14, 51, 32, 64, 64, 74, 35, 89, 23, 116, 11, -106, 0]_[0, 64, 2, 0]
31_31_285_42_0_50_58_64_0_0_0_0_0_24_0_[0, 0, 34, 14, 51, 32, 64, 64, 74, 35, 89, 23, 116, 11, -106, 0]_[0, 64, 2, 0]
32_32_285_43_0_50_58_64_0_0_0_0_0_24_0_[0, 0, 34, 14, 51, 32, 64, 64, 74, 35, 89, 23, 116, 11, -106, 0]_[0, 64, 2, 0]
33_33_285_43_0_50_58_64_0_0_0_0_0_24_0_[0, 0, 34, 14, 51, 32, 64, 64, 74, 35, 89, 23, 116, 11, -106, 0]_[0, 64, 2, 0]
34_34_285_44_0_50_58_64_0_0_0_0_0_24_0_[0, 0, 34, 14, 51, 32, 64, 64, 74, 35, 89, 23, 116, 11, -106, 0]_[0, 64, 2, 0]
35_35_285_44_0_50_58_64_0_0_0_0_0_24_0_[0, 0, 34, 14, 51, 32, 64, 64, 74, 35, 89, 23, 116, 11, -106, 0]_[0, 64, 2, 0]
36_36_285_45_0_50_58_64_0_0_0_0_0_24_0_[0, 0, 34, 14, 51, 32, 64, 64, 74, 35, 89, 23, 116, 11, -106, 0]_[0, 64, 2, 0]
37_37_285_45_0_50_58_64_0_0_0_0_0_24_0_[0, 0, 34, 14, 51, 32, 64, 64, 74, 35, 89, 23, 116, 11, -106, 0]_[0, 64, 2, 0]
38_38_285_46_0_50_58_64_0_0_0_0_0_24_0_[0, 0, 34, 14, 51, 32, 64, 64, 74, 35, 89, 23, 116, 11, -106, 0]_[0, 64, 2, 0]
39_39_285_46_0_50_58_64_0_0_0_0_0_24_0_[0, 0, 34, 14, 51, 32, 64, 64, 74, 35, 89, 23, 116, 11, -106, 0]_[0, 64, 2, 0]
40_40_285_47_0_50_58_64_0_0_0_0_0_24_0_[0, 0, 34, 14, 51, 32, 64, 64, 74, 35, 89, 23, 116, 11, -106, 0]_[0, 64, 2, 0]
41_41_285_47_0_50_58_64_0_0_0_0_0_24_0_[0, 0, 34, 14, 51, 32, 64, 64, 74, 35, 89, 23, 116, 11, -106, 0]_[0, 64, 2, 0]
42_42_285_48_0_50_58_64_0_0_0_0_0_24_0_[0, 0, 34, 14, 51, 32, 64, 64, 74, 35, 89, 23, 116, 11, -106, 0]_[0, 64, 2, 0]
43_43_285_48_0_50_58_64_0_0_0_0_0_24_0_[0, 0, 34, 14, 51, 32, 64, 64, 74, 35, 89, 23, 116, 11, -106, 0]_[0, 64, 2, 0]
44_44_285_49_0_50_58_64_0_0_0_0_0_24_0_[0, 0, 34, 14, 51, 32, 64, 64, 74, 35, 89, 23, 116, 11, -106, 0]_[0, 64, 2, 0]
45_45_285_49_0_50_58_64_0_0_0_0_0_24_0_[0, 0, 34, 14, 51, 32, 64, 64, 74, 35, 89, 23, 116, 11, -106, 0]_[0, 64, 2, 0]
46_46_285_50_0_50_58_64_0_0_0_0_0_24_0_[0, 0, 34, 14, 51, 32, 64, 64, 74, 35, 89, 23, 116, 11, -106, 0]_[0, 64, 2, 0]
47_47_285_50_0_50_58_64_0_0_0_0_0_24_0_[0, 0, 34, 14, 51, 32, 64, 64, 74, 35, 89, 23, 116, 11, -106, 0]_[0, 64, 2, 0]
48_48_285_51_0_50_58_64_0_0_0_0_0_24_0_[0, 0, 34, 14, 51, 32, 64, 64, 74, 35, 89, 23, 116, 11, -106, 0]_[0, 64, 2, 0]
49_49_285_51_0_50_58_64_0_0_0_0_0_24_0_[0, 0, 34, 14, 51, 32, 64, 64, 74, 35, 89, 23, 116, 11, -106, 0]_[0, 64, 2, 0]
50_50_285_52_0_50_58_64_0_0_0_0_0_24_0_[0, 0, 34, 14, 51, 32, 64, 64, 74, 35, 89, 23, 116, 11, -106, 0]_[0, 64, 2, 0]
51_51_285_52_0_50_58_64_0_0_0_0_0_24_0_[0, 0, 34, 14, 51, 32, 64, 64, 74, 35, 89, 23, 116, 11, -106, 0]_[0, 64, 2, 0]
52_52_285_53_0_50_58_64_0_0_0_0_0_24_0_[0, 0, 34, 14, 51, 32, 64, 64, 74, 35, 89, 23, 116, 11, -106, 0]_[0, 64, 2, 0]
53_53_285_53_0_50_58_64_0_0_0_0_0_24_0_[0, 0, 34, 14, 51, 32, 64, 64, 74, 35, 89, 23, 116, 11, -106, 0]_[0, 64, 2, 0]
54_54_285_54_0_50_58_64_0_0_0_0_0_24_0_[0, 0, 34, 14, 51, 32, 64, 64, 74, 35, 89, 23, 116, 11, -106, 0]_[0, 64, 2, 0]
55_55_285_54_0_50_58_64_0_0_0_0_0_24_0_[0, 0, 34, 14, 51, 32, 64, 64, 74, 35, 89, 23, 116, 11, -106, 0]_[0, 64, 2, 0]
56_56_285_55_0_50_58_64_0_0_0_0_0_24_0_[0, 0, 34, 14, 51, 32, 64, 64, 74, 35, 89, 23, 116, 11, -106, 0]_[0, 64, 2, 0]
57_57_285_55_0_50_58_64_0_0_0_0_0_24_0_[0, 0, 34, 14, 51, 32, 64, 64, 74, 35, 89, 23, 116, 11, -106, 0]_[0, 64, 2, 0]
58_58_285_56_0_50_58_64_0_0_0_0_0_24_0_[0, 0, 34, 14, 51, 32, 64, 64, 74, 35, 89, 23, 116, 11, -106, 0]_[0, 64, 2, 0]
59_59_285_56_0_50_58_64_0_0_0_0_0_24_0_[0, 0, 34, 14, 51, 32, 64, 64, 74, 35, 89, 23, 116, 11, -106, 0]_[0, 64, 2, 0]
60_60_285_57_0_50_58_64_0_0_0_0_0_24_0_[0, 0, 34, 14, 51, 32, 64, 64, 74, 35, 89, 23, 116, 11, -106, 0]_[0, 64, 2, 0]
61_61_285_57_0_50_58_64_0_0_0_0_0_24_0_[0, 0, 34, 14, 51, 32, 64, 64, 74, 35, 89, 23, 116, 11, -106, 0]_[0, 64, 2, 0]
62_62_285_58_0_50_58_64_0_0_0_0_0_24_0_[0, 0, 34, 14, 51, 32, 64, 64, 74, 35, 89, 23, 116, 11, -106, 0]_[0, 64, 2, 0]
63_63_285_58_0_50_58_64_0_0_0_0_0_24_0_[0, 0, 34, 14, 51, 32, 64, 64, 74, 35, 89, 23, 116, 11, -106, 0]_[0, 64, 2, 0]
64_64_285_59_0_50_58_64_0_0_0_0_0_24_0_[0, 0, 34, 14, 51, 32, 64, 64, 74, 35, 89, 23, 116, 11, -106, 0]_[0, 64, 2, 0]
65_65_285_59_0_50_58_64_0_0_0_0_0_24_0_[0, 0, 34, 14, 51, 32, 64, 64, 74, 35, 89, 23, 116, 11, -106, 0]_[0, 64, 2, 0]
66_66_285_60_0_50_58_64_0_0_0_0_0_24_0_[0, 0, 34, 14, 51, 32, 64, 64, 74, 35, 89, 23, 116, 11, -106, 0]_[0, 64, 2, 0]
67_67_285_60_0_50_58_64_0_0_0_0_0_24_0_[0, 0, 34, 14, 51, 32, 64, 64, 74, 35, 89, 23, 116, 11, -106, 0]_[0, 64, 2, 0]
68_68_285_61_0_50_58_64_0_0_0_0_0_24_0_[0, 0, 34, 14, 51, 32, 64, 64, 74, 35, 89, 23, 116, 11, -106, 0]_[0, 64, 2, 0]
69_69_285_61_0_50_58_64_0_0_0_0_0_24_0_[0, 0, 34, 14, 51, 32, 64, 64, 74, 35, 89, 23, 116, 11, -106, 0]_[0, 64, 2, 0]
70_70_285_62_0_50_58_64_0_0_0_0_0_24_0_[0, 0, 34, 14, 51, 32, 64, 64, 74, 35, 89, 23, 116, 11, -106, 0]_[0, 64, 2, 0]
71_71_285_62_0_50_58_64_0_0_0_0_0_24_0_[0, 0, 34, 14, 51, 32, 64, 64, 74, 35, 89, 23, 116, 11, -106, 0]_[0, 64, 2, 0]
72_72_285_63_0_50_58_64_0_0_0_0_0_24_0_[0, 0, 34, 14, 51, 32, 64, 64, 74, 35, 89, 23, 116, 11, -106, 0]_[0, 64, 2, 0]
73_73_285_63_0_50_58_64_0_0_0_0_0_24_0_[0, 0, 34, 14, 51, 32, 64, 64, 74, 35, 89, 23, 116, 11, -106, 0]_[0, 64, 2, 0]
74_74_285_64_0_50_58_64_0_0_0_0_0_24_0_[0, 0, 34, 14, 51, 32, 64, 64, 74, 35, 89, 23, 116, 11, -106, 0]_[0, 64, 2, 0]
75_75_285_64_0_50_58_64_0_0_0_0_0_24_0_[0, 0, 34, 14, 51, 32, 64, 64, 74, 35, 89, 23, 116, 11, -106, 0]_[0, 64, 2, 0]
76_76_285_65_0_50_58_64_0_0_0_0_0_24_0_[0, 0, 34, 14, 51, 32, 64, 64, 74, 35, 89, 23, 116, 11, -106, 0]_[0, 64, 2, 0]
77_77_285_65_0_50_58_64_0_0_0_0_0_24_0_[0, 0, 34, 14, 51, 32, 64, 64, 74, 35, 89, 23, 116, 11, -106, 0]_[0, 64, 2, 0]
78_78_285_66_0_50_58_64_0_0_0_0_0_24_0_[0, 0, 34, 14, 51, 32, 64, 64, 74, 35, 89, 23, 116, 11, -106, 0]_[0, 64, 2, 0]
79_79_285_66_0_50_58_64_0_0_0_0_0_24_0_[0, 0, 34, 14, 51, 32, 64, 64, 74, 35, 89, 23, 116, 11, -106, 0]_[0, 64, 2, 0]
80_80_285_67_0_50_58_64_0_0_0_0_0_24_0_[0, 0, 34, 14, 51, 32, 64, 64, 74, 35, 89, 23, 116, 11, -106, 0]_[0, 64, 2, 0]
81_81_285_67_0_50_58_64_0_0_0_0_0_24_0_[0, 0, 34, 14, 51, 32, 64, 64, 74, 35, 89, 23, 116, 11, -106, 0]_[0, 64, 2, 0]
82_82_285_68_0_50_58_64_0_0_0_0_0_24_0_[0, 0, 34, 14, 51, 32, 64, 64, 74, 35, 89, 23, 116, 11, -106, 0]_[0, 64, 2, 0]
83_83_285_69_0_50_58_64_0_0_0_0_0_24_0_[0, 0, 34, 14, 51, 32, 64, 64, 74, 35, 89, 23, 116, 11, -106, 0]_[0, 64, 2, 0]
84_84_285_70_0_50_58_64_0_0_0_0_0_24_0_[0, 0, 34, 14, 51, 32, 64, 64, 74, 35, 89, 23, 116, 11, -106, 0]_[0, 64, 2, 0]
85_85_285_71_0_50_58_64_0_0_0_0_0_24_0_[0, 0, 34, 14, 51, 32, 64, 64, 74, 35, 89, 23, 116, 11, -106, 0]_[0, 64, 2, 0]
86_86_285_72_0_50_58_64_0_0_0_0_0_24_0_[0, 0, 34, 14, 51, 32, 64, 64, 74, 35, 89, 23, 116, 11, -106, 0]_[0, 64, 2, 0]
87_87_285_73_0_50_58_64_0_0_0_0_0_24_0_[0, 0, 34, 14, 51, 32, 64, 64, 74, 35, 89, 23, 116, 11, -106, 0]_[0, 64, 2, 0]
88_88_285_74_0_50_58_64_0_0_0_0_0_24_0_[0, 0, 34, 14, 51, 32, 64, 64, 74, 35, 89, 23, 116, 11, -106, 0]_[0, 64, 2, 0]
89_89_285_75_0_50_58_64_0_0_0_0_0_24_0_[0, 0, 34, 14, 51, 32, 64, 64, 74, 35, 89, 23, 116, 11, -106, 0]_[0, 64, 2, 0]
90_90_285_76_0_50_58_64_0_0_0_0_0_24_0_[0, 0, 34, 14, 51, 32, 64, 64, 74, 35, 89, 23, 116, 11, -106, 0]_[0, 64, 2, 0]
91_91_285_77_0_50_58_64_0_0_0_0_0_24_0_[0, 0, 34, 14, 51, 32, 64, 64, 74, 35, 89, 23, 116, 11, -106, 0]_[0, 64, 2, 0]
92_92_285_78_0_50_58_64_0_0_0_0_0_24_0_[0, 0, 34, 14, 51, 32, 64, 64, 74, 35, 89, 23, 116, 11, -106, 0]_[0, 64, 2, 0]
93_93_285_79_0_50_58_64_0_0_0_0_0_24_0_[0, 0, 34, 14, 51, 32, 64, 64, 74, 35, 89, 23, 116, 11, -106, 0]_[0, 64, 2, 0]
94_94_285_80_0_50_58_64_0_0_0_0_0_24_0_[0, 0, 34, 14, 51, 32, 64, 64, 74, 35, 89, 23, 116, 11, -106, 0]_[0, 64, 2, 0]
95_95_285_81_0_50_58_64_0_0_0_0_0_24_0_[0, 0, 34, 14, 51, 32, 64, 64, 74, 35, 89, 23, 116, 11, -106, 0]_[0, 64, 2, 0]
96_96_285_82_0_50_58_64_0_0_0_0_0_24_0_[0, 0, 34, 14, 51, 32, 64, 64, 74, 35, 89, 23, 116, 11, -106, 0]_[0, 64, 2, 0]
97_97_285_83_0_50_58_64_0_0_0_0_0_24_0_[0, 0, 34, 14, 51, 32, 64, 64, 74, 35, 89, 23, 116, 11, -106, 0]_[0, 64, 2, 0]
98_98_285_84_0_50_58_64_0_0_0_0_0_24_0_[0, 0, 34, 14, 51, 32, 64, 64, 74, 35, 89, 23, 116, 11, -106, 0]_[0, 64, 2, 0]
99_99_285_85_0_50_58_64_0_0_0_0_0_24_0_[0, 0, 34, 14, 51, 32, 64, 64, 74, 35, 89, 23, 116, 11, -106, 0]_[0, 64, 2, 0]
100_100_285_86_0_50_58_64_0_0_0_0_0_24_0_[0, 0, 34, 14, 51, 32, 64, 64, 74, 35, 89, 23, 116, 11, -106, 0]_[0, 64, 2, 0]
101_101_285_87_0_50_58_64_0_0_0_0_0_24_0_[0, 0, 34, 14, 51, 32, 64, 64, 74, 35, 89, 23, 116, 11, -106, 0]_[0, 64, 2, 0]
102_102_285_88_0_50_58_64_0_0_0_0_0_24_0_[0, 0, 34, 14, 51, 32, 64, 64, 74, 35, 89, 23, 116, 11, -106, 0]_[0, 64, 2, 0]
103_103_285_89_0_50_58_64_0_0_0_0_0_24_0_[0, 0, 34, 14, 51, 32, 64, 64, 74, 35, 89, 23, 116, 11, -106, 0]_[0, 64, 2, 0]
104_104_285_90_0_50_58_64_0_0_0_0_0_24_0_[0, 0, 34, 14, 51, 32, 64, 64, 74, 35, 89, 23, 116, 11, -106, 0]_[0, 64, 2, 0]
105_105_285_91_0_50_58_64_0_0_0_0_0_24_0_[0, 0, 34, 14, 51, 32, 64, 64, 74, 35, 89, 23, 116, 11, -106, 0]_[0, 64, 2, 0]
106_106_285_92_0_50_58_64_0_0_0_0_0_24_0_[0, 0, 34, 14, 51, 32, 64, 64, 74, 35, 89, 23, 116, 11, -106, 0]_[0, 64, 2, 0]
107_107_285_93_0_50_58_64_0_0_0_0_0_24_0_[0, 0, 34, 14, 51, 32, 64, 64, 74, 35, 89, 23, 116, 11, -106, 0]_[0, 64, 2, 0]
108_108_285_94_0_50_58_64_0_0_0_0_0_24_0_[0, 0, 34, 14, 51, 32, 64, 64, 74, 35, 89, 23, 116, 11, -106, 0]_[0, 64, 2, 0]
109_109_285_95_0_50_58_64_0_0_0_0_0_24_0_[0, 0, 34, 14, 51, 32, 64, 64, 74, 35, 89, 23, 116, 11, -106, 0]_[0, 64, 2, 0]
110_110_285_96_0_50_58_64_0_0_0_0_0_24_0_[0, 0, 34, 14, 51, 32, 64, 64, 74, 35, 89, 23, 116, 11, -106, 0]_[0, 64, 2, 0]
111_111_285_97_0_50_58_64_0_0_0_0_0_24_0_[0, 0, 34, 14, 51, 32, 64, 64, 74, 35, 89, 23, 116, 11, -106, 0]_[0, 64, 2, 0]
112_112_285_98_0_50_58_64_0_0_0_0_0_24_0_[0, 0, 34, 14, 51, 32, 64, 64, 74, 35, 89, 23, 116, 11, -106, 0]_[0, 64, 2, 0]
113_113_285_99_0_50_58_64_0_0_0_0_0_24_0_[0, 0, 34, 14, 51, 32, 64, 64, 74, 35, 89, 23, 116, 11, -106, 0]_[0, 64, 2, 0]
114_114_285_100_0_50_58_64_0_0_0_0_0_24_0_[0, 0, 34, 14, 51, 32, 64, 64, 74, 35, 89, 23, 116, 11, -106, 0]_[0, 64, 2, 0]
115_115_285_101_0_50_58_64_0_0_0_0_0_24_0_[0, 0, 34, 14, 51, 32, 64, 64, 74, 35, 89, 23, 116, 11, -106, 0]_[0, 64, 2, 0]
116_116_285_102_0_50_58_64_0_0_0_0_0_24_0_[0, 0, 34, 14, 51, 32, 64, 64, 74, 35, 89, 23, 116, 11, -106, 0]_[0, 64, 2, 0]
117_117_285_103_0_50_58_64_0_0_0_0_0_24_0_[0, 0, 34, 14, 51, 32, 64, 64, 74, 35, 89, 23, 116, 11, -106, 0]_[0, 64, 2, 0]
118_118_285_104_0_50_58_64_0_0_0_0_0_24_0_[0, 0, 34, 14, 51, 32, 64, 64, 74, 35, 89, 23, 116, 11, -106, 0]_[0, 64, 2, 0]
119_119_285_105_0_50_58_64_0_0_0_0_0_24_0_[0, 0, 34, 14, 51, 32, 64, 64, 74, 35, 89, 23, 116, 11, -106, 0]_[0, 64, 2, 0]
120_120_285_106_0_50_58_64_0_0_0_0_0_24_0_[0, 0, 34, 14, 51, 32, 64, 64, 74, 35, 89, 23, 116, 11, -106, 0]_[0, 64, 2, 0]
121_121_285_107_0_50_58_64_0_0_0_0_0_24_0_[0, 0, 34, 14, 51, 32, 64, 64, 74, 35, 89, 23, 116, 11, -106, 0]_[0, 64, 2, 0]
122_122_285_108_0_50_58_64_0_0_0_0_0_24_0_[0, 0, 34, 14, 51, 32, 64, 64, 74, 35, 89, 23, 116, 11, -106, 0]_[0, 64, 2, 0]
123_123_285_109_0_50_58_64_0_0_0_0_0_24_0_[0, 0, 34, 14, 51, 32, 64, 64, 74, 35, 89, 23, 116, 11, -106, 0]_[0, 64, 2, 0]
124_124_285_110_0_50_58_64_0_0_0_0_0_24_0_[0, 0, 34, 14, 51, 32, 64, 64, 74, 35, 89, 23, 116, 11, -106, 0]_[0, 64, 2, 0]
125_125_285_111_0_50_58_64_0_0_0_0_0_24_0_[0, 0, 34, 14, 51, 32, 64, 64, 74, 35, 89, 23, 116, 11, -106, 0]_[0, 64, 2, 0]
126_126_285_112_0_50_58_64_0_0_0_0_0_24_0_[0, 0, 34, 14, 51, 32, 64, 64, 74, 35, 89, 23, 116, 11, -106, 0]_[0, 64, 2, 0]
127_127_285_113_0_50_58_64_0_0_0_0_0_24_0_[0, 0, 34, 14, 51, 32, 64, 64, 74, 35, 89, 23, 116, 11, -106, 0]_[0, 64, 2, 0]
