0_0_287_64_0_29_32_64_21_0_0_0_0_24_0_[0, 64, 5, 14, 21, 8]_[0, 64, 4, 14, 11, 0]
1_1_287_64_0_29_32_64_21_0_0_0_0_24_0_[0, 64, 5, 14, 21, 8]_[0, 64, 4, 14, 11, 0]
2_2_287_64_0_29_32_64_21_0_0_0_0_24_0_[0, 64, 5, 14, 21, 8]_[0, 64, 4, 14, 11, 0]
3_3_287_64_0_29_32_64_21_0_0_0_0_24_0_[0, 64, 5, 14, 21, 8]_[0, 64, 4, 14, 11, 0]
4_4_287_64_0_29_32_64_21_0_0_0_0_24_0_[0, 64, 5, 14, 21, 8]_[0, 64, 4, 14, 11, 0]
5_5_287_64_0_29_32_64_21_0_0_0_0_24_0_[0, 64, 5, 14, 21, 8]_[0, 64, 4, 14, 11, 0]
6_6_287_64_0_29_32_64_21_0_0_0_0_24_0_[0, 64, 5, 14, 21, 8]_[0, 64, 4, 14, 11, 0]
7_7_287_64_0_29_32_64_21_0_0_0_0_24_0_[0, 64, 5, 14, 21, 8]_[0, 64, 4, 14, 11, 0]
8_8_287_64_0_29_32_64_21_0_0_0_0_24_0_[0, 64, 5, 14, 21, 8]_[0, 64, 4, 14, 11, 0]
9_9_287_64_0_29_32_64_21_0_0_0_0_24_0_[0, 64, 5, 14, 21, 8]_[0, 64, 4, 14, 11, 0]
10_10_287_64_0_29_32_64_21_0_0_0_0_24_0_[0, 64, 5, 14, 21, 8]_[0, 64, 4, 14, 11, 0]
11_11_287_64_0_29_32_64_21_0_0_0_0_24_0_[0, 64, 5, 14, 21, 8]_[0, 64, 4, 14, 11, 0]
12_12_287_64_0_29_32_64_21_0_0_0_0_24_0_[0, 64, 5, 14, 21, 8]_[0, 64, 4, 14, 11, 0]
13_13_287_64_0_29_32_64_21_0_0_0_0_24_0_[0, 64, 5, 14, 21, 8]_[0, 64, 4, 14, 11, 0]
14_14_287_64_0_29_32_64_21_0_0_0_0_24_0_[0, 64, 5, 14, 21, 8]_[0, 64, 4, 14, 11, 0]
15_15_287_64_0_29_32_64_21_0_0_0_0_24_0_[0, 64, 5, 14, 21, 8]_[0, 64, 4, 14, 11, 0]
16_16_287_64_0_29_32_64_21_0_0_0_0_24_0_[0, 64, 5, 14, 21, 8]_[0, 64, 4, 14, 11, 0]
17_17_287_64_0_29_32_64_21_0_0_0_0_24_0_[0, 64, 5, 14, 21, 8]_[0, 64, 4, 14, 11, 0]
18_18_287_64_0_29_32_64_21_0_0_0_0_24_0_[0, 64, 5, 14, 21, 8]_[0, 64, 4, 14, 11, 0]
19_19_287_64_0_29_32_64_21_0_0_0_0_24_0_[0, 64, 5, 14, 21, 8]_[0, 64, 4, 14, 11, 0]
20_20_287_64_0_29_32_64_21_0_0_0_0_24_0_[0, 64, 5, 14, 21, 8]_[0, 64, 4, 14, 11, 0]
21_21_287_64_0_29_32_64_21_0_0_0_0_24_0_[0, 64, 5, 14, 21, 8]_[0, 64, 4, 14, 11, 0]
22_22_287_64_0_29_32_64_21_0_0_0_0_24_0_[0, 64, 5, 14, 21, 8]_[0, 64, 4, 14, 11, 0]
23_23_287_64_0_29_32_64_21_0_0_0_0_24_0_[0, 64, 5, 14, 21, 8]_[0, 64, 4, 14, 11, 0]
24_24_287_64_0_29_32_64_21_0_0_0_0_24_0_[0, 64, 5, 14, 21, 8]_[0, 64, 4, 14, 11, 0]
25_25_287_64_0_29_32_64_21_0_0_0_0_24_0_[0, 64, 5, 14, 21, 8]_[0, 64, 4, 14, 11, 0]
26_26_287_64_0_29_32_64_21_0_0_0_0_24_0_[0, 64, 5, 14, 21, 8]_[0, 64, 4, 14, 11, 0]
27_27_287_64_0_29_32_64_21_0_0_0_0_24_0_[0, 64, 5, 14, 21, 8]_[0, 64, 4, 14, 11, 0]
28_28_287_64_0_29_32_64_21_0_0_0_0_24_0_[0, 64, 5, 14, 21, 8]_[0, 64, 4, 14, 11, 0]
29_29_287_64_0_29_32_64_21_0_0_0_0_24_0_[0, 64, 5, 14, 21, 8]_[0, 64, 4, 14, 11, 0]
30_30_287_64_0_29_32_64_21_0_0_0_0_24_0_[0, 64, 5, 14, 21, 8]_[0, 64, 4, 14, 11, 0]
31_31_287_64_0_29_32_64_21_0_0_0_0_24_0_[0, 64, 5, 14, 21, 8]_[0, 64, 4, 14, 11, 0]
32_32_287_64_0_29_32_64_21_0_0_0_0_24_0_[0, 64, 5, 14, 21, 8]_[0, 64, 4, 14, 11, 0]
33_33_287_64_0_29_32_64_21_0_0_0_0_24_0_[0, 64, 5, 14, 21, 8]_[0, 64, 4, 14, 11, 0]
34_34_287_64_0_29_32_64_21_0_0_0_0_24_0_[0, 64, 5, 14, 21, 8]_[0, 64, 4, 14, 11, 0]
35_35_287_64_0_29_32_64_21_0_0_0_0_24_0_[0, 64, 5, 14, 21, 8]_[0, 64, 4, 14, 11, 0]
36_36_287_64_0_29_32_64_21_0_0_0_0_24_0_[0, 64, 5, 14, 21, 8]_[0, 64, 4, 14, 11, 0]
37_37_287_64_0_29_32_64_21_0_0_0_0_24_0_[0, 64, 5, 14, 21, 8]_[0, 64, 4, 14, 11, 0]
38_38_287_64_0_29_32_64_21_0_0_0_0_24_0_[0, 64, 5, 14, 21, 8]_[0, 64, 4, 14, 11, 0]
39_39_287_64_0_29_32_64_21_0_0_0_0_24_0_[0, 64, 5, 14, 21, 8]_[0, 64, 4, 14, 11, 0]
40_40_287_64_0_29_32_64_21_0_0_0_0_24_0_[0, 64, 5, 14, 21, 8]_[0, 64, 4, 14, 11, 0]
41_41_287_64_0_29_32_64_21_0_0_0_0_24_0_[0, 64, 5, 14, 21, 8]_[0, 64, 4, 14, 11, 0]
42_42_287_64_0_29_32_64_21_0_0_0_0_24_0_[0, 64, 5, 14, 21, 8]_[0, 64, 4, 14, 11, 0]
43_43_287_64_0_29_32_64_21_0_0_0_0_24_0_[0, 64, 5, 14, 21, 8]_[0, 64, 4, 14, 11, 0]
44_44_287_64_0_29_32_64_21_0_0_0_0_24_0_[0, 64, 5, 14, 21, 8]_[0, 64, 4, 14, 11, 0]
45_45_287_64_0_29_32_64_21_0_0_0_0_24_0_[0, 64, 5, 14, 21, 8]_[0, 64, 4, 14, 11, 0]
46_46_287_64_0_29_32_64_21_0_0_0_0_24_0_[0, 64, 5, 14, 21, 8]_[0, 64, 4, 14, 11, 0]
47_47_287_64_0_29_32_64_21_0_0_0_0_24_0_[0, 64, 5, 14, 21, 8]_[0, 64, 4, 14, 11, 0]
48_48_287_64_0_29_32_64_21_0_0_0_0_24_0_[0, 64, 5, 14, 21, 8]_[0, 64, 4, 14, 11, 0]
49_49_287_64_0_29_32_64_21_0_0_0_0_24_0_[0, 64, 5, 14, 21, 8]_[0, 64, 4, 14, 11, 0]
50_50_287_64_0_29_32_64_21_0_0_0_0_24_0_[0, 64, 5, 14, 21, 8]_[0, 64, 4, 14, 11, 0]
51_51_287_64_0_29_32_64_21_0_0_0_0_24_0_[0, 64, 5, 14, 21, 8]_[0, 64, 4, 14, 11, 0]
52_52_287_64_0_29_32_64_21_0_0_0_0_24_0_[0, 64, 5, 14, 21, 8]_[0, 64, 4, 14, 11, 0]
53_53_287_64_0_29_32_64_21_0_0_0_0_24_0_[0, 64, 5, 14, 21, 8]_[0, 64, 4, 14, 11, 0]
54_54_287_64_0_29_32_64_21_0_0_0_0_24_0_[0, 64, 5, 14, 21, 8]_[0, 64, 4, 14, 11, 0]
55_55_287_64_0_29_32_64_21_0_0_0_0_24_0_[0, 64, 5, 14, 21, 8]_[0, 64, 4, 14, 11, 0]
56_56_287_64_0_29_32_64_21_0_0_0_0_24_0_[0, 64, 5, 14, 21, 8]_[0, 64, 4, 14, 11, 0]
57_57_287_64_0_29_32_64_21_0_0_0_0_24_0_[0, 64, 5, 14, 21, 8]_[0, 64, 4, 14, 11, 0]
58_58_287_64_0_29_32_64_21_0_0_0_0_24_0_[0, 64, 5, 14, 21, 8]_[0, 64, 4, 14, 11, 0]
59_59_287_64_0_29_32_64_21_0_0_0_0_24_0_[0, 64, 5, 14, 21, 8]_[0, 64, 4, 14, 11, 0]
60_60_287_64_0_29_32_64_21_0_0_0_0_24_0_[0, 64, 5, 14, 21, 8]_[0, 64, 4, 14, 11, 0]
61_61_287_64_0_29_32_64_21_0_0_0_0_24_0_[0, 64, 5, 14, 21, 8]_[0, 64, 4, 14, 11, 0]
62_62_287_64_0_29_32_64_21_0_0_0_0_24_0_[0, 64, 5, 14, 21, 8]_[0, 64, 4, 14, 11, 0]
63_63_287_64_0_29_32_64_21_0_0_0_0_24_0_[0, 64, 5, 14, 21, 8]_[0, 64, 4, 14, 11, 0]
64_64_287_64_0_29_32_64_21_0_0_0_0_24_0_[0, 64, 5, 14, 21, 8]_[0, 64, 4, 14, 11, 0]
65_65_287_64_0_29_32_64_21_0_0_0_0_24_0_[0, 64, 5, 14, 21, 8]_[0, 64, 4, 14, 11, 0]
66_66_287_64_0_29_32_64_21_0_0_0_0_24_0_[0, 64, 5, 14, 21, 8]_[0, 64, 4, 14, 11, 0]
67_67_287_64_0_29_32_64_21_0_0_0_0_24_0_[0, 64, 5, 14, 21, 8]_[0, 64, 4, 14, 11, 0]
68_68_287_64_0_29_32_64_21_0_0_0_0_24_0_[0, 64, 5, 14, 21, 8]_[0, 64, 4, 14, 11, 0]
69_69_287_64_0_29_32_64_21_0_0_0_0_24_0_[0, 64, 5, 14, 21, 8]_[0, 64, 4, 14, 11, 0]
70_70_287_64_0_29_32_64_21_0_0_0_0_24_0_[0, 64, 5, 14, 21, 8]_[0, 64, 4, 14, 11, 0]
71_71_287_64_0_29_32_64_21_0_0_0_0_24_0_[0, 64, 5, 14, 21, 8]_[0, 64, 4, 14, 11, 0]
72_72_287_64_0_29_32_64_21_0_0_0_0_24_0_[0, 64, 5, 14, 21, 8]_[0, 64, 4, 14, 11, 0]
73_73_287_64_0_29_32_64_21_0_0_0_0_24_0_[0, 64, 5, 14, 21, 8]_[0, 64, 4, 14, 11, 0]
74_74_287_64_0_29_32_64_21_0_0_0_0_24_0_[0, 64, 5, 14, 21, 8]_[0, 64, 4, 14, 11, 0]
75_75_287_64_0_29_32_64_21_0_0_0_0_24_0_[0, 64, 5, 14, 21, 8]_[0, 64, 4, 14, 11, 0]
76_76_287_64_0_29_32_64_21_0_0_0_0_24_0_[0, 64, 5, 14, 21, 8]_[0, 64, 4, 14, 11, 0]
77_77_287_64_0_29_32_64_21_0_0_0_0_24_0_[0, 64, 5, 14, 21, 8]_[0, 64, 4, 14, 11, 0]
78_78_287_64_0_29_32_64_21_0_0_0_0_24_0_[0, 64, 5, 14, 21, 8]_[0, 64, 4, 14, 11, 0]
79_79_287_64_0_29_32_64_21_0_0_0_0_24_0_[0, 64, 5, 14, 21, 8]_[0, 64, 4, 14, 11, 0]
80_80_287_64_0_29_32_64_21_0_0_0_0_24_0_[0, 64, 5, 14, 21, 8]_[0, 64, 4, 14, 11, 0]
81_81_287_64_0_29_32_64_21_0_0_0_0_24_0_[0, 64, 5, 14, 21, 8]_[0, 64, 4, 14, 11, 0]
82_82_287_64_0_29_32_64_21_0_0_0_0_24_0_[0, 64, 5, 14, 21, 8]_[0, 64, 4, 14, 11, 0]
83_83_287_64_0_29_32_64_21_0_0_0_0_24_0_[0, 64, 5, 14, 21, 8]_[0, 64, 4, 14, 11, 0]
84_84_287_64_0_29_32_64_21_0_0_0_0_24_0_[0, 64, 5, 14, 21, 8]_[0, 64, 4, 14, 11, 0]
85_85_287_64_0_29_32_64_21_0_0_0_0_24_0_[0, 64, 5, 14, 21, 8]_[0, 64, 4, 14, 11, 0]
86_86_287_64_0_29_32_64_21_0_0_0_0_24_0_[0, 64, 5, 14, 21, 8]_[0, 64, 4, 14, 11, 0]
87_87_287_64_0_29_32_64_21_0_0_0_0_24_0_[0, 64, 5, 14, 21, 8]_[0, 64, 4, 14, 11, 0]
88_88_287_64_0_29_32_64_21_0_0_0_0_24_0_[0, 64, 5, 14, 21, 8]_[0, 64, 4, 14, 11, 0]
89_89_287_64_0_29_32_64_21_0_0_0_0_24_0_[0, 64, 5, 14, 21, 8]_[0, 64, 4, 14, 11, 0]
90_90_287_64_0_29_32_64_21_0_0_0_0_24_0_[0, 64, 5, 14, 21, 8]_[0, 64, 4, 14, 11, 0]
91_91_287_64_0_29_32_64_21_0_0_0_0_24_0_[0, 64, 5, 14, 21, 8]_[0, 64, 4, 14, 11, 0]
92_92_287_64_0_29_32_64_21_0_0_0_0_24_0_[0, 64, 5, 14, 21, 8]_[0, 64, 4, 14, 11, 0]
93_93_287_64_0_29_32_64_21_0_0_0_0_24_0_[0, 64, 5, 14, 21, 8]_[0, 64, 4, 14, 11, 0]
94_94_287_64_0_29_32_64_21_0_0_0_0_24_0_[0, 64, 5, 14, 21, 8]_[0, 64, 4, 14, 11, 0]
95_95_287_64_0_29_32_64_21_0_0_0_0_24_0_[0, 64, 5, 14, 21, 8]_[0, 64, 4, 14, 11, 0]
96_96_287_64_0_29_32_64_21_0_0_0_0_24_0_[0, 64, 5, 14, 21, 8]_[0, 64, 4, 14, 11, 0]
97_97_287_64_0_29_32_64_21_0_0_0_0_24_0_[0, 64, 5, 14, 21, 8]_[0, 64, 4, 14, 11, 0]
98_98_287_64_0_29_32_64_21_0_0_0_0_24_0_[0, 64, 5, 14, 21, 8]_[0, 64, 4, 14, 11, 0]
99_99_287_64_0_29_32_64_21_0_0_0_0_24_0_[0, 64, 5, 14, 21, 8]_[0, 64, 4, 14, 11, 0]
100_100_287_64_0_29_32_64_21_0_0_0_0_24_0_[0, 64, 5, 14, 21, 8]_[0, 64, 4, 14, 11, 0]
101_101_287_64_0_29_32_64_21_0_0_0_0_24_0_[0, 64, 5, 14, 21, 8]_[0, 64, 4, 14, 11, 0]
102_102_287_64_0_29_32_64_21_0_0_0_0_24_0_[0, 64, 5, 14, 21, 8]_[0, 64, 4, 14, 11, 0]
103_103_287_64_0_29_32_64_21_0_0_0_0_24_0_[0, 64, 5, 14, 21, 8]_[0, 64, 4, 14, 11, 0]
104_104_287_64_0_29_32_64_21_0_0_0_0_24_0_[0, 64, 5, 14, 21, 8]_[0, 64, 4, 14, 11, 0]
105_105_287_64_0_29_32_64_21_0_0_0_0_24_0_[0, 64, 5, 14, 21, 8]_[0, 64, 4, 14, 11, 0]
106_106_287_64_0_29_32_64_21_0_0_0_0_24_0_[0, 64, 5, 14, 21, 8]_[0, 64, 4, 14, 11, 0]
107_107_287_64_0_29_32_64_21_0_0_0_0_24_0_[0, 64, 5, 14, 21, 8]_[0, 64, 4, 14, 11, 0]
108_108_287_64_0_29_32_64_21_0_0_0_0_24_0_[0, 64, 5, 14, 21, 8]_[0, 64, 4, 14, 11, 0]
109_109_287_64_0_29_32_64_21_0_0_0_0_24_0_[0, 64, 5, 14, 21, 8]_[0, 64, 4, 14, 11, 0]
110_110_287_64_0_29_32_64_21_0_0_0_0_24_0_[0, 64, 5, 14, 21, 8]_[0, 64, 4, 14, 11, 0]
111_111_287_64_0_29_32_64_21_0_0_0_0_24_0_[0, 64, 5, 14, 21, 8]_[0, 64, 4, 14, 11, 0]
112_112_287_64_0_29_32_64_21_0_0_0_0_24_0_[0, 64, 5, 14, 21, 8]_[0, 64, 4, 14, 11, 0]
113_113_287_64_0_29_32_64_21_0_0_0_0_24_0_[0, 64, 5, 14, 21, 8]_[0, 64, 4, 14, 11, 0]
114_114_287_64_0_29_32_64_21_0_0_0_0_24_0_[0, 64, 5, 14, 21, 8]_[0, 64, 4, 14, 11, 0]
115_115_287_64_0_29_32_64_21_0_0_0_0_24_0_[0, 64, 5, 14, 21, 8]_[0, 64, 4, 14, 11, 0]
116_116_287_64_0_29_32_64_21_0_0_0_0_24_0_[0, 64, 5, 14, 21, 8]_[0, 64, 4, 14, 11, 0]
117_117_287_64_0_29_32_64_21_0_0_0_0_24_0_[0, 64, 5, 14, 21, 8]_[0, 64, 4, 14, 11, 0]
118_118_287_64_0_29_32_64_21_0_0_0_0_24_0_[0, 64, 5, 14, 21, 8]_[0, 64, 4, 14, 11, 0]
119_119_287_64_0_29_32_64_21_0_0_0_0_24_0_[0, 64, 5, 14, 21, 8]_[0, 64, 4, 14, 11, 0]
120_120_287_64_0_29_32_64_21_0_0_0_0_24_0_[0, 64, 5, 14, 21, 8]_[0, 64, 4, 14, 11, 0]
121_121_287_64_0_29_32_64_21_0_0_0_0_24_0_[0, 64, 5, 14, 21, 8]_[0, 64, 4, 14, 11, 0]
122_122_287_64_0_29_32_64_21_0_0_0_0_24_0_[0, 64, 5, 14, 21, 8]_[0, 64, 4, 14, 11, 0]
123_123_287_64_0_29_32_64_21_0_0_0_0_24_0_[0, 64, 5, 14, 21, 8]_[0, 64, 4, 14, 11, 0]
124_124_287_64_0_29_32_64_21_0_0_0_0_24_0_[0, 64, 5, 14, 21, 8]_[0, 64, 4, 14, 11, 0]
125_125_287_64_0_29_32_64_21_0_0_0_0_24_0_[0, 64, 5, 14, 21, 8]_[0, 64, 4, 14, 11, 0]
126_126_287_64_0_29_32_64_21_0_0_0_0_24_0_[0, 64, 5, 14, 21, 8]_[0, 64, 4, 14, 11, 0]
127_127_287_64_0_29_32_64_21_0_0_0_0_24_0_[0, 64, 5, 14, 21, 8]_[0, 64, 4, 14, 11, 0]
