0_0_290_65_0_45_32_64_0_0_0_0_0_24_0_null_[0, 64, 3, 5, 9, 0]
1_1_290_65_0_45_32_64_0_0_0_0_0_24_0_null_[0, 64, 3, 5, 9, 0]
2_2_290_65_0_45_32_64_0_0_0_0_0_24_0_null_[0, 64, 3, 5, 9, 0]
3_3_290_65_0_45_32_64_0_0_0_0_0_24_0_null_[0, 64, 3, 5, 9, 0]
4_4_290_65_0_45_32_64_0_0_0_0_0_24_0_null_[0, 64, 3, 5, 9, 0]
5_5_290_65_0_45_32_64_0_0_0_0_0_24_0_null_[0, 64, 3, 5, 9, 0]
6_6_290_65_0_45_32_64_0_0_0_0_0_24_0_null_[0, 64, 3, 5, 9, 0]
7_7_290_65_0_45_32_64_0_0_0_0_0_24_0_null_[0, 64, 3, 5, 9, 0]
8_8_290_65_0_45_32_64_0_0_0_0_0_24_0_null_[0, 64, 3, 5, 9, 0]
9_9_290_65_0_45_32_64_0_0_0_0_0_24_0_null_[0, 64, 3, 5, 9, 0]
10_10_290_65_0_45_32_64_0_0_0_0_0_24_0_null_[0, 64, 3, 5, 9, 0]
11_11_290_65_0_45_32_64_0_0_0_0_0_24_0_null_[0, 64, 3, 5, 9, 0]
12_12_290_65_0_45_32_64_0_0_0_0_0_24_0_null_[0, 64, 3, 5, 9, 0]
13_13_290_65_0_45_32_64_0_0_0_0_0_24_0_null_[0, 64, 3, 5, 9, 0]
14_14_290_65_0_45_32_64_0_0_0_0_0_24_0_null_[0, 64, 3, 5, 9, 0]
15_15_290_65_0_45_32_64_0_0_0_0_0_24_0_null_[0, 64, 3, 5, 9, 0]
16_16_290_65_0_45_32_64_0_0_0_0_0_24_0_null_[0, 64, 3, 5, 9, 0]
17_17_290_65_0_45_32_64_0_0_0_0_0_24_0_null_[0, 64, 3, 5, 9, 0]
18_18_290_65_0_45_32_64_0_0_0_0_0_24_0_null_[0, 64, 3, 5, 9, 0]
19_19_290_65_0_45_32_64_0_0_0_0_0_24_0_null_[0, 64, 3, 5, 9, 0]
20_20_290_65_0_45_32_64_0_0_0_0_0_24_0_null_[0, 64, 3, 5, 9, 0]
21_21_290_65_0_45_32_64_0_0_0_0_0_24_0_null_[0, 64, 3, 5, 9, 0]
22_22_290_65_0_45_32_64_0_0_0_0_0_24_0_null_[0, 64, 3, 5, 9, 0]
23_23_290_65_0_45_32_64_0_0_0_0_0_24_0_null_[0, 64, 3, 5, 9, 0]
24_24_290_65_0_45_32_64_0_0_0_0_0_24_0_null_[0, 64, 3, 5, 9, 0]
25_25_290_65_0_45_32_64_0_0_0_0_0_24_0_null_[0, 64, 3, 5, 9, 0]
26_26_290_65_0_45_32_64_0_0_0_0_0_24_0_null_[0, 64, 3, 5, 9, 0]
27_27_290_65_0_45_32_64_0_0_0_0_0_24_0_null_[0, 64, 3, 5, 9, 0]
28_28_290_65_0_45_32_64_0_0_0_0_0_24_0_null_[0, 64, 3, 5, 9, 0]
29_29_290_65_0_45_32_64_0_0_0_0_0_24_0_null_[0, 64, 3, 5, 9, 0]
30_30_290_65_0_45_32_64_0_0_0_0_0_24_0_null_[0, 64, 3, 5, 9, 0]
31_31_290_65_0_45_32_64_0_0_0_0_0_24_0_null_[0, 64, 3, 5, 9, 0]
32_32_290_65_0_45_32_64_0_0_0_0_0_24_0_null_[0, 64, 3, 5, 9, 0]
33_33_290_65_0_45_32_64_0_0_0_0_0_24_0_null_[0, 64, 3, 5, 9, 0]
34_34_290_65_0_45_32_64_0_0_0_0_0_24_0_null_[0, 64, 3, 5, 9, 0]
35_35_290_65_0_45_32_64_0_0_0_0_0_24_0_null_[0, 64, 3, 5, 9, 0]
36_36_290_65_0_45_32_64_0_0_0_0_0_24_0_null_[0, 64, 3, 5, 9, 0]
37_37_290_65_0_45_32_64_0_0_0_0_0_24_0_null_[0, 64, 3, 5, 9, 0]
38_38_290_65_0_45_32_64_0_0_0_0_0_24_0_null_[0, 64, 3, 5, 9, 0]
39_39_290_65_0_45_32_64_0_0_0_0_0_24_0_null_[0, 64, 3, 5, 9, 0]
40_40_290_65_0_45_32_64_0_0_0_0_0_24_0_null_[0, 64, 3, 5, 9, 0]
41_41_290_65_0_45_32_64_0_0_0_0_0_24_0_null_[0, 64, 3, 5, 9, 0]
42_42_290_65_0_45_32_64_0_0_0_0_0_24_0_null_[0, 64, 3, 5, 9, 0]
43_43_290_65_0_45_32_64_0_0_0_0_0_24_0_null_[0, 64, 3, 5, 9, 0]
44_44_290_65_0_45_32_64_0_0_0_0_0_24_0_null_[0, 64, 3, 5, 9, 0]
45_45_290_65_0_45_32_64_0_0_0_0_0_24_0_null_[0, 64, 3, 5, 9, 0]
46_46_290_65_0_45_32_64_0_0_0_0_0_24_0_null_[0, 64, 3, 5, 9, 0]
47_47_290_65_0_45_32_64_0_0_0_0_0_24_0_null_[0, 64, 3, 5, 9, 0]
48_48_290_65_0_45_32_64_0_0_0_0_0_24_0_null_[0, 64, 3, 5, 9, 0]
49_49_290_65_0_45_32_64_0_0_0_0_0_24_0_null_[0, 64, 3, 5, 9, 0]
50_50_290_65_0_45_32_64_0_0_0_0_0_24_0_null_[0, 64, 3, 5, 9, 0]
51_51_290_65_0_45_32_64_0_0_0_0_0_24_0_null_[0, 64, 3, 5, 9, 0]
52_52_290_65_0_45_32_64_0_0_0_0_0_24_0_null_[0, 64, 3, 5, 9, 0]
53_53_290_65_0_45_32_64_0_0_0_0_0_24_0_null_[0, 64, 3, 5, 9, 0]
54_54_290_65_0_45_32_64_0_0_0_0_0_24_0_null_[0, 64, 3, 5, 9, 0]
55_55_290_65_0_45_32_64_0_0_0_0_0_24_0_null_[0, 64, 3, 5, 9, 0]
56_56_290_65_0_45_32_64_0_0_0_0_0_24_0_null_[0, 64, 3, 5, 9, 0]
57_57_290_65_0_45_32_64_0_0_0_0_0_24_0_null_[0, 64, 3, 5, 9, 0]
58_58_290_65_0_45_32_64_0_0_0_0_0_24_0_null_[0, 64, 3, 5, 9, 0]
59_59_290_65_0_45_32_64_0_0_0_0_0_24_0_null_[0, 64, 3, 5, 9, 0]
60_60_290_65_0_45_32_64_0_0_0_0_0_24_0_null_[0, 64, 3, 5, 9, 0]
61_61_290_65_0_45_32_64_0_0_0_0_0_24_0_null_[0, 64, 3, 5, 9, 0]
62_62_290_65_0_45_32_64_0_0_0_0_0_24_0_null_[0, 64, 3, 5, 9, 0]
63_63_290_65_0_45_32_64_0_0_0_0_0_24_0_null_[0, 64, 3, 5, 9, 0]
64_64_290_65_0_45_32_64_0_0_0_0_0_24_0_null_[0, 64, 3, 5, 9, 0]
65_65_290_65_0_45_32_64_0_0_0_0_0_24_0_null_[0, 64, 3, 5, 9, 0]
66_66_290_65_0_45_32_64_0_0_0_0_0_24_0_null_[0, 64, 3, 5, 9, 0]
67_67_290_65_0_45_32_64_0_0_0_0_0_24_0_null_[0, 64, 3, 5, 9, 0]
68_68_290_65_0_45_32_64_0_0_0_0_0_24_0_null_[0, 64, 3, 5, 9, 0]
69_69_290_65_0_45_32_64_0_0_0_0_0_24_0_null_[0, 64, 3, 5, 9, 0]
70_70_290_65_0_45_32_64_0_0_0_0_0_24_0_null_[0, 64, 3, 5, 9, 0]
71_71_290_65_0_45_32_64_0_0_0_0_0_24_0_null_[0, 64, 3, 5, 9, 0]
72_72_290_65_0_45_32_64_0_0_0_0_0_24_0_null_[0, 64, 3, 5, 9, 0]
73_73_290_65_0_45_32_64_0_0_0_0_0_24_0_null_[0, 64, 3, 5, 9, 0]
74_74_290_65_0_45_32_64_0_0_0_0_0_24_0_null_[0, 64, 3, 5, 9, 0]
75_75_290_65_0_45_32_64_0_0_0_0_0_24_0_null_[0, 64, 3, 5, 9, 0]
76_76_290_65_0_45_32_64_0_0_0_0_0_24_0_null_[0, 64, 3, 5, 9, 0]
77_77_290_65_0_45_32_64_0_0_0_0_0_24_0_null_[0, 64, 3, 5, 9, 0]
78_78_290_65_0_45_32_64_0_0_0_0_0_24_0_null_[0, 64, 3, 5, 9, 0]
79_79_290_65_0_45_32_64_0_0_0_0_0_24_0_null_[0, 64, 3, 5, 9, 0]
80_80_290_65_0_45_32_64_0_0_0_0_0_24_0_null_[0, 64, 3, 5, 9, 0]
81_81_290_65_0_45_32_64_0_0_0_0_0_24_0_null_[0, 64, 3, 5, 9, 0]
82_82_290_65_0_45_32_64_0_0_0_0_0_24_0_null_[0, 64, 3, 5, 9, 0]
83_83_290_65_0_45_32_64_0_0_0_0_0_24_0_null_[0, 64, 3, 5, 9, 0]
84_84_290_65_0_45_32_64_0_0_0_0_0_24_0_null_[0, 64, 3, 5, 9, 0]
85_85_290_65_0_45_32_64_0_0_0_0_0_24_0_null_[0, 64, 3, 5, 9, 0]
86_86_290_65_0_45_32_64_0_0_0_0_0_24_0_null_[0, 64, 3, 5, 9, 0]
87_87_290_65_0_45_32_64_0_0_0_0_0_24_0_null_[0, 64, 3, 5, 9, 0]
88_88_290_65_0_45_32_64_0_0_0_0_0_24_0_null_[0, 64, 3, 5, 9, 0]
89_89_290_65_0_45_32_64_0_0_0_0_0_24_0_null_[0, 64, 3, 5, 9, 0]
90_90_290_65_0_45_32_64_0_0_0_0_0_24_0_null_[0, 64, 3, 5, 9, 0]
91_91_290_65_0_45_32_64_0_0_0_0_0_24_0_null_[0, 64, 3, 5, 9, 0]
92_92_290_65_0_45_32_64_0_0_0_0_0_24_0_null_[0, 64, 3, 5, 9, 0]
93_93_290_65_0_45_32_64_0_0_0_0_0_24_0_null_[0, 64, 3, 5, 9, 0]
94_94_290_65_0_45_32_64_0_0_0_0_0_24_0_null_[0, 64, 3, 5, 9, 0]
95_95_290_65_0_45_32_64_0_0_0_0_0_24_0_null_[0, 64, 3, 5, 9, 0]
96_96_290_65_0_45_32_64_0_0_0_0_0_24_0_null_[0, 64, 3, 5, 9, 0]
97_97_290_65_0_45_32_64_0_0_0_0_0_24_0_null_[0, 64, 3, 5, 9, 0]
98_98_290_65_0_45_32_64_0_0_0_0_0_24_0_null_[0, 64, 3, 5, 9, 0]
99_99_290_65_0_45_32_64_0_0_0_0_0_24_0_null_[0, 64, 3, 5, 9, 0]
100_100_290_65_0_45_32_64_0_0_0_0_0_24_0_null_[0, 64, 3, 5, 9, 0]
101_101_290_65_0_45_32_64_0_0_0_0_0_24_0_null_[0, 64, 3, 5, 9, 0]
102_102_290_65_0_45_32_64_0_0_0_0_0_24_0_null_[0, 64, 3, 5, 9, 0]
103_103_290_65_0_45_32_64_0_0_0_0_0_24_0_null_[0, 64, 3, 5, 9, 0]
104_104_290_65_0_45_32_64_0_0_0_0_0_24_0_null_[0, 64, 3, 5, 9, 0]
105_105_290_65_0_45_32_64_0_0_0_0_0_24_0_null_[0, 64, 3, 5, 9, 0]
106_106_290_65_0_45_32_64_0_0_0_0_0_24_0_null_[0, 64, 3, 5, 9, 0]
107_107_290_65_0_45_32_64_0_0_0_0_0_24_0_null_[0, 64, 3, 5, 9, 0]
108_108_290_65_0_45_32_64_0_0_0_0_0_24_0_null_[0, 64, 3, 5, 9, 0]
109_109_290_65_0_45_32_64_0_0_0_0_0_24_0_null_[0, 64, 3, 5, 9, 0]
110_110_290_65_0_45_32_64_0_0_0_0_0_24_0_null_[0, 64, 3, 5, 9, 0]
111_111_290_65_0_45_32_64_0_0_0_0_0_24_0_null_[0, 64, 3, 5, 9, 0]
112_112_290_65_0_45_32_64_0_0_0_0_0_24_0_null_[0, 64, 3, 5, 9, 0]
113_113_290_65_0_45_32_64_0_0_0_0_0_24_0_null_[0, 64, 3, 5, 9, 0]
114_114_290_65_0_45_32_64_0_0_0_0_0_24_0_null_[0, 64, 3, 5, 9, 0]
115_115_290_65_0_45_32_64_0_0_0_0_0_24_0_null_[0, 64, 3, 5, 9, 0]
116_116_290_65_0_45_32_64_0_0_0_0_0_24_0_null_[0, 64, 3, 5, 9, 0]
117_117_290_65_0_45_32_64_0_0_0_0_0_24_0_null_[0, 64, 3, 5, 9, 0]
118_118_290_65_0_45_32_64_0_0_0_0_0_24_0_null_[0, 64, 3, 5, 9, 0]
119_119_290_65_0_45_32_64_0_0_0_0_0_24_0_null_[0, 64, 3, 5, 9, 0]
120_120_290_65_0_45_32_64_0_0_0_0_0_24_0_null_[0, 64, 3, 5, 9, 0]
121_121_290_65_0_45_32_64_0_0_0_0_0_24_0_null_[0, 64, 3, 5, 9, 0]
122_122_290_65_0_45_32_64_0_0_0_0_0_24_0_null_[0, 64, 3, 5, 9, 0]
123_123_290_65_0_45_32_64_0_0_0_0_0_24_0_null_[0, 64, 3, 5, 9, 0]
124_124_290_65_0_45_32_64_0_0_0_0_0_24_0_null_[0, 64, 3, 5, 9, 0]
125_125_290_65_0_45_32_64_0_0_0_0_0_24_0_null_[0, 64, 3, 5, 9, 0]
126_126_290_65_0_45_32_64_0_0_0_0_0_24_0_null_[0, 64, 3, 5, 9, 0]
127_127_290_65_0_45_32_64_0_0_0_0_0_24_0_null_[0, 64, 3, 5, 9, 0]
