0_0_291_65_0_32_32_64_0_0_0_0_0_24_0_[0, 0, 75, 64]_[0, 64, 4, 12, 11, 0]
1_1_291_65_0_32_32_64_0_0_0_0_0_24_0_[0, 0, 75, 64]_[0, 64, 4, 12, 11, 0]
2_2_291_65_0_32_32_64_0_0_0_0_0_24_0_[0, 0, 75, 64]_[0, 64, 4, 12, 11, 0]
3_3_291_65_0_32_32_64_0_0_0_0_0_24_0_[0, 0, 75, 64]_[0, 64, 4, 12, 11, 0]
4_4_291_65_0_32_32_64_0_0_0_0_0_24_0_[0, 0, 75, 64]_[0, 64, 4, 12, 11, 0]
5_5_291_65_0_32_32_64_0_0_0_0_0_24_0_[0, 0, 75, 64]_[0, 64, 4, 12, 11, 0]
6_6_291_65_0_32_32_64_0_0_0_0_0_24_0_[0, 0, 75, 64]_[0, 64, 4, 12, 11, 0]
7_7_291_65_0_32_32_64_0_0_0_0_0_24_0_[0, 0, 75, 64]_[0, 64, 4, 12, 11, 0]
8_8_291_65_0_32_32_64_0_0_0_0_0_24_0_[0, 0, 75, 64]_[0, 64, 4, 12, 11, 0]
9_9_291_65_0_32_32_64_0_0_0_0_0_24_0_[0, 0, 75, 64]_[0, 64, 4, 12, 11, 0]
10_10_291_65_0_32_32_64_0_0_0_0_0_24_0_[0, 0, 75, 64]_[0, 64, 4, 12, 11, 0]
11_11_291_65_0_32_32_64_0_0_0_0_0_24_0_[0, 0, 75, 64]_[0, 64, 4, 12, 11, 0]
12_12_291_65_0_32_32_64_0_0_0_0_0_24_0_[0, 0, 75, 64]_[0, 64, 4, 12, 11, 0]
13_13_291_65_0_32_32_64_0_0_0_0_0_24_0_[0, 0, 75, 64]_[0, 64, 4, 12, 11, 0]
14_14_291_65_0_32_32_64_0_0_0_0_0_24_0_[0, 0, 75, 64]_[0, 64, 4, 12, 11, 0]
15_15_291_65_0_32_32_64_0_0_0_0_0_24_0_[0, 0, 75, 64]_[0, 64, 4, 12, 11, 0]
16_16_291_65_0_32_32_64_0_0_0_0_0_24_0_[0, 0, 75, 64]_[0, 64, 4, 12, 11, 0]
17_17_291_65_0_32_32_64_0_0_0_0_0_24_0_[0, 0, 75, 64]_[0, 64, 4, 12, 11, 0]
18_18_291_65_0_32_32_64_0_0_0_0_0_24_0_[0, 0, 75, 64]_[0, 64, 4, 12, 11, 0]
19_19_291_65_0_32_32_64_0_0_0_0_0_24_0_[0, 0, 75, 64]_[0, 64, 4, 12, 11, 0]
20_20_291_65_0_32_32_64_0_0_0_0_0_24_0_[0, 0, 75, 64]_[0, 64, 4, 12, 11, 0]
21_21_291_65_0_32_32_64_0_0_0_0_0_24_0_[0, 0, 75, 64]_[0, 64, 4, 12, 11, 0]
22_22_291_65_0_32_32_64_0_0_0_0_0_24_0_[0, 0, 75, 64]_[0, 64, 4, 12, 11, 0]
23_23_291_65_0_32_32_64_0_0_0_0_0_24_0_[0, 0, 75, 64]_[0, 64, 4, 12, 11, 0]
24_24_291_65_0_32_32_64_0_0_0_0_0_24_0_[0, 0, 75, 64]_[0, 64, 4, 12, 11, 0]
25_25_291_65_0_32_32_64_0_0_0_0_0_24_0_[0, 0, 75, 64]_[0, 64, 4, 12, 11, 0]
26_26_291_65_0_32_32_64_0_0_0_0_0_24_0_[0, 0, 75, 64]_[0, 64, 4, 12, 11, 0]
27_27_291_65_0_32_32_64_0_0_0_0_0_24_0_[0, 0, 75, 64]_[0, 64, 4, 12, 11, 0]
28_28_291_65_0_32_32_64_0_0_0_0_0_24_0_[0, 0, 75, 64]_[0, 64, 4, 12, 11, 0]
29_29_291_65_0_32_32_64_0_0_0_0_0_24_0_[0, 0, 75, 64]_[0, 64, 4, 12, 11, 0]
30_30_291_65_0_32_32_64_0_0_0_0_0_24_0_[0, 0, 75, 64]_[0, 64, 4, 12, 11, 0]
31_31_291_65_0_32_32_64_0_0_0_0_0_24_0_[0, 0, 75, 64]_[0, 64, 4, 12, 11, 0]
32_32_291_65_0_32_32_64_0_0_0_0_0_24_0_[0, 0, 75, 64]_[0, 64, 4, 12, 11, 0]
33_33_291_65_0_32_32_64_0_0_0_0_0_24_0_[0, 0, 75, 64]_[0, 64, 4, 12, 11, 0]
34_34_291_65_0_32_32_64_0_0_0_0_0_24_0_[0, 0, 75, 64]_[0, 64, 4, 12, 11, 0]
35_35_291_65_0_32_32_64_0_0_0_0_0_24_0_[0, 0, 75, 64]_[0, 64, 4, 12, 11, 0]
36_36_291_65_0_32_32_64_0_0_0_0_0_24_0_[0, 0, 75, 64]_[0, 64, 4, 12, 11, 0]
37_37_291_65_0_32_32_64_0_0_0_0_0_24_0_[0, 0, 75, 64]_[0, 64, 4, 12, 11, 0]
38_38_291_65_0_32_32_64_0_0_0_0_0_24_0_[0, 0, 75, 64]_[0, 64, 4, 12, 11, 0]
39_39_291_65_0_32_32_64_0_0_0_0_0_24_0_[0, 0, 75, 64]_[0, 64, 4, 12, 11, 0]
40_40_291_65_0_32_32_64_0_0_0_0_0_24_0_[0, 0, 75, 64]_[0, 64, 4, 12, 11, 0]
41_41_291_65_0_32_32_64_0_0_0_0_0_24_0_[0, 0, 75, 64]_[0, 64, 4, 12, 11, 0]
42_42_291_65_0_32_32_64_0_0_0_0_0_24_0_[0, 0, 75, 64]_[0, 64, 4, 12, 11, 0]
43_43_291_65_0_32_32_64_0_0_0_0_0_24_0_[0, 0, 75, 64]_[0, 64, 4, 12, 11, 0]
44_44_291_65_0_32_32_64_0_0_0_0_0_24_0_[0, 0, 75, 64]_[0, 64, 4, 12, 11, 0]
45_45_291_65_0_32_32_64_0_0_0_0_0_24_0_[0, 0, 75, 64]_[0, 64, 4, 12, 11, 0]
46_46_291_65_0_32_32_64_0_0_0_0_0_24_0_[0, 0, 75, 64]_[0, 64, 4, 12, 11, 0]
47_47_291_65_0_32_32_64_0_0_0_0_0_24_0_[0, 0, 75, 64]_[0, 64, 4, 12, 11, 0]
48_48_291_65_0_32_32_64_0_0_0_0_0_24_0_[0, 0, 75, 64]_[0, 64, 4, 12, 11, 0]
49_49_291_65_0_32_32_64_0_0_0_0_0_24_0_[0, 0, 75, 64]_[0, 64, 4, 12, 11, 0]
50_50_291_65_0_32_32_64_0_0_0_0_0_24_0_[0, 0, 75, 64]_[0, 64, 4, 12, 11, 0]
51_51_291_65_0_32_32_64_0_0_0_0_0_24_0_[0, 0, 75, 64]_[0, 64, 4, 12, 11, 0]
52_52_291_65_0_32_32_64_0_0_0_0_0_24_0_[0, 0, 75, 64]_[0, 64, 4, 12, 11, 0]
53_53_291_65_0_32_32_64_0_0_0_0_0_24_0_[0, 0, 75, 64]_[0, 64, 4, 12, 11, 0]
54_54_291_65_0_32_32_64_0_0_0_0_0_24_0_[0, 0, 75, 64]_[0, 64, 4, 12, 11, 0]
55_55_291_65_0_32_32_64_0_0_0_0_0_24_0_[0, 0, 75, 64]_[0, 64, 4, 12, 11, 0]
56_56_291_65_0_32_32_64_0_0_0_0_0_24_0_[0, 0, 75, 64]_[0, 64, 4, 12, 11, 0]
57_57_291_65_0_32_32_64_0_0_0_0_0_24_0_[0, 0, 75, 64]_[0, 64, 4, 12, 11, 0]
58_58_291_65_0_32_32_64_0_0_0_0_0_24_0_[0, 0, 75, 64]_[0, 64, 4, 12, 11, 0]
59_59_291_65_0_32_32_64_0_0_0_0_0_24_0_[0, 0, 75, 64]_[0, 64, 4, 12, 11, 0]
60_60_291_65_0_32_32_64_0_0_0_0_0_24_0_[0, 0, 75, 64]_[0, 64, 4, 12, 11, 0]
61_61_291_65_0_32_32_64_0_0_0_0_0_24_0_[0, 0, 75, 64]_[0, 64, 4, 12, 11, 0]
62_62_291_65_0_32_32_64_0_0_0_0_0_24_0_[0, 0, 75, 64]_[0, 64, 4, 12, 11, 0]
63_63_291_65_0_32_32_64_0_0_0_0_0_24_0_[0, 0, 75, 64]_[0, 64, 4, 12, 11, 0]
64_64_291_65_0_32_32_64_0_0_0_0_0_24_0_[0, 0, 75, 64]_[0, 64, 4, 12, 11, 0]
65_65_291_65_0_32_32_64_0_0_0_0_0_24_0_[0, 0, 75, 64]_[0, 64, 4, 12, 11, 0]
66_66_291_65_0_32_32_64_0_0_0_0_0_24_0_[0, 0, 75, 64]_[0, 64, 4, 12, 11, 0]
67_67_291_65_0_32_32_64_0_0_0_0_0_24_0_[0, 0, 75, 64]_[0, 64, 4, 12, 11, 0]
68_68_291_65_0_32_32_64_0_0_0_0_0_24_0_[0, 0, 75, 64]_[0, 64, 4, 12, 11, 0]
69_69_291_65_0_32_32_64_0_0_0_0_0_24_0_[0, 0, 75, 64]_[0, 64, 4, 12, 11, 0]
70_70_291_65_0_32_32_64_0_0_0_0_0_24_0_[0, 0, 75, 64]_[0, 64, 4, 12, 11, 0]
71_71_291_65_0_32_32_64_0_0_0_0_0_24_0_[0, 0, 75, 64]_[0, 64, 4, 12, 11, 0]
72_72_291_65_0_32_32_64_0_0_0_0_0_24_0_[0, 0, 75, 64]_[0, 64, 4, 12, 11, 0]
73_73_291_65_0_32_32_64_0_0_0_0_0_24_0_[0, 0, 75, 64]_[0, 64, 4, 12, 11, 0]
74_74_291_65_0_32_32_64_0_0_0_0_0_24_0_[0, 0, 75, 64]_[0, 64, 4, 12, 11, 0]
75_75_291_65_0_32_32_64_0_0_0_0_0_24_0_[0, 0, 75, 64]_[0, 64, 4, 12, 11, 0]
76_76_291_65_0_32_32_64_0_0_0_0_0_24_0_[0, 0, 75, 64]_[0, 64, 4, 12, 11, 0]
77_77_291_65_0_32_32_64_0_0_0_0_0_24_0_[0, 0, 75, 64]_[0, 64, 4, 12, 11, 0]
78_78_291_65_0_32_32_64_0_0_0_0_0_24_0_[0, 0, 75, 64]_[0, 64, 4, 12, 11, 0]
79_79_291_65_0_32_32_64_0_0_0_0_0_24_0_[0, 0, 75, 64]_[0, 64, 4, 12, 11, 0]
80_80_291_65_0_32_32_64_0_0_0_0_0_24_0_[0, 0, 75, 64]_[0, 64, 4, 12, 11, 0]
81_81_291_65_0_32_32_64_0_0_0_0_0_24_0_[0, 0, 75, 64]_[0, 64, 4, 12, 11, 0]
82_82_291_65_0_32_32_64_0_0_0_0_0_24_0_[0, 0, 75, 64]_[0, 64, 4, 12, 11, 0]
83_83_291_65_0_32_32_64_0_0_0_0_0_24_0_[0, 0, 75, 64]_[0, 64, 4, 12, 11, 0]
84_84_291_65_0_32_32_64_0_0_0_0_0_24_0_[0, 0, 75, 64]_[0, 64, 4, 12, 11, 0]
85_85_291_65_0_32_32_64_0_0_0_0_0_24_0_[0, 0, 75, 64]_[0, 64, 4, 12, 11, 0]
86_86_291_65_0_32_32_64_0_0_0_0_0_24_0_[0, 0, 75, 64]_[0, 64, 4, 12, 11, 0]
87_87_291_65_0_32_32_64_0_0_0_0_0_24_0_[0, 0, 75, 64]_[0, 64, 4, 12, 11, 0]
88_88_291_65_0_32_32_64_0_0_0_0_0_24_0_[0, 0, 75, 64]_[0, 64, 4, 12, 11, 0]
89_89_291_65_0_32_32_64_0_0_0_0_0_24_0_[0, 0, 75, 64]_[0, 64, 4, 12, 11, 0]
90_90_291_65_0_32_32_64_0_0_0_0_0_24_0_[0, 0, 75, 64]_[0, 64, 4, 12, 11, 0]
91_91_291_65_0_32_32_64_0_0_0_0_0_24_0_[0, 0, 75, 64]_[0, 64, 4, 12, 11, 0]
92_92_291_65_0_32_32_64_0_0_0_0_0_24_0_[0, 0, 75, 64]_[0, 64, 4, 12, 11, 0]
93_93_291_65_0_32_32_64_0_0_0_0_0_24_0_[0, 0, 75, 64]_[0, 64, 4, 12, 11, 0]
94_94_291_65_0_32_32_64_0_0_0_0_0_24_0_[0, 0, 75, 64]_[0, 64, 4, 12, 11, 0]
95_95_291_65_0_32_32_64_0_0_0_0_0_24_0_[0, 0, 75, 64]_[0, 64, 4, 12, 11, 0]
96_96_291_65_0_32_32_64_0_0_0_0_0_24_0_[0, 0, 75, 64]_[0, 64, 4, 12, 11, 0]
97_97_291_65_0_32_32_64_0_0_0_0_0_24_0_[0, 0, 75, 64]_[0, 64, 4, 12, 11, 0]
98_98_291_65_0_32_32_64_0_0_0_0_0_24_0_[0, 0, 75, 64]_[0, 64, 4, 12, 11, 0]
99_99_291_65_0_32_32_64_0_0_0_0_0_24_0_[0, 0, 75, 64]_[0, 64, 4, 12, 11, 0]
100_100_291_65_0_32_32_64_0_0_0_0_0_24_0_[0, 0, 75, 64]_[0, 64, 4, 12, 11, 0]
101_101_291_65_0_32_32_64_0_0_0_0_0_24_0_[0, 0, 75, 64]_[0, 64, 4, 12, 11, 0]
102_102_291_65_0_32_32_64_0_0_0_0_0_24_0_[0, 0, 75, 64]_[0, 64, 4, 12, 11, 0]
103_103_291_65_0_32_32_64_0_0_0_0_0_24_0_[0, 0, 75, 64]_[0, 64, 4, 12, 11, 0]
104_104_291_65_0_32_32_64_0_0_0_0_0_24_0_[0, 0, 75, 64]_[0, 64, 4, 12, 11, 0]
105_105_291_65_0_32_32_64_0_0_0_0_0_24_0_[0, 0, 75, 64]_[0, 64, 4, 12, 11, 0]
106_106_291_65_0_32_32_64_0_0_0_0_0_24_0_[0, 0, 75, 64]_[0, 64, 4, 12, 11, 0]
107_107_291_65_0_32_32_64_0_0_0_0_0_24_0_[0, 0, 75, 64]_[0, 64, 4, 12, 11, 0]
108_108_291_65_0_32_32_64_0_0_0_0_0_24_0_[0, 0, 75, 64]_[0, 64, 4, 12, 11, 0]
109_109_291_65_0_32_32_64_0_0_0_0_0_24_0_[0, 0, 75, 64]_[0, 64, 4, 12, 11, 0]
110_110_291_65_0_32_32_64_0_0_0_0_0_24_0_[0, 0, 75, 64]_[0, 64, 4, 12, 11, 0]
111_111_291_65_0_32_32_64_0_0_0_0_0_24_0_[0, 0, 75, 64]_[0, 64, 4, 12, 11, 0]
112_112_291_65_0_32_32_64_0_0_0_0_0_24_0_[0, 0, 75, 64]_[0, 64, 4, 12, 11, 0]
113_113_291_65_0_32_32_64_0_0_0_0_0_24_0_[0, 0, 75, 64]_[0, 64, 4, 12, 11, 0]
114_114_291_65_0_32_32_64_0_0_0_0_0_24_0_[0, 0, 75, 64]_[0, 64, 4, 12, 11, 0]
115_115_291_65_0_32_32_64_0_0_0_0_0_24_0_[0, 0, 75, 64]_[0, 64, 4, 12, 11, 0]
116_116_291_65_0_32_32_64_0_0_0_0_0_24_0_[0, 0, 75, 64]_[0, 64, 4, 12, 11, 0]
117_117_291_65_0_32_32_64_0_0_0_0_0_24_0_[0, 0, 75, 64]_[0, 64, 4, 12, 11, 0]
118_118_291_65_0_32_32_64_0_0_0_0_0_24_0_[0, 0, 75, 64]_[0, 64, 4, 12, 11, 0]
119_119_291_65_0_32_32_64_0_0_0_0_0_24_0_[0, 0, 75, 64]_[0, 64, 4, 12, 11, 0]
120_120_291_65_0_32_32_64_0_0_0_0_0_24_0_[0, 0, 75, 64]_[0, 64, 4, 12, 11, 0]
121_121_291_65_0_32_32_64_0_0_0_0_0_24_0_[0, 0, 75, 64]_[0, 64, 4, 12, 11, 0]
122_122_291_65_0_32_32_64_0_0_0_0_0_24_0_[0, 0, 75, 64]_[0, 64, 4, 12, 11, 0]
123_123_291_65_0_32_32_64_0_0_0_0_0_24_0_[0, 0, 75, 64]_[0, 64, 4, 12, 11, 0]
124_124_291_65_0_32_32_64_0_0_0_0_0_24_0_[0, 0, 75, 64]_[0, 64, 4, 12, 11, 0]
125_125_291_65_0_32_32_64_0_0_0_0_0_24_0_[0, 0, 75, 64]_[0, 64, 4, 12, 11, 0]
126_126_291_65_0_32_32_64_0_0_0_0_0_24_0_[0, 0, 75, 64]_[0, 64, 4, 12, 11, 0]
127_127_291_65_0_32_32_64_0_0_0_0_0_24_0_[0, 0, 75, 64]_[0, 64, 4, 12, 11, 0]
