0_0_292_65_0_52_32_64_0_0_0_0_0_24_0_[0, 0, 11, 64]_[0, 64, 51, 0]
1_1_292_65_0_52_32_64_0_0_0_0_0_24_0_[0, 0, 11, 64]_[0, 64, 51, 0]
2_2_292_65_0_52_32_64_0_0_0_0_0_24_0_[0, 0, 11, 64]_[0, 64, 51, 0]
3_3_292_65_0_52_32_64_0_0_0_0_0_24_0_[0, 0, 11, 64]_[0, 64, 51, 0]
4_4_292_65_0_52_32_64_0_0_0_0_0_24_0_[0, 0, 11, 64]_[0, 64, 51, 0]
5_5_292_65_0_52_32_64_0_0_0_0_0_24_0_[0, 0, 11, 64]_[0, 64, 51, 0]
6_6_292_65_0_52_32_64_0_0_0_0_0_24_0_[0, 0, 11, 64]_[0, 64, 51, 0]
7_7_292_65_0_52_32_64_0_0_0_0_0_24_0_[0, 0, 11, 64]_[0, 64, 51, 0]
8_8_292_65_0_52_32_64_0_0_0_0_0_24_0_[0, 0, 11, 64]_[0, 64, 51, 0]
9_9_292_65_0_52_32_64_0_0_0_0_0_24_0_[0, 0, 11, 64]_[0, 64, 51, 0]
10_10_292_65_0_52_32_64_0_0_0_0_0_24_0_[0, 0, 11, 64]_[0, 64, 51, 0]
11_11_292_65_0_52_32_64_0_0_0_0_0_24_0_[0, 0, 11, 64]_[0, 64, 51, 0]
12_12_292_65_0_52_32_64_0_0_0_0_0_24_0_[0, 0, 11, 64]_[0, 64, 51, 0]
13_13_292_65_0_52_32_64_0_0_0_0_0_24_0_[0, 0, 11, 64]_[0, 64, 51, 0]
14_14_292_65_0_52_32_64_0_0_0_0_0_24_0_[0, 0, 11, 64]_[0, 64, 51, 0]
15_15_292_65_0_52_32_64_0_0_0_0_0_24_0_[0, 0, 11, 64]_[0, 64, 51, 0]
16_16_292_65_0_52_32_64_0_0_0_0_0_24_0_[0, 0, 11, 64]_[0, 64, 51, 0]
17_17_292_65_0_52_32_64_0_0_0_0_0_24_0_[0, 0, 11, 64]_[0, 64, 51, 0]
18_18_292_65_0_52_32_64_0_0_0_0_0_24_0_[0, 0, 11, 64]_[0, 64, 51, 0]
19_19_292_65_0_52_32_64_0_0_0_0_0_24_0_[0, 0, 11, 64]_[0, 64, 51, 0]
20_20_292_65_0_52_32_64_0_0_0_0_0_24_0_[0, 0, 11, 64]_[0, 64, 51, 0]
21_21_292_65_0_52_32_64_0_0_0_0_0_24_0_[0, 0, 11, 64]_[0, 64, 51, 0]
22_22_292_65_0_52_32_64_0_0_0_0_0_24_0_[0, 0, 11, 64]_[0, 64, 51, 0]
23_23_292_65_0_52_32_64_0_0_0_0_0_24_0_[0, 0, 11, 64]_[0, 64, 51, 0]
24_24_292_65_0_52_32_64_0_0_0_0_0_24_0_[0, 0, 11, 64]_[0, 64, 51, 0]
25_25_292_65_0_52_32_64_0_0_0_0_0_24_0_[0, 0, 11, 64]_[0, 64, 51, 0]
26_26_292_65_0_52_32_64_0_0_0_0_0_24_0_[0, 0, 11, 64]_[0, 64, 51, 0]
27_27_292_65_0_52_32_64_0_0_0_0_0_24_0_[0, 0, 11, 64]_[0, 64, 51, 0]
28_28_292_65_0_52_32_64_0_0_0_0_0_24_0_[0, 0, 11, 64]_[0, 64, 51, 0]
29_29_292_65_0_52_32_64_0_0_0_0_0_24_0_[0, 0, 11, 64]_[0, 64, 51, 0]
30_30_292_65_0_52_32_64_0_0_0_0_0_24_0_[0, 0, 11, 64]_[0, 64, 51, 0]
31_31_292_65_0_52_32_64_0_0_0_0_0_24_0_[0, 0, 11, 64]_[0, 64, 51, 0]
32_32_292_65_0_52_32_64_0_0_0_0_0_24_0_[0, 0, 11, 64]_[0, 64, 51, 0]
33_33_292_65_0_52_32_64_0_0_0_0_0_24_0_[0, 0, 11, 64]_[0, 64, 51, 0]
34_34_292_65_0_52_32_64_0_0_0_0_0_24_0_[0, 0, 11, 64]_[0, 64, 51, 0]
35_35_292_65_0_52_32_64_0_0_0_0_0_24_0_[0, 0, 11, 64]_[0, 64, 51, 0]
36_36_292_65_0_52_32_64_0_0_0_0_0_24_0_[0, 0, 11, 64]_[0, 64, 51, 0]
37_37_292_65_0_52_32_64_0_0_0_0_0_24_0_[0, 0, 11, 64]_[0, 64, 51, 0]
38_38_292_65_0_52_32_64_0_0_0_0_0_24_0_[0, 0, 11, 64]_[0, 64, 51, 0]
39_39_292_65_0_52_32_64_0_0_0_0_0_24_0_[0, 0, 11, 64]_[0, 64, 51, 0]
40_40_292_65_0_52_32_64_0_0_0_0_0_24_0_[0, 0, 11, 64]_[0, 64, 51, 0]
41_41_292_65_0_52_32_64_0_0_0_0_0_24_0_[0, 0, 11, 64]_[0, 64, 51, 0]
42_42_292_65_0_52_32_64_0_0_0_0_0_24_0_[0, 0, 11, 64]_[0, 64, 51, 0]
43_43_292_65_0_52_32_64_0_0_0_0_0_24_0_[0, 0, 11, 64]_[0, 64, 51, 0]
44_44_292_65_0_52_32_64_0_0_0_0_0_24_0_[0, 0, 11, 64]_[0, 64, 51, 0]
45_45_292_65_0_52_32_64_0_0_0_0_0_24_0_[0, 0, 11, 64]_[0, 64, 51, 0]
46_46_292_65_0_52_32_64_0_0_0_0_0_24_0_[0, 0, 11, 64]_[0, 64, 51, 0]
47_47_292_65_0_52_32_64_0_0_0_0_0_24_0_[0, 0, 11, 64]_[0, 64, 51, 0]
48_48_292_65_0_52_32_64_0_0_0_0_0_24_0_[0, 0, 11, 64]_[0, 64, 51, 0]
49_49_292_65_0_52_32_64_0_0_0_0_0_24_0_[0, 0, 11, 64]_[0, 64, 51, 0]
50_50_292_65_0_52_32_64_0_0_0_0_0_24_0_[0, 0, 11, 64]_[0, 64, 51, 0]
51_51_292_65_0_52_32_64_0_0_0_0_0_24_0_[0, 0, 11, 64]_[0, 64, 51, 0]
52_52_292_65_0_52_32_64_0_0_0_0_0_24_0_[0, 0, 11, 64]_[0, 64, 51, 0]
53_53_292_65_0_52_32_64_0_0_0_0_0_24_0_[0, 0, 11, 64]_[0, 64, 51, 0]
54_54_292_65_0_52_32_64_0_0_0_0_0_24_0_[0, 0, 11, 64]_[0, 64, 51, 0]
55_55_292_65_0_52_32_64_0_0_0_0_0_24_0_[0, 0, 11, 64]_[0, 64, 51, 0]
56_56_292_65_0_52_32_64_0_0_0_0_0_24_0_[0, 0, 11, 64]_[0, 64, 51, 0]
57_57_292_65_0_52_32_64_0_0_0_0_0_24_0_[0, 0, 11, 64]_[0, 64, 51, 0]
58_58_292_65_0_52_32_64_0_0_0_0_0_24_0_[0, 0, 11, 64]_[0, 64, 51, 0]
59_59_292_65_0_52_32_64_0_0_0_0_0_24_0_[0, 0, 11, 64]_[0, 64, 51, 0]
60_60_292_65_0_52_32_64_0_0_0_0_0_24_0_[0, 0, 11, 64]_[0, 64, 51, 0]
61_61_292_65_0_52_32_64_0_0_0_0_0_24_0_[0, 0, 11, 64]_[0, 64, 51, 0]
62_62_292_65_0_52_32_64_0_0_0_0_0_24_0_[0, 0, 11, 64]_[0, 64, 51, 0]
63_63_292_65_0_52_32_64_0_0_0_0_0_24_0_[0, 0, 11, 64]_[0, 64, 51, 0]
64_64_292_65_0_52_32_64_0_0_0_0_0_24_0_[0, 0, 11, 64]_[0, 64, 51, 0]
65_65_292_65_0_52_32_64_0_0_0_0_0_24_0_[0, 0, 11, 64]_[0, 64, 51, 0]
66_66_292_65_0_52_32_64_0_0_0_0_0_24_0_[0, 0, 11, 64]_[0, 64, 51, 0]
67_67_292_65_0_52_32_64_0_0_0_0_0_24_0_[0, 0, 11, 64]_[0, 64, 51, 0]
68_68_292_65_0_52_32_64_0_0_0_0_0_24_0_[0, 0, 11, 64]_[0, 64, 51, 0]
69_69_292_65_0_52_32_64_0_0_0_0_0_24_0_[0, 0, 11, 64]_[0, 64, 51, 0]
70_70_292_65_0_52_32_64_0_0_0_0_0_24_0_[0, 0, 11, 64]_[0, 64, 51, 0]
71_71_292_65_0_52_32_64_0_0_0_0_0_24_0_[0, 0, 11, 64]_[0, 64, 51, 0]
72_72_292_65_0_52_32_64_0_0_0_0_0_24_0_[0, 0, 11, 64]_[0, 64, 51, 0]
73_73_292_65_0_52_32_64_0_0_0_0_0_24_0_[0, 0, 11, 64]_[0, 64, 51, 0]
74_74_292_65_0_52_32_64_0_0_0_0_0_24_0_[0, 0, 11, 64]_[0, 64, 51, 0]
75_75_292_65_0_52_32_64_0_0_0_0_0_24_0_[0, 0, 11, 64]_[0, 64, 51, 0]
76_76_292_65_0_52_32_64_0_0_0_0_0_24_0_[0, 0, 11, 64]_[0, 64, 51, 0]
77_77_292_65_0_52_32_64_0_0_0_0_0_24_0_[0, 0, 11, 64]_[0, 64, 51, 0]
78_78_292_65_0_52_32_64_0_0_0_0_0_24_0_[0, 0, 11, 64]_[0, 64, 51, 0]
79_79_292_65_0_52_32_64_0_0_0_0_0_24_0_[0, 0, 11, 64]_[0, 64, 51, 0]
80_80_292_65_0_52_32_64_0_0_0_0_0_24_0_[0, 0, 11, 64]_[0, 64, 51, 0]
81_81_292_65_0_52_32_64_0_0_0_0_0_24_0_[0, 0, 11, 64]_[0, 64, 51, 0]
82_82_292_65_0_52_32_64_0_0_0_0_0_24_0_[0, 0, 11, 64]_[0, 64, 51, 0]
83_83_292_65_0_52_32_64_0_0_0_0_0_24_0_[0, 0, 11, 64]_[0, 64, 51, 0]
84_84_292_65_0_52_32_64_0_0_0_0_0_24_0_[0, 0, 11, 64]_[0, 64, 51, 0]
85_85_292_65_0_52_32_64_0_0_0_0_0_24_0_[0, 0, 11, 64]_[0, 64, 51, 0]
86_86_292_65_0_52_32_64_0_0_0_0_0_24_0_[0, 0, 11, 64]_[0, 64, 51, 0]
87_87_292_65_0_52_32_64_0_0_0_0_0_24_0_[0, 0, 11, 64]_[0, 64, 51, 0]
88_88_292_65_0_52_32_64_0_0_0_0_0_24_0_[0, 0, 11, 64]_[0, 64, 51, 0]
89_89_292_65_0_52_32_64_0_0_0_0_0_24_0_[0, 0, 11, 64]_[0, 64, 51, 0]
90_90_292_65_0_52_32_64_0_0_0_0_0_24_0_[0, 0, 11, 64]_[0, 64, 51, 0]
91_91_292_65_0_52_32_64_0_0_0_0_0_24_0_[0, 0, 11, 64]_[0, 64, 51, 0]
92_92_292_65_0_52_32_64_0_0_0_0_0_24_0_[0, 0, 11, 64]_[0, 64, 51, 0]
93_93_292_65_0_52_32_64_0_0_0_0_0_24_0_[0, 0, 11, 64]_[0, 64, 51, 0]
94_94_292_65_0_52_32_64_0_0_0_0_0_24_0_[0, 0, 11, 64]_[0, 64, 51, 0]
95_95_292_65_0_52_32_64_0_0_0_0_0_24_0_[0, 0, 11, 64]_[0, 64, 51, 0]
96_96_292_65_0_52_32_64_0_0_0_0_0_24_0_[0, 0, 11, 64]_[0, 64, 51, 0]
97_97_292_65_0_52_32_64_0_0_0_0_0_24_0_[0, 0, 11, 64]_[0, 64, 51, 0]
98_98_292_65_0_52_32_64_0_0_0_0_0_24_0_[0, 0, 11, 64]_[0, 64, 51, 0]
99_99_292_65_0_52_32_64_0_0_0_0_0_24_0_[0, 0, 11, 64]_[0, 64, 51, 0]
100_100_292_65_0_52_32_64_0_0_0_0_0_24_0_[0, 0, 11, 64]_[0, 64, 51, 0]
101_101_292_65_0_52_32_64_0_0_0_0_0_24_0_[0, 0, 11, 64]_[0, 64, 51, 0]
102_102_292_65_0_52_32_64_0_0_0_0_0_24_0_[0, 0, 11, 64]_[0, 64, 51, 0]
103_103_292_65_0_52_32_64_0_0_0_0_0_24_0_[0, 0, 11, 64]_[0, 64, 51, 0]
104_104_292_65_0_52_32_64_0_0_0_0_0_24_0_[0, 0, 11, 64]_[0, 64, 51, 0]
105_105_292_65_0_52_32_64_0_0_0_0_0_24_0_[0, 0, 11, 64]_[0, 64, 51, 0]
106_106_292_65_0_52_32_64_0_0_0_0_0_24_0_[0, 0, 11, 64]_[0, 64, 51, 0]
107_107_292_65_0_52_32_64_0_0_0_0_0_24_0_[0, 0, 11, 64]_[0, 64, 51, 0]
108_108_292_65_0_52_32_64_0_0_0_0_0_24_0_[0, 0, 11, 64]_[0, 64, 51, 0]
109_109_292_65_0_52_32_64_0_0_0_0_0_24_0_[0, 0, 11, 64]_[0, 64, 51, 0]
110_110_292_65_0_52_32_64_0_0_0_0_0_24_0_[0, 0, 11, 64]_[0, 64, 51, 0]
111_111_292_65_0_52_32_64_0_0_0_0_0_24_0_[0, 0, 11, 64]_[0, 64, 51, 0]
112_112_292_65_0_52_32_64_0_0_0_0_0_24_0_[0, 0, 11, 64]_[0, 64, 51, 0]
113_113_292_65_0_52_32_64_0_0_0_0_0_24_0_[0, 0, 11, 64]_[0, 64, 51, 0]
114_114_292_65_0_52_32_64_0_0_0_0_0_24_0_[0, 0, 11, 64]_[0, 64, 51, 0]
115_115_292_65_0_52_32_64_0_0_0_0_0_24_0_[0, 0, 11, 64]_[0, 64, 51, 0]
116_116_292_65_0_52_32_64_0_0_0_0_0_24_0_[0, 0, 11, 64]_[0, 64, 51, 0]
117_117_292_65_0_52_32_64_0_0_0_0_0_24_0_[0, 0, 11, 64]_[0, 64, 51, 0]
118_118_292_65_0_52_32_64_0_0_0_0_0_24_0_[0, 0, 11, 64]_[0, 64, 51, 0]
119_119_292_65_0_52_32_64_0_0_0_0_0_24_0_[0, 0, 11, 64]_[0, 64, 51, 0]
120_120_292_65_0_52_32_64_0_0_0_0_0_24_0_[0, 0, 11, 64]_[0, 64, 51, 0]
121_121_292_65_0_52_32_64_0_0_0_0_0_24_0_[0, 0, 11, 64]_[0, 64, 51, 0]
122_122_292_65_0_52_32_64_0_0_0_0_0_24_0_[0, 0, 11, 64]_[0, 64, 51, 0]
123_123_292_65_0_52_32_64_0_0_0_0_0_24_0_[0, 0, 11, 64]_[0, 64, 51, 0]
124_124_292_65_0_52_32_64_0_0_0_0_0_24_0_[0, 0, 11, 64]_[0, 64, 51, 0]
125_125_292_65_0_52_32_64_0_0_0_0_0_24_0_[0, 0, 11, 64]_[0, 64, 51, 0]
126_126_292_65_0_52_32_64_0_0_0_0_0_24_0_[0, 0, 11, 64]_[0, 64, 51, 0]
127_127_292_65_0_52_32_64_0_0_0_0_0_24_0_[0, 0, 11, 64]_[0, 64, 51, 0]
