0_0_1974_0_0_32_32_64_0_0_0_0_0_24_0_null_[0, 64, 49, 45, -83, 0]
1_1_1974_0_0_32_32_64_0_0_0_0_0_24_0_null_[0, 64, 49, 45, -83, 0]
2_2_1974_0_0_32_32_64_0_0_0_0_0_24_0_null_[0, 64, 49, 45, -83, 0]
3_3_1974_0_0_32_32_64_0_0_0_0_0_24_0_null_[0, 64, 49, 45, -83, 0]
4_4_1974_0_0_32_32_64_0_0_0_0_0_24_0_null_[0, 64, 49, 45, -83, 0]
5_5_1974_0_0_32_32_64_0_0_0_0_0_24_0_null_[0, 64, 49, 45, -83, 0]
6_6_1974_0_0_32_32_64_0_0_0_0_0_24_0_null_[0, 64, 49, 45, -83, 0]
7_7_1974_0_0_32_32_64_0_0_0_0_0_24_0_null_[0, 64, 49, 45, -83, 0]
8_8_1974_0_0_32_32_64_0_0_0_0_0_24_0_null_[0, 64, 49, 45, -83, 0]
9_9_1974_0_0_32_32_64_0_0_0_0_0_24_0_null_[0, 64, 49, 45, -83, 0]
10_10_1974_0_0_32_32_64_0_0_0_0_0_24_0_null_[0, 64, 49, 45, -83, 0]
11_11_1974_0_0_32_32_64_0_0_0_0_0_24_0_null_[0, 64, 49, 45, -83, 0]
12_12_1979_12_0_32_32_64_0_0_0_0_0_24_0_null_[0, 64, 49, 45, -83, 0]
13_13_1979_12_0_32_32_64_0_0_0_0_0_24_0_null_[0, 64, 49, 45, -83, 0]
14_14_1979_12_0_32_32_64_0_0_0_0_0_24_0_null_[0, 64, 49, 45, -83, 0]
15_15_1979_12_0_32_32_64_0_0_0_0_0_24_0_null_[0, 64, 49, 45, -83, 0]
16_16_1979_12_0_32_32_64_0_0_0_0_0_24_0_null_[0, 64, 49, 45, -83, 0]
17_17_1979_12_0_32_32_64_0_0_0_0_0_24_0_null_[0, 64, 49, 45, -83, 0]
18_18_1979_12_0_32_32_64_0_0_0_0_0_24_0_null_[0, 64, 49, 45, -83, 0]
19_19_1979_12_0_32_32_64_0_0_0_0_0_24_0_null_[0, 64, 49, 45, -83, 0]
20_20_1979_12_0_32_32_64_0_0_0_0_0_24_0_null_[0, 64, 49, 45, -83, 0]
21_21_1979_12_0_32_32_64_0_0_0_0_0_24_0_null_[0, 64, 49, 45, -83, 0]
22_22_1979_12_0_32_32_64_0_0_0_0_0_24_0_null_[0, 64, 49, 45, -83, 0]
23_23_1979_12_0_32_32_64_0_0_0_0_0_24_0_null_[0, 64, 49, 45, -83, 0]
24_24_1980_24_0_32_32_64_0_0_0_0_0_24_0_null_[0, 64, 49, 45, -83, 0]
25_25_1980_24_0_32_32_64_0_0_0_0_0_24_0_null_[0, 64, 49, 45, -83, 0]
26_26_1980_24_0_32_32_64_0_0_0_0_0_24_0_null_[0, 64, 49, 45, -83, 0]
27_27_1980_24_0_32_32_64_0_0_0_0_0_24_0_null_[0, 64, 49, 45, -83, 0]
28_28_1980_24_0_32_32_64_0_0_0_0_0_24_0_null_[0, 64, 49, 45, -83, 0]
29_29_1980_24_0_32_32_64_0_0_0_0_0_24_0_null_[0, 64, 49, 45, -83, 0]
30_30_1980_24_0_32_32_64_0_0_0_0_0_24_0_null_[0, 64, 49, 45, -83, 0]
31_31_1980_24_0_32_32_64_0_0_0_0_0_24_0_null_[0, 64, 49, 45, -83, 0]
32_32_1980_24_0_32_32_64_0_0_0_0_0_24_0_null_[0, 64, 49, 45, -83, 0]
33_33_1980_24_0_32_32_64_0_0_0_0_0_24_0_null_[0, 64, 49, 45, -83, 0]
34_34_1980_24_0_32_32_64_0_0_0_0_0_24_0_null_[0, 64, 49, 45, -83, 0]
35_35_1980_24_0_32_32_64_0_0_0_0_0_24_0_null_[0, 64, 49, 45, -83, 0]
36_36_1983_36_0_32_32_64_0_0_0_0_0_24_0_null_[0, 64, 49, 45, -83, 0]
37_37_1983_36_0_32_32_64_0_0_0_0_0_24_0_null_[0, 64, 49, 45, -83, 0]
38_38_1983_36_0_32_32_64_0_0_0_0_0_24_0_null_[0, 64, 49, 45, -83, 0]
39_39_1983_36_0_32_32_64_0_0_0_0_0_24_0_null_[0, 64, 49, 45, -83, 0]
40_40_1983_36_0_32_32_64_0_0_0_0_0_24_0_null_[0, 64, 49, 45, -83, 0]
41_41_1983_36_0_32_32_64_0_0_0_0_0_24_0_null_[0, 64, 49, 45, -83, 0]
42_42_1983_36_0_32_32_64_0_0_0_0_0_24_0_null_[0, 64, 49, 45, -83, 0]
43_43_1983_36_0_32_32_64_0_0_0_0_0_24_0_null_[0, 64, 49, 45, -83, 0]
44_44_1983_36_0_32_32_64_0_0_0_0_0_24_0_null_[0, 64, 49, 45, -83, 0]
45_45_1983_36_0_32_32_64_0_0_0_0_0_24_0_null_[0, 64, 49, 45, -83, 0]
46_46_1983_36_0_32_32_64_0_0_0_0_0_24_0_null_[0, 64, 49, 45, -83, 0]
47_47_1983_36_0_32_32_64_0_0_0_0_0_24_0_null_[0, 64, 49, 45, -83, 0]
48_48_1981_60_0_32_32_64_0_0_0_0_0_24_0_null_[0, 64, 49, 45, -83, 0]
49_49_1981_60_0_32_32_64_0_0_0_0_0_24_0_null_[0, 64, 49, 45, -83, 0]
50_50_1981_60_0_32_32_64_0_0_0_0_0_24_0_null_[0, 64, 49, 45, -83, 0]
51_51_1981_60_0_32_32_64_0_0_0_0_0_24_0_null_[0, 64, 49, 45, -83, 0]
52_52_1981_60_0_32_32_64_0_0_0_0_0_24_0_null_[0, 64, 49, 45, -83, 0]
53_53_1981_60_0_32_32_64_0_0_0_0_0_24_0_null_[0, 64, 49, 45, -83, 0]
54_54_1981_60_0_32_32_64_0_0_0_0_0_24_0_null_[0, 64, 49, 45, -83, 0]
55_55_1981_60_0_32_32_64_0_0_0_0_0_24_0_null_[0, 64, 49, 45, -83, 0]
56_56_1981_60_0_32_32_64_0_0_0_0_0_24_0_null_[0, 64, 49, 45, -83, 0]
57_57_1981_60_0_32_32_64_0_0_0_0_0_24_0_null_[0, 64, 49, 45, -83, 0]
58_58_1981_60_0_32_32_64_0_0_0_0_0_24_0_null_[0, 64, 49, 45, -83, 0]
59_59_1981_60_0_32_32_64_0_0_0_0_0_24_0_null_[0, 64, 49, 45, -83, 0]
60_60_1981_60_0_32_32_64_0_0_0_0_0_24_0_null_[0, 64, 49, 45, -83, 0]
61_61_1981_60_0_32_32_64_0_0_0_0_0_24_0_null_[0, 64, 49, 45, -83, 0]
62_62_1981_60_0_32_32_64_0_0_0_0_0_24_0_null_[0, 64, 49, 45, -83, 0]
63_63_1981_60_0_32_32_64_0_0_0_0_0_24_0_null_[0, 64, 49, 45, -83, 0]
64_64_1981_60_0_32_32_64_0_0_0_0_0_24_0_null_[0, 64, 49, 45, -83, 0]
65_65_1981_60_0_32_32_64_0_0_0_0_0_24_0_null_[0, 64, 49, 45, -83, 0]
66_66_1981_60_0_32_32_64_0_0_0_0_0_24_0_null_[0, 64, 49, 45, -83, 0]
67_67_1981_60_0_32_32_64_0_0_0_0_0_24_0_null_[0, 64, 49, 45, -83, 0]
68_68_1981_60_0_32_32_64_0_0_0_0_0_24_0_null_[0, 64, 49, 45, -83, 0]
69_69_1981_60_0_32_32_64_0_0_0_0_0_24_0_null_[0, 64, 49, 45, -83, 0]
70_70_1981_60_0_32_32_64_0_0_0_0_0_24_0_null_[0, 64, 49, 45, -83, 0]
71_71_1981_60_0_32_32_64_0_0_0_0_0_24_0_null_[0, 64, 49, 45, -83, 0]
72_72_1981_60_0_32_32_64_0_0_0_0_0_24_0_null_[0, 64, 49, 45, -83, 0]
73_73_1981_60_0_32_32_64_0_0_0_0_0_24_0_null_[0, 64, 49, 45, -83, 0]
74_74_1981_60_0_32_32_64_0_0_0_0_0_24_0_null_[0, 64, 49, 45, -83, 0]
75_75_1981_60_0_32_32_64_0_0_0_0_0_24_0_null_[0, 64, 49, 45, -83, 0]
76_76_1981_60_0_32_32_64_0_0_0_0_0_24_0_null_[0, 64, 49, 45, -83, 0]
77_77_1981_60_0_32_32_64_0_0_0_0_0_24_0_null_[0, 64, 49, 45, -83, 0]
78_78_1981_60_0_32_32_64_0_0_0_0_0_24_0_null_[0, 64, 49, 45, -83, 0]
79_79_1981_60_0_32_32_64_0_0_0_0_0_24_0_null_[0, 64, 49, 45, -83, 0]
80_80_1981_60_0_32_32_64_0_0_0_0_0_24_0_null_[0, 64, 49, 45, -83, 0]
81_81_1981_60_0_32_32_64_0_0_0_0_0_24_0_null_[0, 64, 49, 45, -83, 0]
82_82_1981_60_0_32_32_64_0_0_0_0_0_24_0_null_[0, 64, 49, 45, -83, 0]
83_83_1981_60_0_32_32_64_0_0_0_0_0_24_0_null_[0, 64, 49, 45, -83, 0]
84_84_1989_96_0_32_32_64_0_0_0_0_0_24_0_null_[0, 64, 49, 45, -83, 0]
85_85_1989_96_0_32_32_64_0_0_0_0_0_24_0_null_[0, 64, 49, 45, -83, 0]
86_86_1989_96_0_32_32_64_0_0_0_0_0_24_0_null_[0, 64, 49, 45, -83, 0]
87_87_1989_96_0_32_32_64_0_0_0_0_0_24_0_null_[0, 64, 49, 45, -83, 0]
88_88_1989_96_0_32_32_64_0_0_0_0_0_24_0_null_[0, 64, 49, 45, -83, 0]
89_89_1989_96_0_32_32_64_0_0_0_0_0_24_0_null_[0, 64, 49, 45, -83, 0]
90_90_1989_96_0_32_32_64_0_0_0_0_0_24_0_null_[0, 64, 49, 45, -83, 0]
91_91_1989_96_0_32_32_64_0_0_0_0_0_24_0_null_[0, 64, 49, 45, -83, 0]
92_92_1989_96_0_32_32_64_0_0_0_0_0_24_0_null_[0, 64, 49, 45, -83, 0]
93_93_1989_96_0_32_32_64_0_0_0_0_0_24_0_null_[0, 64, 49, 45, -83, 0]
94_94_1989_96_0_32_32_64_0_0_0_0_0_24_0_null_[0, 64, 49, 45, -83, 0]
95_95_1989_96_0_32_32_64_0_0_0_0_0_24_0_null_[0, 64, 49, 45, -83, 0]
96_96_1989_96_0_32_32_64_0_0_0_0_0_24_0_null_[0, 64, 49, 45, -83, 0]
97_97_1989_84_0_32_32_64_0_0_0_0_0_24_0_null_[0, 64, 49, 45, -83, 0]
98_98_1989_84_0_32_32_64_0_0_0_0_0_24_0_null_[0, 64, 49, 45, -83, 0]
99_99_1978_60_0_32_32_64_0_0_0_0_0_24_0_null_[0, 64, 49, 45, -83, 0]
100_100_1978_60_0_32_32_64_0_0_0_0_0_24_0_null_[0, 64, 49, 45, -83, 0]
101_101_1978_60_0_32_32_64_0_0_0_0_0_24_0_null_[0, 64, 49, 45, -83, 0]
102_102_1978_60_0_32_32_64_0_0_0_0_0_24_0_null_[0, 64, 49, 45, -83, 0]
103_103_1978_60_0_32_32_64_0_0_0_0_0_24_0_null_[0, 64, 49, 45, -83, 0]
104_104_1978_60_0_32_32_64_0_0_0_0_0_24_0_null_[0, 64, 49, 45, -83, 0]
105_105_1978_60_0_32_32_64_0_0_0_0_0_24_0_null_[0, 64, 49, 45, -83, 0]
106_106_1978_60_0_32_32_64_0_0_0_0_0_24_0_null_[0, 64, 49, 45, -83, 0]
107_107_1978_60_0_32_32_64_0_0_0_0_0_24_0_null_[0, 64, 49, 45, -83, 0]
108_108_1978_60_0_32_32_64_0_0_0_0_0_24_0_null_[0, 64, 49, 45, -83, 0]
109_109_1978_60_0_32_32_64_0_0_0_0_0_24_0_null_[0, 64, 49, 45, -83, 0]
110_110_1978_60_0_32_32_64_0_0_0_0_0_24_0_null_[0, 64, 49, 45, -83, 0]
111_111_1978_60_0_32_32_64_0_0_0_0_0_24_0_null_[0, 64, 49, 45, -83, 0]
112_112_1978_60_0_32_32_64_0_0_0_0_0_24_0_null_[0, 64, 49, 45, -83, 0]
113_113_1978_60_0_32_32_64_0_0_0_0_0_24_0_null_[0, 64, 49, 45, -83, 0]
114_114_1978_60_0_32_32_64_0_0_0_0_0_24_0_null_[0, 64, 49, 45, -83, 0]
115_115_1978_60_0_32_32_64_0_0_0_0_0_24_0_null_[0, 64, 49, 45, -83, 0]
116_116_1978_60_0_32_32_64_0_0_0_0_0_24_0_null_[0, 64, 49, 45, -83, 0]
117_117_1978_60_0_32_32_64_0_0_0_0_0_24_0_null_[0, 64, 49, 45, -83, 0]
118_118_1978_60_0_32_32_64_0_0_0_0_0_24_0_null_[0, 64, 49, 45, -83, 0]
119_119_1978_60_0_32_32_64_0_0_0_0_0_24_0_null_[0, 64, 49, 45, -83, 0]
120_120_1978_60_0_32_32_64_0_0_0_0_0_24_0_null_[0, 64, 49, 45, -83, 0]
121_121_1978_60_0_32_32_64_0_0_0_0_0_24_0_null_[0, 64, 49, 45, -83, 0]
122_122_1978_60_0_32_32_64_0_0_0_0_0_24_0_null_[0, 64, 49, 45, -83, 0]
123_123_1978_60_0_32_32_64_0_0_0_0_0_24_0_null_[0, 64, 49, 45, -83, 0]
124_124_1978_60_0_32_32_64_0_0_0_0_0_24_0_null_[0, 64, 49, 45, -83, 0]
125_125_1978_60_0_32_32_64_0_0_0_0_0_24_0_null_[0, 64, 49, 45, -83, 0]
126_126_1978_60_0_32_32_64_0_0_0_0_0_24_0_null_[0, 64, 49, 45, -83, 0]
127_127_1978_60_0_32_32_64_0_0_0_0_0_24_0_null_[0, 64, 49, 45, -83, 0]
