0_0_33_64_0_38_32_64_0_7_0_0_0_24_0_[0, 64, 11, 32]_[0, 64, 125, 0]
1_1_33_64_0_38_32_64_0_7_0_0_0_24_0_[0, 64, 11, 32]_[0, 64, 125, 0]
2_2_33_64_0_38_32_64_0_7_0_0_0_24_0_[0, 64, 11, 32]_[0, 64, 125, 0]
3_3_33_64_0_38_32_64_0_7_0_0_0_24_0_[0, 64, 11, 32]_[0, 64, 125, 0]
4_4_33_64_0_38_32_64_0_7_0_0_0_24_0_[0, 64, 11, 32]_[0, 64, 125, 0]
5_5_33_64_0_38_32_64_0_7_0_0_0_24_0_[0, 64, 11, 32]_[0, 64, 125, 0]
6_6_33_64_0_38_32_64_0_7_0_0_0_24_0_[0, 64, 11, 32]_[0, 64, 125, 0]
7_7_33_64_0_38_32_64_0_7_0_0_0_24_0_[0, 64, 11, 32]_[0, 64, 125, 0]
8_8_33_64_0_38_32_64_0_7_0_0_0_24_0_[0, 64, 11, 32]_[0, 64, 125, 0]
9_9_33_64_0_38_32_64_0_7_0_0_0_24_0_[0, 64, 11, 32]_[0, 64, 125, 0]
10_10_33_64_0_38_32_64_0_7_0_0_0_24_0_[0, 64, 11, 32]_[0, 64, 125, 0]
11_11_33_64_0_38_32_64_0_7_0_0_0_24_0_[0, 64, 11, 32]_[0, 64, 125, 0]
12_12_33_64_0_38_32_64_0_7_0_0_0_24_0_[0, 64, 11, 32]_[0, 64, 125, 0]
13_13_33_64_0_38_32_64_0_7_0_0_0_24_0_[0, 64, 11, 32]_[0, 64, 125, 0]
14_14_33_64_0_38_32_64_0_7_0_0_0_24_0_[0, 64, 11, 32]_[0, 64, 125, 0]
15_15_33_64_0_38_32_64_0_7_0_0_0_24_0_[0, 64, 11, 32]_[0, 64, 125, 0]
16_16_33_64_0_38_32_64_0_7_0_0_0_24_0_[0, 64, 11, 32]_[0, 64, 125, 0]
17_17_33_64_0_38_32_64_0_7_0_0_0_24_0_[0, 64, 11, 32]_[0, 64, 125, 0]
18_18_33_64_0_38_32_64_0_7_0_0_0_24_0_[0, 64, 11, 32]_[0, 64, 125, 0]
19_19_33_64_0_38_32_64_0_7_0_0_0_24_0_[0, 64, 11, 32]_[0, 64, 125, 0]
20_20_33_64_0_38_32_64_0_7_0_0_0_24_0_[0, 64, 11, 32]_[0, 64, 125, 0]
21_21_33_64_0_38_32_64_0_7_0_0_0_24_0_[0, 64, 11, 32]_[0, 64, 125, 0]
22_22_33_64_0_38_32_64_0_7_0_0_0_24_0_[0, 64, 11, 32]_[0, 64, 125, 0]
23_23_33_64_0_38_32_64_0_7_0_0_0_24_0_[0, 64, 11, 32]_[0, 64, 125, 0]
24_24_33_64_0_38_32_64_0_7_0_0_0_24_0_[0, 64, 11, 32]_[0, 64, 125, 0]
25_25_33_64_0_38_32_64_0_7_0_0_0_24_0_[0, 64, 11, 32]_[0, 64, 125, 0]
26_26_33_64_0_38_32_64_0_7_0_0_0_24_0_[0, 64, 11, 32]_[0, 64, 125, 0]
27_27_33_64_0_38_32_64_0_7_0_0_0_24_0_[0, 64, 11, 32]_[0, 64, 125, 0]
28_28_33_64_0_38_32_64_0_7_0_0_0_24_0_[0, 64, 11, 32]_[0, 64, 125, 0]
29_29_33_64_0_38_32_64_0_7_0_0_0_24_0_[0, 64, 11, 32]_[0, 64, 125, 0]
30_30_33_64_0_38_32_64_0_7_0_0_0_24_0_[0, 64, 11, 32]_[0, 64, 125, 0]
31_31_33_64_0_38_32_64_0_7_0_0_0_24_0_[0, 64, 11, 32]_[0, 64, 125, 0]
32_32_33_64_0_38_32_64_0_7_0_0_0_24_0_[0, 64, 11, 32]_[0, 64, 125, 0]
33_33_33_64_0_38_32_64_0_7_0_0_0_24_0_[0, 64, 11, 32]_[0, 64, 125, 0]
34_34_33_64_0_38_32_64_0_7_0_0_0_24_0_[0, 64, 11, 32]_[0, 64, 125, 0]
35_35_33_64_0_38_32_64_0_7_0_0_0_24_0_[0, 64, 11, 32]_[0, 64, 125, 0]
36_36_33_64_0_38_32_64_0_7_0_0_0_24_0_[0, 64, 11, 32]_[0, 64, 125, 0]
37_37_33_64_0_38_32_64_0_7_0_0_0_24_0_[0, 64, 11, 32]_[0, 64, 125, 0]
38_38_33_64_0_38_32_64_0_7_0_0_0_24_0_[0, 64, 11, 32]_[0, 64, 125, 0]
39_39_33_64_0_38_32_64_0_7_0_0_0_24_0_[0, 64, 11, 32]_[0, 64, 125, 0]
40_40_33_64_0_38_32_64_0_7_0_0_0_24_0_[0, 64, 11, 32]_[0, 64, 125, 0]
41_41_33_64_0_38_32_64_0_7_0_0_0_24_0_[0, 64, 11, 32]_[0, 64, 125, 0]
42_42_33_64_0_38_32_64_0_7_0_0_0_24_0_[0, 64, 11, 32]_[0, 64, 125, 0]
43_43_33_64_0_38_32_64_0_7_0_0_0_24_0_[0, 64, 11, 32]_[0, 64, 125, 0]
44_44_33_64_0_38_32_64_0_7_0_0_0_24_0_[0, 64, 11, 32]_[0, 64, 125, 0]
45_45_33_64_0_38_32_64_0_7_0_0_0_24_0_[0, 64, 11, 32]_[0, 64, 125, 0]
46_46_33_64_0_38_32_64_0_7_0_0_0_24_0_[0, 64, 11, 32]_[0, 64, 125, 0]
47_47_33_64_0_38_32_64_0_7_0_0_0_24_0_[0, 64, 11, 32]_[0, 64, 125, 0]
48_48_33_64_0_38_32_64_0_7_0_0_0_24_0_[0, 64, 11, 32]_[0, 64, 125, 0]
49_49_33_64_0_38_32_64_0_7_0_0_0_24_0_[0, 64, 11, 32]_[0, 64, 125, 0]
50_50_33_64_0_38_32_64_0_7_0_0_0_24_0_[0, 64, 11, 32]_[0, 64, 125, 0]
51_51_33_64_0_38_32_64_0_7_0_0_0_24_0_[0, 64, 11, 32]_[0, 64, 125, 0]
52_52_33_64_0_38_32_64_0_7_0_0_0_24_0_[0, 64, 11, 32]_[0, 64, 125, 0]
53_53_33_64_0_38_32_64_0_7_0_0_0_24_0_[0, 64, 11, 32]_[0, 64, 125, 0]
54_54_33_64_0_38_32_64_0_7_0_0_0_24_0_[0, 64, 11, 32]_[0, 64, 125, 0]
55_55_33_64_0_38_32_64_0_7_0_0_0_24_0_[0, 64, 11, 32]_[0, 64, 125, 0]
56_56_33_64_0_38_32_64_0_7_0_0_0_24_0_[0, 64, 11, 32]_[0, 64, 125, 0]
57_57_33_64_0_38_32_64_0_7_0_0_0_24_0_[0, 64, 11, 32]_[0, 64, 125, 0]
58_58_33_64_0_38_32_64_0_7_0_0_0_24_0_[0, 64, 11, 32]_[0, 64, 125, 0]
59_59_33_64_0_38_32_64_0_7_0_0_0_24_0_[0, 64, 11, 32]_[0, 64, 125, 0]
60_60_33_64_0_38_32_64_0_7_0_0_0_24_0_[0, 64, 11, 32]_[0, 64, 125, 0]
61_61_33_64_0_38_32_64_0_7_0_0_0_24_0_[0, 64, 11, 32]_[0, 64, 125, 0]
62_62_33_64_0_38_32_64_0_7_0_0_0_24_0_[0, 64, 11, 32]_[0, 64, 125, 0]
63_63_33_64_0_38_32_64_0_7_0_0_0_24_0_[0, 64, 11, 32]_[0, 64, 125, 0]
64_64_33_64_0_38_32_64_0_7_0_0_0_24_0_[0, 64, 11, 32]_[0, 64, 125, 0]
65_65_34_69_0_38_32_64_0_7_0_0_0_24_0_[0, 64, 11, 32]_[0, 64, 125, 0]
66_66_34_69_0_38_32_64_0_7_0_0_0_24_0_[0, 64, 11, 32]_[0, 64, 125, 0]
67_67_34_69_0_38_32_64_0_7_0_0_0_24_0_[0, 64, 11, 32]_[0, 64, 125, 0]
68_68_34_69_0_38_32_64_0_7_0_0_0_24_0_[0, 64, 11, 32]_[0, 64, 125, 0]
69_69_34_69_0_38_32_64_0_7_0_0_0_24_0_[0, 64, 11, 32]_[0, 64, 125, 0]
70_70_34_69_0_38_32_64_0_7_0_0_0_24_0_[0, 64, 11, 32]_[0, 64, 125, 0]
71_71_34_69_0_38_32_64_0_7_0_0_0_24_0_[0, 64, 11, 32]_[0, 64, 125, 0]
72_72_34_69_0_38_32_64_0_7_0_0_0_24_0_[0, 64, 11, 32]_[0, 64, 125, 0]
73_73_34_69_0_38_32_64_0_7_0_0_0_24_0_[0, 64, 11, 32]_[0, 64, 125, 0]
74_74_34_69_0_38_32_64_0_7_0_0_0_24_0_[0, 64, 11, 32]_[0, 64, 125, 0]
75_75_34_69_0_38_32_64_0_7_0_0_0_24_0_[0, 64, 11, 32]_[0, 64, 125, 0]
76_76_34_69_0_38_32_64_0_7_0_0_0_24_0_[0, 64, 11, 32]_[0, 64, 125, 0]
77_77_34_69_0_38_32_64_0_7_0_0_0_24_0_[0, 64, 11, 32]_[0, 64, 125, 0]
78_78_34_69_0_38_32_64_0_7_0_0_0_24_0_[0, 64, 11, 32]_[0, 64, 125, 0]
79_79_34_69_0_38_32_64_0_7_0_0_0_24_0_[0, 64, 11, 32]_[0, 64, 125, 0]
80_80_34_69_0_38_32_64_0_7_0_0_0_24_0_[0, 64, 11, 32]_[0, 64, 125, 0]
81_81_34_69_0_38_32_64_0_7_0_0_0_24_0_[0, 64, 11, 32]_[0, 64, 125, 0]
82_82_34_69_0_38_32_64_0_7_0_0_0_24_0_[0, 64, 11, 32]_[0, 64, 125, 0]
83_83_34_69_0_38_32_64_0_7_0_0_0_24_0_[0, 64, 11, 32]_[0, 64, 125, 0]
84_84_34_69_0_38_48_64_0_7_0_0_0_24_0_[0, 64, 11, 32]_[0, 64, 125, 0]
85_85_34_69_0_38_48_64_0_7_0_0_0_24_0_[0, 64, 11, 32]_[0, 64, 125, 0]
86_86_34_69_0_38_48_64_0_7_0_0_0_24_0_[0, 64, 11, 32]_[0, 64, 125, 0]
87_87_34_69_0_38_48_64_0_7_0_0_0_24_0_[0, 64, 11, 32]_[0, 64, 125, 0]
88_88_34_69_0_38_48_64_0_7_0_0_0_24_0_[0, 64, 11, 32]_[0, 64, 125, 0]
89_89_34_69_0_38_48_64_0_7_0_0_0_24_0_[0, 64, 11, 32]_[0, 64, 125, 0]
90_90_34_69_0_38_48_64_0_7_0_0_0_24_0_[0, 64, 11, 32]_[0, 64, 125, 0]
91_91_34_69_0_38_48_64_0_7_0_0_0_24_0_[0, 64, 11, 32]_[0, 64, 125, 0]
92_92_35_84_0_38_48_64_0_7_0_0_0_24_0_[0, 64, 11, 32]_[0, 64, 125, 0]
93_93_35_84_0_38_48_64_0_7_0_0_0_24_0_[0, 64, 11, 32]_[0, 64, 125, 0]
94_94_35_84_0_38_48_64_0_7_0_0_0_24_0_[0, 64, 11, 32]_[0, 64, 125, 0]
95_95_35_84_0_38_48_64_0_7_0_0_0_24_0_[0, 64, 11, 32]_[0, 64, 125, 0]
96_96_35_84_0_38_48_64_0_7_0_0_0_24_0_[0, 64, 11, 32]_[0, 64, 125, 0]
97_97_35_84_0_38_48_64_0_7_0_0_0_24_0_[0, 64, 11, 32]_[0, 64, 125, 0]
98_98_35_84_0_38_48_64_0_7_0_0_0_24_0_[0, 64, 11, 32]_[0, 64, 125, 0]
99_99_35_84_0_38_48_64_0_7_0_0_0_24_0_[0, 64, 11, 32]_[0, 64, 125, 0]
100_100_35_84_0_38_48_64_0_7_0_0_0_24_0_[0, 64, 11, 32]_[0, 64, 125, 0]
101_101_35_84_0_38_48_64_0_7_0_0_0_24_0_[0, 64, 11, 32]_[0, 64, 125, 0]
102_102_35_84_0_38_48_64_0_7_0_0_0_24_0_[0, 64, 11, 32]_[0, 64, 125, 0]
103_103_35_84_0_38_48_64_0_7_0_0_0_24_0_[0, 64, 11, 32]_[0, 64, 125, 0]
104_104_35_84_0_38_48_64_0_7_0_0_0_24_0_[0, 64, 11, 32]_[0, 64, 125, 0]
105_105_35_84_0_38_48_64_0_7_0_0_0_24_0_[0, 64, 11, 32]_[0, 64, 125, 0]
106_106_35_84_0_38_48_64_0_7_0_0_0_24_0_[0, 64, 11, 32]_[0, 64, 125, 0]
107_107_35_84_0_38_48_64_0_7_0_0_0_24_0_[0, 64, 11, 32]_[0, 64, 125, 0]
108_108_35_84_0_38_48_64_0_7_0_0_0_24_0_[0, 64, 11, 32]_[0, 64, 125, 0]
109_109_35_84_0_38_48_64_0_7_0_0_0_24_0_[0, 64, 11, 32]_[0, 64, 125, 0]
110_110_35_84_0_38_48_64_0_7_0_0_0_24_0_[0, 64, 11, 32]_[0, 64, 125, 0]
111_111_35_84_0_38_48_64_0_7_0_0_0_24_0_[0, 64, 11, 32]_[0, 64, 125, 0]
112_112_35_84_0_38_48_64_0_7_0_0_0_24_0_[0, 64, 11, 32]_[0, 64, 125, 0]
113_113_35_84_0_38_48_64_0_7_0_0_0_24_0_[0, 64, 11, 32]_[0, 64, 125, 0]
114_114_35_84_0_38_48_64_0_7_0_0_0_24_0_[0, 64, 11, 32]_[0, 64, 125, 0]
115_115_35_84_0_38_48_64_0_7_0_0_0_24_0_[0, 64, 11, 32]_[0, 64, 125, 0]
116_116_35_84_0_38_48_64_0_7_0_0_0_24_0_[0, 64, 11, 32]_[0, 64, 125, 0]
117_117_35_84_0_38_48_64_0_7_0_0_0_24_0_[0, 64, 11, 32]_[0, 64, 125, 0]
118_118_35_84_0_38_48_64_0_7_0_0_0_24_0_[0, 64, 11, 32]_[0, 64, 125, 0]
119_119_35_84_0_38_48_64_0_7_0_0_0_24_0_[0, 64, 11, 32]_[0, 64, 125, 0]
120_120_35_84_0_38_48_64_0_7_0_0_0_24_0_[0, 64, 11, 32]_[0, 64, 125, 0]
121_121_35_84_0_38_48_64_0_7_0_0_0_24_0_[0, 64, 11, 32]_[0, 64, 125, 0]
122_122_35_84_0_38_48_64_0_7_0_0_0_24_0_[0, 64, 11, 32]_[0, 64, 125, 0]
123_123_35_84_0_38_48_64_0_7_0_0_0_24_0_[0, 64, 11, 32]_[0, 64, 125, 0]
124_124_35_84_0_38_48_64_0_7_0_0_0_24_0_[0, 64, 11, 32]_[0, 64, 125, 0]
125_125_35_84_0_38_48_64_0_7_0_0_0_24_0_[0, 64, 11, 32]_[0, 64, 125, 0]
126_126_35_84_0_38_48_64_0_7_0_0_0_24_0_[0, 64, 11, 32]_[0, 64, 125, 0]
127_127_35_84_0_38_48_64_0_7_0_0_0_24_0_[0, 64, 11, 32]_[0, 64, 125, 0]
