0_0_36_64_0_39_32_64_0_8_0_0_0_24_0_null_[0, 64, 8, 35, 29, 0]
1_1_36_64_0_39_32_64_0_8_0_0_0_24_0_null_[0, 64, 8, 35, 29, 0]
2_2_36_64_0_39_32_64_0_8_0_0_0_24_0_null_[0, 64, 8, 35, 29, 0]
3_3_36_64_0_39_32_64_0_8_0_0_0_24_0_null_[0, 64, 8, 35, 29, 0]
4_4_36_64_0_39_32_64_0_8_0_0_0_24_0_null_[0, 64, 8, 35, 29, 0]
5_5_36_64_0_39_32_64_0_8_0_0_0_24_0_null_[0, 64, 8, 35, 29, 0]
6_6_36_64_0_39_32_64_0_8_0_0_0_24_0_null_[0, 64, 8, 35, 29, 0]
7_7_36_64_0_39_32_64_0_8_0_0_0_24_0_null_[0, 64, 8, 35, 29, 0]
8_8_36_64_0_39_32_64_0_8_0_0_0_24_0_null_[0, 64, 8, 35, 29, 0]
9_9_36_64_0_39_32_64_0_8_0_0_0_24_0_null_[0, 64, 8, 35, 29, 0]
10_10_36_64_0_39_32_64_0_8_0_0_0_24_0_null_[0, 64, 8, 35, 29, 0]
11_11_36_64_0_39_32_64_0_8_0_0_0_24_0_null_[0, 64, 8, 35, 29, 0]
12_12_36_64_0_39_32_64_0_8_0_0_0_24_0_null_[0, 64, 8, 35, 29, 0]
13_13_36_64_0_39_32_64_0_8_0_0_0_24_0_null_[0, 64, 8, 35, 29, 0]
14_14_36_64_0_39_32_64_0_8_0_0_0_24_0_null_[0, 64, 8, 35, 29, 0]
15_15_36_64_0_39_32_64_0_8_0_0_0_24_0_null_[0, 64, 8, 35, 29, 0]
16_16_36_64_0_39_32_64_0_8_0_0_0_24_0_null_[0, 64, 8, 35, 29, 0]
17_17_36_64_0_39_32_64_0_8_0_0_0_24_0_null_[0, 64, 8, 35, 29, 0]
18_18_36_64_0_39_32_64_0_8_0_0_0_24_0_null_[0, 64, 8, 35, 29, 0]
19_19_36_64_0_39_32_64_0_8_0_0_0_24_0_null_[0, 64, 8, 35, 29, 0]
20_20_36_64_0_39_32_64_0_8_0_0_0_24_0_null_[0, 64, 8, 35, 29, 0]
21_21_36_64_0_39_32_64_0_8_0_0_0_24_0_null_[0, 64, 8, 35, 29, 0]
22_22_36_64_0_39_32_64_0_8_0_0_0_24_0_null_[0, 64, 8, 35, 29, 0]
23_23_36_64_0_39_32_64_0_8_0_0_0_24_0_null_[0, 64, 8, 35, 29, 0]
24_24_36_64_0_39_32_64_0_8_0_0_0_24_0_null_[0, 64, 8, 35, 29, 0]
25_25_36_64_0_39_32_64_0_8_0_0_0_24_0_null_[0, 64, 8, 35, 29, 0]
26_26_36_64_0_39_32_64_0_8_0_0_0_24_0_null_[0, 64, 8, 35, 29, 0]
27_27_36_64_0_39_32_64_0_8_0_0_0_24_0_null_[0, 64, 8, 35, 29, 0]
28_28_36_64_0_39_32_64_0_8_0_0_0_24_0_null_[0, 64, 8, 35, 29, 0]
29_29_36_64_0_39_32_64_0_8_0_0_0_24_0_null_[0, 64, 8, 35, 29, 0]
30_30_36_64_0_39_32_64_0_8_0_0_0_24_0_null_[0, 64, 8, 35, 29, 0]
31_31_36_64_0_39_32_64_0_8_0_0_0_24_0_null_[0, 64, 8, 35, 29, 0]
32_32_36_64_0_39_32_64_0_8_0_0_0_24_0_null_[0, 64, 8, 35, 29, 0]
33_33_36_64_0_39_32_64_0_8_0_0_0_24_0_null_[0, 64, 8, 35, 29, 0]
34_34_36_64_0_39_32_64_0_8_0_0_0_24_0_null_[0, 64, 8, 35, 29, 0]
35_35_36_64_0_39_32_64_0_8_0_0_0_24_0_null_[0, 64, 8, 35, 29, 0]
36_36_36_64_0_39_32_64_0_8_0_0_0_24_0_null_[0, 64, 8, 35, 29, 0]
37_37_36_64_0_39_32_64_0_8_0_0_0_24_0_null_[0, 64, 8, 35, 29, 0]
38_38_36_64_0_39_32_64_0_8_0_0_0_24_0_null_[0, 64, 8, 35, 29, 0]
39_39_36_64_0_39_32_64_0_8_0_0_0_24_0_null_[0, 64, 8, 35, 29, 0]
40_40_36_64_0_39_32_64_0_8_0_0_0_24_0_null_[0, 64, 8, 35, 29, 0]
41_41_36_64_0_39_32_64_0_8_0_0_0_24_0_null_[0, 64, 8, 35, 29, 0]
42_42_36_64_0_39_32_64_0_8_0_0_0_24_0_null_[0, 64, 8, 35, 29, 0]
43_43_36_64_0_39_32_64_0_8_0_0_0_24_0_null_[0, 64, 8, 35, 29, 0]
44_44_36_64_0_39_32_64_0_8_0_0_0_24_0_null_[0, 64, 8, 35, 29, 0]
45_45_36_64_0_39_32_64_0_8_0_0_0_24_0_null_[0, 64, 8, 35, 29, 0]
46_46_36_64_0_39_32_64_0_8_0_0_0_24_0_null_[0, 64, 8, 35, 29, 0]
47_47_36_64_0_39_32_64_0_8_0_0_0_24_0_null_[0, 64, 8, 35, 29, 0]
48_48_36_64_0_39_32_64_0_8_0_0_0_24_0_null_[0, 64, 8, 35, 29, 0]
49_49_36_64_0_39_32_64_0_8_0_0_0_24_0_null_[0, 64, 8, 35, 29, 0]
50_50_36_64_0_39_32_64_0_8_0_0_0_24_0_null_[0, 64, 8, 35, 29, 0]
51_51_36_64_0_39_32_64_0_8_0_0_0_24_0_null_[0, 64, 8, 35, 29, 0]
52_52_36_64_0_39_32_64_0_8_0_0_0_24_0_null_[0, 64, 8, 35, 29, 0]
53_53_36_64_0_39_32_64_0_8_0_0_0_24_0_null_[0, 64, 8, 35, 29, 0]
54_54_36_64_0_39_32_64_0_8_0_0_0_24_0_null_[0, 64, 8, 35, 29, 0]
55_55_36_64_0_39_32_64_0_8_0_0_0_24_0_null_[0, 64, 8, 35, 29, 0]
56_56_36_64_0_39_32_64_0_8_0_0_0_24_0_null_[0, 64, 8, 35, 29, 0]
57_57_36_64_0_39_32_64_0_8_0_0_0_24_0_null_[0, 64, 8, 35, 29, 0]
58_58_36_64_0_39_32_64_0_8_0_0_0_24_0_null_[0, 64, 8, 35, 29, 0]
59_59_36_64_0_39_32_64_0_8_0_0_0_24_0_null_[0, 64, 8, 35, 29, 0]
60_60_36_64_0_39_32_64_0_8_0_0_0_24_0_null_[0, 64, 8, 35, 29, 0]
61_61_36_64_0_39_32_64_0_8_0_0_0_24_0_null_[0, 64, 8, 35, 29, 0]
62_62_36_64_0_39_32_64_0_8_0_0_0_24_0_null_[0, 64, 8, 35, 29, 0]
63_63_36_64_0_39_32_64_0_8_0_0_0_24_0_null_[0, 64, 8, 35, 29, 0]
64_64_36_64_0_39_32_64_0_8_0_0_0_24_0_null_[0, 64, 8, 35, 29, 0]
65_65_36_64_0_39_32_64_0_8_0_0_0_24_0_null_[0, 64, 8, 35, 29, 0]
66_66_36_64_0_39_32_64_0_8_0_0_0_24_0_null_[0, 64, 8, 35, 29, 0]
67_67_36_64_0_39_32_64_0_8_0_0_0_24_0_null_[0, 64, 8, 35, 29, 0]
68_68_36_64_0_39_32_64_0_8_0_0_0_24_0_null_[0, 64, 8, 35, 29, 0]
69_69_36_64_0_39_32_64_0_8_0_0_0_24_0_null_[0, 64, 8, 35, 29, 0]
70_70_36_64_0_39_32_64_0_8_0_0_0_24_0_null_[0, 64, 8, 35, 29, 0]
71_71_36_64_0_39_32_64_0_8_0_0_0_24_0_null_[0, 64, 8, 35, 29, 0]
72_72_36_64_0_39_32_64_0_8_0_0_0_24_0_null_[0, 64, 8, 35, 29, 0]
73_73_37_79_0_39_32_64_0_8_0_0_0_24_0_null_[0, 64, 8, 35, 29, 0]
74_74_37_79_0_39_32_64_0_8_0_0_0_24_0_null_[0, 64, 8, 35, 29, 0]
75_75_37_79_0_39_32_64_0_8_0_0_0_24_0_null_[0, 64, 8, 35, 29, 0]
76_76_37_79_0_39_32_64_0_8_0_0_0_24_0_null_[0, 64, 8, 35, 29, 0]
77_77_37_79_0_39_32_64_0_8_0_0_0_24_0_null_[0, 64, 8, 35, 29, 0]
78_78_37_79_0_39_32_64_0_8_0_0_0_24_0_null_[0, 64, 8, 35, 29, 0]
79_79_37_79_0_39_32_64_0_8_0_0_0_24_0_null_[0, 64, 8, 35, 29, 0]
80_80_37_79_0_39_32_64_0_8_0_0_0_24_0_null_[0, 64, 8, 35, 29, 0]
81_81_37_79_0_39_32_64_0_8_0_0_0_24_0_null_[0, 64, 8, 35, 29, 0]
82_82_37_79_0_39_32_64_0_8_0_0_0_24_0_null_[0, 64, 8, 35, 29, 0]
83_83_37_79_0_39_32_64_0_8_0_0_0_24_0_null_[0, 64, 8, 35, 29, 0]
84_84_37_79_0_39_32_64_0_8_0_0_0_24_0_null_[0, 64, 8, 35, 29, 0]
85_85_37_79_0_39_32_64_0_8_0_0_0_24_0_null_[0, 64, 8, 35, 29, 0]
86_86_37_79_0_39_32_64_0_8_0_0_0_24_0_null_[0, 64, 8, 35, 29, 0]
87_87_37_79_0_39_32_64_0_8_0_0_0_24_0_null_[0, 64, 8, 35, 29, 0]
88_88_37_79_0_39_32_64_0_8_0_0_0_24_0_null_[0, 64, 8, 35, 29, 0]
89_89_37_79_0_39_32_64_0_8_0_0_0_24_0_null_[0, 64, 8, 35, 29, 0]
90_90_37_79_0_39_32_64_0_8_0_0_0_24_0_null_[0, 64, 8, 35, 29, 0]
91_91_38_91_0_39_32_64_0_8_0_0_0_24_0_null_[0, 64, 8, 35, 29, 0]
92_92_38_91_0_39_32_64_0_8_0_0_0_24_0_null_[0, 64, 8, 35, 29, 0]
93_93_38_91_0_39_32_64_0_8_0_0_0_24_0_null_[0, 64, 8, 35, 29, 0]
94_94_38_91_0_39_32_64_0_8_0_0_0_24_0_null_[0, 64, 8, 35, 29, 0]
95_95_38_91_0_39_32_64_0_8_0_0_0_24_0_null_[0, 64, 8, 35, 29, 0]
96_96_38_91_0_39_32_64_0_8_0_0_0_24_0_null_[0, 64, 8, 35, 29, 0]
97_97_38_91_0_39_32_64_0_8_0_0_0_24_0_null_[0, 64, 8, 35, 29, 0]
98_98_38_91_0_39_32_64_0_8_0_0_0_24_0_null_[0, 64, 8, 35, 29, 0]
99_99_38_91_0_39_32_64_0_8_0_0_0_24_0_null_[0, 64, 8, 35, 29, 0]
100_100_38_91_0_39_32_64_0_8_0_0_0_24_0_null_[0, 64, 8, 35, 29, 0]
101_101_38_91_0_39_32_64_0_8_0_0_0_24_0_null_[0, 64, 8, 35, 29, 0]
102_102_38_91_0_39_32_64_0_8_0_0_0_24_0_null_[0, 64, 8, 35, 29, 0]
103_103_38_91_0_39_32_64_0_8_0_0_0_24_0_null_[0, 64, 8, 35, 29, 0]
104_104_38_91_0_39_32_64_0_8_0_0_0_24_0_null_[0, 64, 8, 35, 29, 0]
105_105_38_91_0_39_32_64_0_8_0_0_0_24_0_null_[0, 64, 8, 35, 29, 0]
106_106_38_91_0_39_32_64_0_8_0_0_0_24_0_null_[0, 64, 8, 35, 29, 0]
107_107_38_91_0_39_32_64_0_8_0_0_0_24_0_null_[0, 64, 8, 35, 29, 0]
108_108_38_91_0_39_32_64_0_8_0_0_0_24_0_null_[0, 64, 8, 35, 29, 0]
109_109_38_91_0_39_32_64_0_8_0_0_0_24_0_null_[0, 64, 8, 35, 29, 0]
110_110_38_91_0_39_32_64_0_8_0_0_0_24_0_null_[0, 64, 8, 35, 29, 0]
111_111_38_91_0_39_32_64_0_8_0_0_0_24_0_null_[0, 64, 8, 35, 29, 0]
112_112_38_91_0_39_32_64_0_8_0_0_0_24_0_null_[0, 64, 8, 35, 29, 0]
113_113_38_91_0_39_32_64_0_8_0_0_0_24_0_null_[0, 64, 8, 35, 29, 0]
114_114_38_91_0_39_32_64_0_8_0_0_0_24_0_null_[0, 64, 8, 35, 29, 0]
115_115_38_91_0_39_32_64_0_8_0_0_0_24_0_null_[0, 64, 8, 35, 29, 0]
116_116_38_91_0_39_32_64_0_8_0_0_0_24_0_null_[0, 64, 8, 35, 29, 0]
117_117_38_91_0_39_32_64_0_8_0_0_0_24_0_null_[0, 64, 8, 35, 29, 0]
118_118_38_91_0_39_32_64_0_8_0_0_0_24_0_null_[0, 64, 8, 35, 29, 0]
119_119_38_91_0_39_32_64_0_8_0_0_0_24_0_null_[0, 64, 8, 35, 29, 0]
120_120_38_91_0_39_32_64_0_8_0_0_0_24_0_null_[0, 64, 8, 35, 29, 0]
121_121_38_91_0_39_32_64_0_8_0_0_0_24_0_null_[0, 64, 8, 35, 29, 0]
122_122_38_91_0_39_32_64_0_8_0_0_0_24_0_null_[0, 64, 8, 35, 29, 0]
123_123_38_91_0_39_32_64_0_8_0_0_0_24_0_null_[0, 64, 8, 35, 29, 0]
124_124_38_91_0_39_32_64_0_8_0_0_0_24_0_null_[0, 64, 8, 35, 29, 0]
125_125_38_91_0_39_32_64_0_8_0_0_0_24_0_null_[0, 64, 8, 35, 29, 0]
126_126_38_91_0_39_32_64_0_8_0_0_0_24_0_null_[0, 64, 8, 35, 29, 0]
127_127_38_91_0_39_32_64_0_8_0_0_0_24_0_null_[0, 64, 8, 35, 29, 0]
