0_0_39_51_0_32_32_64_0_0_0_0_0_33_0_null_[0, 64, 4, 17, 10, 0]
1_1_39_51_0_32_32_64_0_0_0_0_0_33_0_null_[0, 64, 4, 17, 10, 0]
2_2_39_51_0_32_32_64_0_0_0_0_0_33_0_null_[0, 64, 4, 17, 10, 0]
3_3_39_51_0_32_32_64_0_0_0_0_0_33_0_null_[0, 64, 4, 17, 10, 0]
4_4_39_51_0_32_32_64_0_0_0_0_0_33_0_null_[0, 64, 4, 17, 10, 0]
5_5_39_51_0_32_32_64_0_0_0_0_0_33_0_null_[0, 64, 4, 17, 10, 0]
6_6_39_51_0_32_32_64_0_0_0_0_0_33_0_null_[0, 64, 4, 17, 10, 0]
7_7_39_51_0_32_32_64_0_0_0_0_0_33_0_null_[0, 64, 4, 17, 10, 0]
8_8_39_51_0_32_32_64_0_0_0_0_0_33_0_null_[0, 64, 4, 17, 10, 0]
9_9_39_51_0_32_32_64_0_0_0_0_0_33_0_null_[0, 64, 4, 17, 10, 0]
10_10_39_51_0_32_32_64_0_0_0_0_0_33_0_null_[0, 64, 4, 17, 10, 0]
11_11_39_51_0_32_32_64_0_0_0_0_0_33_0_null_[0, 64, 4, 17, 10, 0]
12_12_39_51_0_32_32_64_0_0_0_0_0_33_0_null_[0, 64, 4, 17, 10, 0]
13_13_39_51_0_32_32_64_0_0_0_0_0_33_0_null_[0, 64, 4, 17, 10, 0]
14_14_39_51_0_32_32_64_0_0_0_0_0_33_0_null_[0, 64, 4, 17, 10, 0]
15_15_39_51_0_32_32_64_0_0_0_0_0_33_0_null_[0, 64, 4, 17, 10, 0]
16_16_39_51_0_32_32_64_0_0_0_0_0_33_0_null_[0, 64, 4, 17, 10, 0]
17_17_39_51_0_32_32_64_0_0_0_0_0_33_0_null_[0, 64, 4, 17, 10, 0]
18_18_39_51_0_32_32_64_0_0_0_0_0_33_0_null_[0, 64, 4, 17, 10, 0]
19_19_39_51_0_32_32_64_0_0_0_0_0_33_0_null_[0, 64, 4, 17, 10, 0]
20_20_39_51_0_32_32_64_0_0_0_0_0_33_0_null_[0, 64, 4, 17, 10, 0]
21_21_39_51_0_32_32_64_0_0_0_0_0_33_0_null_[0, 64, 4, 17, 10, 0]
22_22_39_51_0_32_32_64_0_0_0_0_0_33_0_null_[0, 64, 4, 17, 10, 0]
23_23_39_51_0_32_32_64_0_0_0_0_0_33_0_null_[0, 64, 4, 17, 10, 0]
24_24_39_51_0_32_32_64_0_0_0_0_0_33_0_null_[0, 64, 4, 17, 10, 0]
25_25_39_51_0_32_32_64_0_0_0_0_0_33_0_null_[0, 64, 4, 17, 10, 0]
26_26_39_51_0_32_32_64_0_0_0_0_0_33_0_null_[0, 64, 4, 17, 10, 0]
27_27_39_51_0_32_32_64_0_0_0_0_0_33_0_null_[0, 64, 4, 17, 10, 0]
28_28_39_51_0_32_32_64_0_0_0_0_0_33_0_null_[0, 64, 4, 17, 10, 0]
29_29_39_51_0_32_32_64_0_0_0_0_0_33_0_null_[0, 64, 4, 17, 10, 0]
30_30_39_51_0_32_32_64_0_0_0_0_0_33_0_null_[0, 64, 4, 17, 10, 0]
31_31_39_51_0_32_32_64_0_0_0_0_0_33_0_null_[0, 64, 4, 17, 10, 0]
32_32_39_51_0_32_32_64_0_0_0_0_0_33_0_null_[0, 64, 4, 17, 10, 0]
33_33_39_51_0_32_32_64_0_0_0_0_0_33_0_null_[0, 64, 4, 17, 10, 0]
34_34_39_51_0_32_32_64_0_0_0_0_0_33_0_null_[0, 64, 4, 17, 10, 0]
35_35_39_51_0_32_32_64_0_0_0_0_0_33_0_null_[0, 64, 4, 17, 10, 0]
36_36_39_51_0_32_32_64_0_0_0_0_0_33_0_null_[0, 64, 4, 17, 10, 0]
37_37_39_51_0_32_32_64_0_0_0_0_0_33_0_null_[0, 64, 4, 17, 10, 0]
38_38_39_51_0_32_32_64_0_0_0_0_0_33_0_null_[0, 64, 4, 17, 10, 0]
39_39_39_51_0_32_32_64_0_0_0_0_0_33_0_null_[0, 64, 4, 17, 10, 0]
40_40_39_51_0_32_32_64_0_0_0_0_0_33_0_null_[0, 64, 4, 17, 10, 0]
41_41_39_51_0_32_32_64_0_0_0_0_0_33_0_null_[0, 64, 4, 17, 10, 0]
42_42_39_51_0_32_32_64_0_0_0_0_0_33_0_null_[0, 64, 4, 17, 10, 0]
43_43_39_51_0_32_32_64_0_0_0_0_0_33_0_null_[0, 64, 4, 17, 10, 0]
44_44_39_51_0_32_32_64_0_0_0_0_0_33_0_null_[0, 64, 4, 17, 10, 0]
45_45_39_51_0_32_32_64_0_0_0_0_0_33_0_null_[0, 64, 4, 17, 10, 0]
46_46_39_51_0_32_32_64_0_0_0_0_0_33_0_null_[0, 64, 4, 17, 10, 0]
47_47_39_51_0_32_32_64_0_0_0_0_0_33_0_null_[0, 64, 4, 17, 10, 0]
48_48_39_51_0_32_32_64_0_0_0_0_0_33_0_null_[0, 64, 4, 17, 10, 0]
49_49_39_51_0_32_32_64_0_0_0_0_0_33_0_null_[0, 64, 4, 17, 10, 0]
50_50_39_51_0_32_32_64_0_0_0_0_0_33_0_null_[0, 64, 4, 17, 10, 0]
51_51_39_51_0_32_32_64_0_0_0_0_0_33_0_null_[0, 64, 4, 17, 10, 0]
52_52_39_51_0_32_32_64_0_0_0_0_0_33_0_null_[0, 64, 4, 17, 10, 0]
53_53_39_51_0_32_32_64_0_0_0_0_0_33_0_null_[0, 64, 4, 17, 10, 0]
54_54_39_51_0_32_32_64_0_0_0_0_0_33_0_null_[0, 64, 4, 17, 10, 0]
55_55_39_51_0_32_32_64_0_0_0_0_0_33_0_null_[0, 64, 4, 17, 10, 0]
56_56_39_51_0_32_32_64_0_0_0_0_0_33_0_null_[0, 64, 4, 17, 10, 0]
57_57_39_51_0_32_32_64_0_0_0_0_0_33_0_null_[0, 64, 4, 17, 10, 0]
58_58_39_51_0_32_32_64_0_0_0_0_0_33_0_null_[0, 64, 4, 17, 10, 0]
59_59_39_51_0_32_32_64_0_0_0_0_0_33_0_null_[0, 64, 4, 17, 10, 0]
60_60_39_51_0_32_32_64_0_0_0_0_0_33_0_null_[0, 64, 4, 17, 10, 0]
61_61_39_51_0_32_32_64_0_0_0_0_0_33_0_null_[0, 64, 4, 17, 10, 0]
62_62_39_51_0_32_32_64_0_0_0_0_0_33_0_null_[0, 64, 4, 17, 10, 0]
63_63_39_51_0_32_32_64_0_0_0_0_0_33_0_null_[0, 64, 4, 17, 10, 0]
64_64_39_51_0_32_32_64_0_0_0_0_0_33_0_null_[0, 64, 4, 17, 10, 0]
65_65_39_51_0_32_32_64_0_0_0_0_0_33_0_null_[0, 64, 4, 17, 10, 0]
66_66_39_51_0_32_32_64_0_0_0_0_0_33_0_null_[0, 64, 4, 17, 10, 0]
67_67_39_51_0_32_32_64_0_0_0_0_0_33_0_null_[0, 64, 4, 17, 10, 0]
68_68_39_51_0_32_32_64_0_0_0_0_0_33_0_null_[0, 64, 4, 17, 10, 0]
69_69_39_51_0_32_32_64_0_0_0_0_0_33_0_null_[0, 64, 4, 17, 10, 0]
70_70_39_51_0_32_32_64_0_0_0_0_0_33_0_null_[0, 64, 4, 17, 10, 0]
71_71_39_51_0_32_32_64_0_0_0_0_0_33_0_null_[0, 64, 4, 17, 10, 0]
72_72_40_82_0_32_32_64_0_0_0_0_0_33_0_null_[0, 64, 4, 17, 10, 0]
73_73_40_82_0_32_32_64_0_0_0_0_0_33_0_null_[0, 64, 4, 17, 10, 0]
74_74_40_82_0_32_32_64_0_0_0_0_0_33_0_null_[0, 64, 4, 17, 10, 0]
75_75_40_82_0_32_32_64_0_0_0_0_0_33_0_null_[0, 64, 4, 17, 10, 0]
76_76_40_82_0_32_32_64_0_0_0_0_0_33_0_null_[0, 64, 4, 17, 10, 0]
77_77_40_82_0_32_32_64_0_0_0_0_0_33_0_null_[0, 64, 4, 17, 10, 0]
78_78_40_82_0_32_32_64_0_0_0_0_0_33_0_null_[0, 64, 4, 17, 10, 0]
79_79_40_82_0_32_32_64_0_0_0_0_0_33_0_null_[0, 64, 4, 17, 10, 0]
80_80_40_82_0_32_32_64_0_0_0_0_0_33_0_null_[0, 64, 4, 17, 10, 0]
81_81_40_82_0_32_32_64_0_0_0_0_0_33_0_null_[0, 64, 4, 17, 10, 0]
82_82_40_82_0_32_32_64_0_0_0_0_0_33_0_null_[0, 64, 4, 17, 10, 0]
83_83_40_82_0_32_32_64_0_0_0_0_0_33_0_null_[0, 64, 4, 17, 10, 0]
84_84_40_82_0_32_32_64_0_0_0_0_0_33_0_null_[0, 64, 4, 17, 10, 0]
85_85_40_82_0_32_32_64_0_0_0_0_0_33_0_null_[0, 64, 4, 17, 10, 0]
86_86_40_82_0_32_32_64_0_0_0_0_0_33_0_null_[0, 64, 4, 17, 10, 0]
87_87_40_82_0_32_32_64_0_0_0_0_0_33_0_null_[0, 64, 4, 17, 10, 0]
88_88_40_82_0_32_32_64_0_0_0_0_0_33_0_null_[0, 64, 4, 17, 10, 0]
89_89_40_82_0_32_32_64_0_0_0_0_0_33_0_null_[0, 64, 4, 17, 10, 0]
90_90_40_82_0_32_32_64_0_0_0_0_0_33_0_null_[0, 64, 4, 17, 10, 0]
91_91_40_82_0_32_32_64_0_0_0_0_0_33_0_null_[0, 64, 4, 17, 10, 0]
92_92_40_82_0_32_32_64_0_0_0_0_0_33_0_null_[0, 64, 4, 17, 10, 0]
93_93_40_82_0_32_32_64_0_0_0_0_0_33_0_null_[0, 64, 4, 17, 10, 0]
94_94_40_82_0_32_32_64_0_0_0_0_0_33_0_null_[0, 64, 4, 17, 10, 0]
95_95_40_82_0_32_32_64_0_0_0_0_0_33_0_null_[0, 64, 4, 17, 10, 0]
96_96_40_82_0_32_32_64_0_0_0_0_0_33_0_null_[0, 64, 4, 17, 10, 0]
97_97_40_82_0_32_32_64_0_0_0_0_0_33_0_null_[0, 64, 4, 17, 10, 0]
98_98_40_82_0_32_32_64_0_0_0_0_0_33_0_null_[0, 64, 4, 17, 10, 0]
99_99_40_82_0_32_32_64_0_0_0_0_0_33_0_null_[0, 64, 4, 17, 10, 0]
100_100_40_82_0_32_32_64_0_0_0_0_0_33_0_null_[0, 64, 4, 17, 10, 0]
101_101_40_82_0_32_32_64_0_0_0_0_0_33_0_null_[0, 64, 4, 17, 10, 0]
102_102_40_82_0_32_32_64_0_0_0_0_0_33_0_null_[0, 64, 4, 17, 10, 0]
103_103_40_82_0_32_32_64_0_0_0_0_0_33_0_null_[0, 64, 4, 17, 10, 0]
104_104_40_82_0_32_32_64_0_0_0_0_0_33_0_null_[0, 64, 4, 17, 10, 0]
105_105_40_82_0_32_32_64_0_0_0_0_0_33_0_null_[0, 64, 4, 17, 10, 0]
106_106_40_82_0_32_32_64_0_0_0_0_0_33_0_null_[0, 64, 4, 17, 10, 0]
107_107_40_82_0_32_32_64_0_0_0_0_0_33_0_null_[0, 64, 4, 17, 10, 0]
108_108_40_82_0_32_32_64_0_0_0_0_0_33_0_null_[0, 64, 4, 17, 10, 0]
109_109_40_82_0_32_32_64_0_0_0_0_0_33_0_null_[0, 64, 4, 17, 10, 0]
110_110_40_82_0_32_32_64_0_0_0_0_0_33_0_null_[0, 64, 4, 17, 10, 0]
111_111_40_82_0_32_32_64_0_0_0_0_0_33_0_null_[0, 64, 4, 17, 10, 0]
112_112_40_82_0_32_32_64_0_0_0_0_0_33_0_null_[0, 64, 4, 17, 10, 0]
113_113_40_82_0_32_32_64_0_0_0_0_0_33_0_null_[0, 64, 4, 17, 10, 0]
114_114_40_82_0_32_32_64_0_0_0_0_0_33_0_null_[0, 64, 4, 17, 10, 0]
115_115_40_82_0_32_32_64_0_0_0_0_0_33_0_null_[0, 64, 4, 17, 10, 0]
116_116_40_82_0_32_32_64_0_0_0_0_0_33_0_null_[0, 64, 4, 17, 10, 0]
117_117_40_82_0_32_32_64_0_0_0_0_0_33_0_null_[0, 64, 4, 17, 10, 0]
118_118_40_82_0_32_32_64_0_0_0_0_0_33_0_null_[0, 64, 4, 17, 10, 0]
119_119_40_82_0_32_32_64_0_0_0_0_0_33_0_null_[0, 64, 4, 17, 10, 0]
120_120_40_82_0_32_32_64_0_0_0_0_0_33_0_null_[0, 64, 4, 17, 10, 0]
121_121_40_82_0_32_32_64_0_0_0_0_0_33_0_null_[0, 64, 4, 17, 10, 0]
122_122_40_82_0_32_32_64_0_0_0_0_0_33_0_null_[0, 64, 4, 17, 10, 0]
123_123_40_82_0_32_32_64_0_0_0_0_0_33_0_null_[0, 64, 4, 17, 10, 0]
124_124_40_82_0_32_32_64_0_0_0_0_0_33_0_null_[0, 64, 4, 17, 10, 0]
125_125_40_82_0_32_32_64_0_0_0_0_0_33_0_null_[0, 64, 4, 17, 10, 0]
126_126_40_82_0_32_32_64_0_0_0_0_0_33_0_null_[0, 64, 4, 17, 10, 0]
127_127_40_82_0_32_32_64_0_0_0_0_0_33_0_null_[0, 64, 4, 17, 10, 0]
