0_0_41_36_0_32_32_64_0_0_0_0_2_33_2_null_[0, 64, 2, 0]
1_1_41_36_0_32_32_64_0_0_0_0_2_33_2_null_[0, 64, 2, 0]
2_2_41_36_0_32_32_64_0_0_0_0_2_33_2_null_[0, 64, 2, 0]
3_3_41_36_0_32_32_64_0_0_0_0_2_33_2_null_[0, 64, 2, 0]
4_4_41_36_0_32_32_64_0_0_0_0_2_33_2_null_[0, 64, 2, 0]
5_5_41_36_0_32_32_64_0_0_0_0_2_33_2_null_[0, 64, 2, 0]
6_6_41_36_0_32_32_64_0_0_0_0_2_33_2_null_[0, 64, 2, 0]
7_7_41_36_0_32_32_64_0_0_0_0_2_33_2_null_[0, 64, 2, 0]
8_8_41_36_0_32_32_64_0_0_0_0_2_33_2_null_[0, 64, 2, 0]
9_9_41_36_0_32_32_64_0_0_0_0_2_33_2_null_[0, 64, 2, 0]
10_10_41_36_0_32_32_64_0_0_0_0_2_33_2_null_[0, 64, 2, 0]
11_11_41_36_0_32_32_64_0_0_0_0_2_33_2_null_[0, 64, 2, 0]
12_12_41_36_0_32_32_64_0_0_0_0_2_33_2_null_[0, 64, 2, 0]
13_13_41_36_0_32_32_64_0_0_0_0_2_33_2_null_[0, 64, 2, 0]
14_14_41_36_0_32_32_64_0_0_0_0_2_33_2_null_[0, 64, 2, 0]
15_15_41_36_0_32_32_64_0_0_0_0_2_33_2_null_[0, 64, 2, 0]
16_16_41_36_0_32_32_64_0_0_0_0_2_33_2_null_[0, 64, 2, 0]
17_17_41_36_0_32_32_64_0_0_0_0_2_33_2_null_[0, 64, 2, 0]
18_18_41_36_0_32_32_64_0_0_0_0_2_33_2_null_[0, 64, 2, 0]
19_19_41_36_0_32_32_64_0_0_0_0_2_33_2_null_[0, 64, 2, 0]
20_20_41_36_0_32_32_64_0_0_0_0_2_33_2_null_[0, 64, 2, 0]
21_21_41_36_0_32_32_64_0_0_0_0_2_33_2_null_[0, 64, 2, 0]
22_22_41_36_0_32_32_64_0_0_0_0_2_33_2_null_[0, 64, 2, 0]
23_23_41_36_0_32_32_64_0_0_0_0_2_33_2_null_[0, 64, 2, 0]
24_24_41_36_0_32_32_64_0_0_0_0_2_33_2_null_[0, 64, 2, 0]
25_25_41_36_0_32_32_64_0_0_0_0_2_33_2_null_[0, 64, 2, 0]
26_26_41_36_0_32_32_64_0_0_0_0_2_33_2_null_[0, 64, 2, 0]
27_27_41_36_0_32_32_64_0_0_0_0_2_33_2_null_[0, 64, 2, 0]
28_28_41_36_0_32_32_64_0_0_0_0_2_33_2_null_[0, 64, 2, 0]
29_29_41_36_0_32_32_64_0_0_0_0_2_33_2_null_[0, 64, 2, 0]
30_30_41_36_0_32_32_64_0_0_0_0_2_33_2_null_[0, 64, 2, 0]
31_31_41_36_0_32_32_64_0_0_0_0_2_33_2_null_[0, 64, 2, 0]
32_32_41_36_0_32_32_64_0_0_0_0_2_33_2_null_[0, 64, 2, 0]
33_33_41_36_0_32_32_64_0_0_0_0_2_33_2_null_[0, 64, 2, 0]
34_34_41_36_0_32_32_64_0_0_0_0_2_33_2_null_[0, 64, 2, 0]
35_35_41_36_0_32_32_64_0_0_0_0_2_33_2_null_[0, 64, 2, 0]
36_36_41_36_0_32_32_64_0_0_0_0_2_33_2_null_[0, 64, 2, 0]
37_37_41_36_0_32_32_64_0_0_0_0_2_33_2_null_[0, 64, 2, 0]
38_38_41_36_0_32_32_64_0_0_0_0_2_33_2_null_[0, 64, 2, 0]
39_39_41_36_0_32_32_64_0_0_0_0_2_33_2_null_[0, 64, 2, 0]
40_40_41_36_0_32_32_64_0_0_0_0_2_33_2_null_[0, 64, 2, 0]
41_41_41_36_0_32_32_64_0_0_0_0_2_33_2_null_[0, 64, 2, 0]
42_42_41_36_0_32_32_64_0_0_0_0_2_33_2_null_[0, 64, 2, 0]
43_43_41_36_0_32_32_64_0_0_0_0_2_33_2_null_[0, 64, 2, 0]
44_44_41_36_0_32_32_64_0_0_0_0_2_33_2_null_[0, 64, 2, 0]
45_45_41_36_0_32_32_64_0_0_0_0_2_33_2_null_[0, 64, 2, 0]
46_46_41_36_0_32_32_64_0_0_0_0_2_33_2_null_[0, 64, 2, 0]
47_47_41_36_0_32_32_64_0_0_0_0_2_33_2_null_[0, 64, 2, 0]
48_48_42_48_0_32_32_64_0_0_0_0_2_33_2_null_[0, 64, 2, 0]
49_49_42_48_0_32_32_64_0_0_0_0_2_33_2_null_[0, 64, 2, 0]
50_50_42_48_0_32_32_64_0_0_0_0_2_33_2_null_[0, 64, 2, 0]
51_51_42_48_0_32_32_64_0_0_0_0_2_33_2_null_[0, 64, 2, 0]
52_52_42_48_0_32_32_64_0_0_0_0_2_33_2_null_[0, 64, 2, 0]
53_53_42_48_0_32_32_64_0_0_0_0_2_33_2_null_[0, 64, 2, 0]
54_54_42_48_0_32_32_64_0_0_0_0_2_33_2_null_[0, 64, 2, 0]
55_55_42_48_0_32_32_64_0_0_0_0_2_33_2_null_[0, 64, 2, 0]
56_56_42_48_0_32_32_64_0_0_0_0_2_33_2_null_[0, 64, 2, 0]
57_57_42_48_0_32_32_64_0_0_0_0_2_33_2_null_[0, 64, 2, 0]
58_58_42_48_0_32_32_64_0_0_0_0_2_33_2_null_[0, 64, 2, 0]
59_59_42_48_0_32_32_64_0_0_0_0_2_33_2_null_[0, 64, 2, 0]
60_60_43_60_0_32_32_64_0_0_0_0_2_33_2_null_[0, 64, 2, 0]
61_61_43_60_0_32_32_64_0_0_0_0_2_33_2_null_[0, 64, 2, 0]
62_62_43_60_0_32_32_64_0_0_0_0_2_33_2_null_[0, 64, 2, 0]
63_63_43_60_0_32_32_64_0_0_0_0_2_33_2_null_[0, 64, 2, 0]
64_64_43_60_0_32_32_64_0_0_0_0_2_33_2_null_[0, 64, 2, 0]
65_65_43_60_0_32_32_64_0_0_0_0_2_33_2_null_[0, 64, 2, 0]
66_66_43_60_0_32_32_64_0_0_0_0_2_33_2_null_[0, 64, 2, 0]
67_67_43_60_0_32_32_64_0_0_0_0_2_33_2_null_[0, 64, 2, 0]
68_68_43_60_0_32_32_64_0_0_0_0_2_33_2_null_[0, 64, 2, 0]
69_69_43_60_0_32_32_64_0_0_0_0_2_33_2_null_[0, 64, 2, 0]
70_70_43_60_0_32_32_64_0_0_0_0_2_33_2_null_[0, 64, 2, 0]
71_71_43_60_0_32_32_64_0_0_0_0_2_33_2_null_[0, 64, 2, 0]
72_72_43_60_0_32_32_64_0_0_0_0_2_33_2_null_[0, 64, 2, 0]
73_73_43_60_0_32_32_64_0_0_0_0_2_33_2_null_[0, 64, 2, 0]
74_74_43_60_0_32_32_64_0_0_0_0_2_33_2_null_[0, 64, 2, 0]
75_75_43_60_0_32_32_64_0_0_0_0_2_33_2_null_[0, 64, 2, 0]
76_76_43_60_0_32_32_64_0_0_0_0_2_33_2_null_[0, 64, 2, 0]
77_77_43_60_0_32_32_64_0_0_0_0_2_33_2_null_[0, 64, 2, 0]
78_78_43_60_0_32_32_64_0_0_0_0_2_33_2_null_[0, 64, 2, 0]
79_79_43_60_0_32_32_64_0_0_0_0_2_33_2_null_[0, 64, 2, 0]
80_80_43_60_0_32_32_64_0_0_0_0_2_33_2_null_[0, 64, 2, 0]
81_81_43_60_0_32_32_64_0_0_0_0_2_33_2_null_[0, 64, 2, 0]
82_82_43_60_0_32_32_64_0_0_0_0_2_33_2_null_[0, 64, 2, 0]
83_83_43_60_0_32_32_64_0_0_0_0_2_33_2_null_[0, 64, 2, 0]
84_84_43_60_0_32_32_64_0_0_0_0_2_33_2_null_[0, 64, 2, 0]
85_85_43_60_0_32_32_64_0_0_0_0_2_33_2_null_[0, 64, 2, 0]
86_86_43_60_0_32_32_64_0_0_0_0_2_33_2_null_[0, 64, 2, 0]
87_87_43_60_0_32_32_64_0_0_0_0_2_33_2_null_[0, 64, 2, 0]
88_88_43_60_0_32_32_64_0_0_0_0_2_33_2_null_[0, 64, 2, 0]
89_89_43_60_0_32_32_64_0_0_0_0_2_33_2_null_[0, 64, 2, 0]
90_90_43_60_0_32_32_64_0_0_0_0_2_33_2_null_[0, 64, 2, 0]
91_91_43_60_0_32_32_64_0_0_0_0_2_33_2_null_[0, 64, 2, 0]
92_92_43_60_0_32_32_64_0_0_0_0_2_33_2_null_[0, 64, 2, 0]
93_93_43_60_0_32_32_64_0_0_0_0_2_33_2_null_[0, 64, 2, 0]
94_94_43_60_0_32_32_64_0_0_0_0_2_33_2_null_[0, 64, 2, 0]
95_95_43_60_0_32_32_64_0_0_0_0_2_33_2_null_[0, 64, 2, 0]
96_96_43_60_0_32_32_64_0_0_0_0_2_33_2_null_[0, 64, 2, 0]
97_97_43_60_0_32_32_64_0_0_0_0_2_33_2_null_[0, 64, 2, 0]
98_98_43_60_0_32_32_64_0_0_0_0_2_33_2_null_[0, 64, 2, 0]
99_99_43_60_0_32_32_64_0_0_0_0_2_33_2_null_[0, 64, 2, 0]
100_100_43_60_0_32_32_64_0_0_0_0_2_33_2_null_[0, 64, 2, 0]
101_101_43_60_0_32_32_64_0_0_0_0_2_33_2_null_[0, 64, 2, 0]
102_102_43_60_0_32_32_64_0_0_0_0_2_33_2_null_[0, 64, 2, 0]
103_103_43_60_0_32_32_64_0_0_0_0_2_33_2_null_[0, 64, 2, 0]
104_104_43_60_0_32_32_64_0_0_0_0_2_33_2_null_[0, 64, 2, 0]
105_105_43_60_0_32_32_64_0_0_0_0_2_33_2_null_[0, 64, 2, 0]
106_106_43_60_0_32_32_64_0_0_0_0_2_33_2_null_[0, 64, 2, 0]
107_107_43_60_0_32_32_64_0_0_0_0_2_33_2_null_[0, 64, 2, 0]
108_108_43_60_0_32_32_64_0_0_0_0_2_33_2_null_[0, 64, 2, 0]
109_109_43_60_0_32_32_64_0_0_0_0_2_33_2_null_[0, 64, 2, 0]
110_110_43_60_0_32_32_64_0_0_0_0_2_33_2_null_[0, 64, 2, 0]
111_111_43_60_0_32_32_64_0_0_0_0_2_33_2_null_[0, 64, 2, 0]
112_112_43_60_0_32_32_64_0_0_0_0_2_33_2_null_[0, 64, 2, 0]
113_113_43_60_0_32_32_64_0_0_0_0_2_33_2_null_[0, 64, 2, 0]
114_114_43_60_0_32_32_64_0_0_0_0_2_33_2_null_[0, 64, 2, 0]
115_115_43_60_0_32_32_64_0_0_0_0_2_33_2_null_[0, 64, 2, 0]
116_116_43_60_0_32_32_64_0_0_0_0_2_33_2_null_[0, 64, 2, 0]
117_117_43_60_0_32_32_64_0_0_0_0_2_33_2_null_[0, 64, 2, 0]
118_118_43_60_0_32_32_64_0_0_0_0_2_33_2_null_[0, 64, 2, 0]
119_119_43_60_0_32_32_64_0_0_0_0_2_33_2_null_[0, 64, 2, 0]
120_120_43_60_0_32_32_64_0_0_0_0_2_33_2_null_[0, 64, 2, 0]
121_121_43_60_0_32_32_64_0_0_0_0_2_33_2_null_[0, 64, 2, 0]
122_122_43_60_0_32_32_64_0_0_0_0_2_33_2_null_[0, 64, 2, 0]
123_123_43_60_0_32_32_64_0_0_0_0_2_33_2_null_[0, 64, 2, 0]
124_124_43_60_0_32_32_64_0_0_0_0_2_33_2_null_[0, 64, 2, 0]
125_125_43_60_0_32_32_64_0_0_0_0_2_33_2_null_[0, 64, 2, 0]
126_126_43_60_0_32_32_64_0_0_0_0_2_33_2_null_[0, 64, 2, 0]
127_127_43_60_0_32_32_64_0_0_0_0_2_33_2_null_[0, 64, 2, 0]
