10_10_7343_11_0_32_32_64_0_0_0_0_0_24_0_[0, 0, 1, 64]_[0, 64, 19, 9, 34, 0, 82, 0]
11_11_7346_12_0_32_32_64_0_0_0_0_0_24_0_[0, 0, 1, 64]_[0, 64, 19, 9, 34, 0, 82, 0]
12_12_7344_13_0_32_32_64_0_0_0_0_0_24_0_[0, 0, 1, 64]_[0, 64, 19, 9, 34, 0, 82, 0]
13_13_7352_14_0_32_32_64_0_0_0_0_0_24_0_[0, 0, 1, 64]_[0, 64, 19, 9, 34, 0, 82, 0]
14_14_7347_15_0_32_32_64_0_0_0_0_0_24_0_[0, 0, 1, 64]_[0, 64, 19, 9, 34, 0, 82, 0]
15_15_7355_16_0_32_32_64_0_0_0_0_0_24_0_[0, 0, 1, 64]_[0, 64, 19, 9, 34, 0, 82, 0]
16_16_7350_17_0_32_32_64_0_0_0_0_0_24_0_[0, 0, 1, 64]_[0, 64, 19, 9, 34, 0, 82, 0]
17_17_7354_18_0_32_32_64_0_0_0_0_0_24_0_[0, 0, 1, 64]_[0, 64, 19, 9, 34, 0, 82, 0]
18_18_7353_19_0_32_32_64_0_0_0_0_0_24_0_[0, 0, 1, 64]_[0, 64, 19, 9, 34, 0, 82, 0]
19_19_7342_20_0_32_32_64_0_0_0_0_0_24_0_[0, 0, 1, 64]_[0, 64, 19, 9, 34, 0, 82, 0]
20_20_-1_0_0_32_32_64_0_0_0_0_0_24_0_[0, 0, 1, 64]_[0, 64, 19, 9, 34, 0, 82, 0]
21_21_7351_21_0_32_32_64_0_0_0_0_0_24_0_[0, 0, 1, 64]_[0, 64, 19, 9, 34, 0, 82, 0]
22_22_7348_22_0_32_32_64_0_0_0_0_0_24_0_[0, 0, 1, 64]_[0, 64, 19, 9, 34, 0, 82, 0]
23_23_7345_25_0_32_32_64_0_0_0_0_0_24_0_[0, 0, 1, 64]_[0, 64, 19, 9, 34, 0, 82, 0]
24_24_7341_24_0_32_32_64_0_0_0_0_0_24_0_[0, 0, 1, 64]_[0, 64, 19, 9, 34, 0, 82, 0]
35_35_6429_35_0_32_32_64_0_0_0_0_0_24_0_[0, 0, 1, 64]_[0, 64, 19, 9, 34, 0, 82, 0]
36_36_-1_0_0_32_32_64_0_0_0_0_0_24_0_[0, 0, 1, 64]_[0, 64, 19, 9, 34, 0, 82, 0]
37_37_6429_37_0_32_32_64_0_0_0_0_0_24_0_[0, 0, 1, 64]_[0, 64, 19, 9, 34, 0, 82, 0]
38_38_6435_38_0_32_32_64_0_0_0_0_0_24_0_[0, 0, 1, 64]_[0, 64, 19, 9, 34, 0, 82, 0]
39_39_6421_39_0_32_32_64_0_0_0_0_0_24_0_[0, 0, 1, 64]_[0, 64, 19, 9, 34, 0, 82, 0]
40_40_6422_40_0_32_32_64_0_0_0_0_0_24_0_[0, 0, 1, 64]_[0, 64, 19, 9, 34, 0, 82, 0]
48_48_6438_48_0_32_32_64_0_0_0_0_0_24_0_[0, 0, 1, 64]_[0, 64, 19, 9, 34, 0, 82, 0]
49_49_6419_49_0_32_32_64_0_0_0_0_0_24_0_[0, 0, 1, 64]_[0, 64, 19, 9, 34, 0, 82, 0]
50_50_6413_50_0_32_32_64_0_0_0_0_0_24_0_[0, 0, 1, 64]_[0, 64, 19, 9, 34, 0, 82, 0]
51_51_6431_51_0_32_32_64_0_0_0_0_0_24_0_[0, 0, 1, 64]_[0, 64, 19, 9, 34, 0, 82, 0]
52_52_6433_52_0_32_32_64_0_0_0_0_0_24_0_[0, 0, 1, 64]_[0, 64, 19, 9, 34, 0, 82, 0]
