35_35_395_35_0_33_34_64_0_0_0_0_0_24_0_[0, 64, 5, 19, 11, 0]_null
36_36_462_36_0_33_50_64_0_23_0_0_0_24_0_[0, 64, 3, 29, 7, 6, 14, 0]_[0, 64, 25, 0]
37_37_487_37_0_33_34_64_0_0_0_0_0_24_0_[0, 64, 6, 33, 12, 1]_[0, 64, 6, 38, 15, 13, 31, 0]
38_38_519_38_0_33_45_64_0_0_0_0_0_24_0_[0, 64, 5, 19, 11, 0]_null
39_39_423_39_0_33_32_64_0_0_0_0_0_24_0_[0, 64, 5, 19, 11, 0]_null
40_40_436_40_0_33_32_64_0_0_0_0_0_24_0_[0, 64, 6, 33, 12, 1]_[0, 64, 6, 38, 15, 13, 31, 0]
41_41_426_49_0_33_33_16_0_23_0_0_0_24_0_[0, 64, 3, 29, 7, 6, 14, 0]_[0, 64, 25, 0]
42_42_526_42_0_33_26_64_0_0_0_0_0_24_0_[0, 64, 2, 10, 5, 0]_[0, 64, 1, 0]
43_43_426_47_0_33_33_32_0_23_0_0_0_24_0_[0, 64, 3, 29, 7, 6, 14, 0]_[0, 64, 25, 0]
44_44_458_44_0_33_25_64_0_0_0_0_0_24_0_[0, 64, 11, 0]_[0, 64, 1, 0]
45_45_426_45_0_33_33_48_0_23_0_0_0_24_0_[0, 64, 3, 29, 7, 6, 14, 0]_[0, 64, 25, 0]
46_46_461_46_0_33_24_64_0_0_0_0_0_24_0_[0, 62, 6, 20, 25, 7, 50, 0]_[0, 64, 1, 0]
47_47_419_47_0_33_39_64_0_23_0_0_0_24_0_[0, 64, 3, 29, 7, 6, 14, 0]_[0, 64, 25, 0]
48_48_456_48_0_33_39_88_0_23_0_0_0_24_0_[0, 64, 3, 29, 7, 6, 14, 0]_[0, 64, 25, 0]
49_49_433_49_0_33_32_64_0_0_0_0_0_24_0_[0, 64, -106, 0]_null
50_50_456_49_0_33_39_112_0_23_0_0_0_24_0_[0, 64, 3, 29, 7, 6, 14, 0]_[0, 64, 25, 0]
51_51_540_51_0_33_8_64_0_0_0_0_0_24_0_[0, 64, -106, 0]_null
52_52_429_52_0_33_24_64_0_10_0_0_0_24_0_[0, 64, 22, 37, 47, 19, 100, 0]_null
53_53_427_53_0_33_12_32_0_10_0_0_0_24_0_[0, 64, 22, 37, 47, 19, 100, 0]_null
54_54_447_54_0_33_24_64_0_0_0_0_0_24_0_[0, 0, 1, 64, 12, 17, 24, 0]_null
55_55_-1_0_0_33_32_64_0_10_0_0_0_24_0_[0, 64, 22, 37, 47, 19, 100, 0]_null
56_56_517_59_0_33_32_72_0_23_0_0_0_24_0_[0, 64, 3, 29, 7, 6, 14, 0]_[0, 64, 25, 0]
57_57_525_54_0_33_39_64_0_10_0_0_0_24_0_[0, 64, 22, 37, 47, 19, 100, 0]_null
58_58_552_58_0_33_32_20_0_0_0_0_0_24_0_[0, 59, 16, 35, 45, 14, 71, 4, 102, 0]_null
59_59_443_59_0_33_13_24_0_10_0_0_0_24_0_[0, 64, 22, 37, 47, 19, 100, 0]_null
60_60_460_60_0_33_32_76_0_0_0_0_0_24_0_[0, 64, 5, 19, 11, 0]_null
61_61_549_61_0_33_32_84_0_0_0_0_0_24_0_[0, 64, 5, 19, 11, 0]_null
62_62_424_62_0_33_32_44_0_23_0_0_0_24_0_[0, 64, 3, 29, 7, 6, 14, 0]_[0, 64, 25, 0]
63_63_432_63_0_33_32_32_0_0_0_0_0_24_0_[0, 64, 5, 19, 11, 0]_null
64_64_494_64_0_33_32_12_0_23_0_0_0_24_0_[0, 64, 3, 29, 7, 6, 14, 0]_[0, 64, 25, 0]
65_65_438_65_0_33_32_84_0_23_0_0_0_24_0_[0, 64, 3, 29, 7, 6, 14, 0]_[0, 64, 25, 0]
66_66_562_66_0_33_32_96_0_0_0_0_0_24_0_[0, 64, 6, 33, 12, 1]_[0, 64, 6, 38, 15, 13, 31, 0]
67_67_-1_0_0_33_32_28_0_0_0_0_0_24_0_[0, 64, 10, 31, 30, 8, 52, 0]_[0, 64, 17, 38, 43, 11, 66, 0]
68_68_530_62_0_33_32_28_0_23_0_0_0_24_0_[0, 64, 3, 29, 7, 6, 14, 0]_[0, 64, 25, 0]
69_69_485_69_0_33_30_8_0_0_0_0_0_24_0_[0, 64, 2, 10, 5, 0]_[0, 64, 1, 0]
70_70_513_70_0_33_18_8_0_0_0_0_0_24_0_[0, 64, 5, 19, 11, 0]_null
71_71_493_71_0_33_32_96_0_0_0_0_0_24_0_[0, 62, 6, 20, 25, 7, 50, 0]_[0, 64, 1, 0]
72_72_539_72_0_33_32_96_0_0_0_0_0_24_0_[0, 64, 5, 19, 11, 0]_null
73_73_463_79_0_33_32_88_0_0_0_0_0_24_0_[0, 64, 5, 19, 11, 0]_null
74_74_475_74_0_33_32_88_0_0_0_0_0_24_0_[0, 64, 5, 19, 11, 0]_null
75_75_446_75_0_33_32_100_0_0_0_0_0_24_0_[0, 64, 6, 33, 12, 1]_[0, 64, 6, 38, 15, 13, 31, 0]
76_76_558_76_0_33_32_88_0_0_0_0_0_24_0_[0, 64, 5, 19, 11, 0]_null
77_77_558_81_0_33_32_88_0_0_0_0_0_24_0_[0, 64, 5, 19, 11, 0]_null
78_78_560_78_0_33_32_32_0_0_0_0_0_24_0_[0, 64, 5, 19, 11, 0]_null
79_79_422_79_0_33_32_48_0_0_0_0_0_24_0_[0, 64, 5, 19, 11, 0]_null
80_80_452_80_0_33_32_16_0_0_0_0_0_24_0_[0, 64, 5, 19, 11, 0]_null
81_81_537_81_0_33_32_16_0_23_0_0_0_24_0_[0, 64, 3, 29, 7, 6, 14, 0]_[0, 64, 25, 0]
82_82_343_82_0_33_28_92_0_0_0_0_0_24_0_[0, 64, 2, 8, 4, 0]_[0, 64, 1, 0]
83_83_344_83_0_33_19_92_0_0_0_0_0_24_0_[0, 64, 5, 43, 14, 20, 26, 5, 35, 0]_[0, 64, 2, 30, 6, 12, 13, 0]
84_84_345_84_0_33_32_108_0_10_0_0_0_24_0_[0, 64, 22, 37, 47, 19, 100, 0]_null
85_85_346_81_0_33_32_16_0_0_0_0_0_24_0_[0, 64, 10, 31, 30, 8, 52, 0]_[0, 64, 17, 38, 43, 11, 66, 0]
86_86_347_71_0_33_59_64_0_0_0_0_0_24_0_[0, 64, 2, 27, 5, 9, 14, 0]_[0, 64, 1, 0]
87_87_348_89_0_33_59_88_0_0_0_0_0_24_0_[0, 64, 5, 43, 14, 20, 26, 5, 35, 0]_[0, 64, 2, 30, 6, 12, 13, 0]
89_89_335_84_0_33_32_64_0_23_0_0_0_24_0_[0, 64, 3, 29, 7, 6, 14, 0]_[0, 64, 25, 0]
96_96_3715_96_0_33_32_64_0_0_0_0_0_24_0_null_[0, 64, 1, 0]
97_97_3716_97_0_33_32_64_0_0_0_0_0_24_0_null_[0, 64, 1, 0]
