0_0_48_55_0_32_32_64_0_0_0_0_0_24_0_[0, 0, 1, 64]_[0, 64, 4, 7, 24, 0]
1_1_48_55_0_32_32_64_0_0_0_0_0_24_0_[0, 0, 1, 64]_[0, 64, 4, 7, 24, 0]
2_2_48_55_0_32_32_64_0_0_0_0_0_24_0_[0, 0, 1, 64]_[0, 64, 4, 7, 24, 0]
3_3_48_55_0_32_32_64_0_0_0_0_0_24_0_[0, 0, 1, 64]_[0, 64, 4, 7, 24, 0]
4_4_48_55_0_32_32_64_0_0_0_0_0_24_0_[0, 0, 1, 64]_[0, 64, 4, 7, 24, 0]
5_5_48_55_0_32_32_64_0_0_0_0_0_24_0_[0, 0, 1, 64]_[0, 64, 4, 7, 24, 0]
6_6_48_55_0_32_32_64_0_0_0_0_0_24_0_[0, 0, 1, 64]_[0, 64, 4, 7, 24, 0]
7_7_48_55_0_32_32_64_0_0_0_0_0_24_0_[0, 0, 1, 64]_[0, 64, 4, 7, 24, 0]
8_8_48_55_0_32_32_64_0_0_0_0_0_24_0_[0, 0, 1, 64]_[0, 64, 4, 7, 24, 0]
9_9_48_55_0_32_32_64_0_0_0_0_0_24_0_[0, 0, 1, 64]_[0, 64, 4, 7, 24, 0]
10_10_48_55_0_32_32_64_0_0_0_0_0_24_0_[0, 0, 1, 64]_[0, 64, 4, 7, 24, 0]
11_11_48_55_0_32_32_64_0_0_0_0_0_24_0_[0, 0, 1, 64]_[0, 64, 4, 7, 24, 0]
12_12_48_55_0_32_32_64_0_0_0_0_0_24_0_[0, 0, 1, 64]_[0, 64, 4, 7, 24, 0]
13_13_48_55_0_32_32_64_0_0_0_0_0_24_0_[0, 0, 1, 64]_[0, 64, 4, 7, 24, 0]
14_14_48_55_0_32_32_64_0_0_0_0_0_24_0_[0, 0, 1, 64]_[0, 64, 4, 7, 24, 0]
15_15_48_55_0_32_32_64_0_0_0_0_0_24_0_[0, 0, 1, 64]_[0, 64, 4, 7, 24, 0]
16_16_48_55_0_32_32_64_0_0_0_0_0_24_0_[0, 0, 1, 64]_[0, 64, 4, 7, 24, 0]
17_17_48_55_0_32_32_64_0_0_0_0_0_24_0_[0, 0, 1, 64]_[0, 64, 4, 7, 24, 0]
18_18_48_55_0_32_32_64_0_0_0_0_0_24_0_[0, 0, 1, 64]_[0, 64, 4, 7, 24, 0]
19_19_48_55_0_32_32_64_0_0_0_0_0_24_0_[0, 0, 1, 64]_[0, 64, 4, 7, 24, 0]
20_20_48_55_0_32_32_64_0_0_0_0_0_24_0_[0, 0, 1, 64]_[0, 64, 4, 7, 24, 0]
21_21_48_55_0_32_32_64_0_0_0_0_0_24_0_[0, 0, 1, 64]_[0, 64, 4, 7, 24, 0]
22_22_48_55_0_32_32_64_0_0_0_0_0_24_0_[0, 0, 1, 64]_[0, 64, 4, 7, 24, 0]
23_23_48_55_0_32_32_64_0_0_0_0_0_24_0_[0, 0, 1, 64]_[0, 64, 4, 7, 24, 0]
24_24_48_55_0_32_32_64_0_0_0_0_0_24_0_[0, 0, 1, 64]_[0, 64, 4, 7, 24, 0]
25_25_48_55_0_32_32_64_0_0_0_0_0_24_0_[0, 0, 1, 64]_[0, 64, 4, 7, 24, 0]
26_26_48_55_0_32_32_64_0_0_0_0_0_24_0_[0, 0, 1, 64]_[0, 64, 4, 7, 24, 0]
27_27_48_55_0_32_32_64_0_0_0_0_0_24_0_[0, 0, 1, 64]_[0, 64, 4, 7, 24, 0]
28_28_48_55_0_32_32_64_0_0_0_0_0_24_0_[0, 0, 1, 64]_[0, 64, 4, 7, 24, 0]
29_29_48_55_0_32_32_64_0_0_0_0_0_24_0_[0, 0, 1, 64]_[0, 64, 4, 7, 24, 0]
30_30_48_55_0_32_32_64_0_0_0_0_0_24_0_[0, 0, 1, 64]_[0, 64, 4, 7, 24, 0]
31_31_48_55_0_32_32_64_0_0_0_0_0_24_0_[0, 0, 1, 64]_[0, 64, 4, 7, 24, 0]
32_32_48_55_0_32_32_64_0_0_0_0_0_24_0_[0, 0, 1, 64]_[0, 64, 4, 7, 24, 0]
33_33_48_55_0_32_32_64_0_0_0_0_0_24_0_[0, 0, 1, 64]_[0, 64, 4, 7, 24, 0]
34_34_48_55_0_32_32_64_0_0_0_0_0_24_0_[0, 0, 1, 64]_[0, 64, 4, 7, 24, 0]
35_35_48_55_0_32_32_64_0_0_0_0_0_24_0_[0, 0, 1, 64]_[0, 64, 4, 7, 24, 0]
36_36_48_55_0_32_32_64_0_0_0_0_0_24_0_[0, 0, 1, 64]_[0, 64, 4, 7, 24, 0]
37_37_48_55_0_32_32_64_0_0_0_0_0_24_0_[0, 0, 1, 64]_[0, 64, 4, 7, 24, 0]
38_38_48_55_0_32_32_64_0_0_0_0_0_24_0_[0, 0, 1, 64]_[0, 64, 4, 7, 24, 0]
39_39_48_55_0_32_32_64_0_0_0_0_0_24_0_[0, 0, 1, 64]_[0, 64, 4, 7, 24, 0]
40_40_48_55_0_32_32_64_0_0_0_0_0_24_0_[0, 0, 1, 64]_[0, 64, 4, 7, 24, 0]
41_41_48_55_0_32_32_64_0_0_0_0_0_24_0_[0, 0, 1, 64]_[0, 64, 4, 7, 24, 0]
42_42_48_55_0_32_32_64_0_0_0_0_0_24_0_[0, 0, 1, 64]_[0, 64, 4, 7, 24, 0]
43_43_48_55_0_32_32_64_0_0_0_0_0_24_0_[0, 0, 1, 64]_[0, 64, 4, 7, 24, 0]
44_44_48_55_0_32_32_64_0_0_0_0_0_24_0_[0, 0, 1, 64]_[0, 64, 4, 7, 24, 0]
45_45_48_55_0_32_32_64_0_0_0_0_0_24_0_[0, 0, 1, 64]_[0, 64, 4, 7, 24, 0]
46_46_48_55_0_32_32_64_0_0_0_0_0_24_0_[0, 0, 1, 64]_[0, 64, 4, 7, 24, 0]
47_47_48_55_0_32_32_64_0_0_0_0_0_24_0_[0, 0, 1, 64]_[0, 64, 4, 7, 24, 0]
48_48_48_55_0_32_32_64_0_0_0_0_0_24_0_[0, 0, 1, 64]_[0, 64, 4, 7, 24, 0]
49_49_48_55_0_32_32_64_0_0_0_0_0_24_0_[0, 0, 1, 64]_[0, 64, 4, 7, 24, 0]
50_50_48_55_0_32_32_64_0_0_0_0_0_24_0_[0, 0, 1, 64]_[0, 64, 4, 7, 24, 0]
51_51_48_55_0_32_32_64_0_0_0_0_0_24_0_[0, 0, 1, 64]_[0, 64, 4, 7, 24, 0]
52_52_48_55_0_32_32_64_0_0_0_0_0_24_0_[0, 0, 1, 64]_[0, 64, 4, 7, 24, 0]
53_53_48_55_0_32_32_64_0_0_0_0_0_24_0_[0, 0, 1, 64]_[0, 64, 4, 7, 24, 0]
54_54_48_55_0_32_32_64_0_0_0_0_0_24_0_[0, 0, 1, 64]_[0, 64, 4, 7, 24, 0]
55_55_48_55_0_32_32_64_0_0_0_0_0_24_0_[0, 0, 1, 64]_[0, 64, 4, 7, 24, 0]
56_56_48_55_0_32_32_64_0_0_0_0_0_24_0_[0, 0, 1, 64]_[0, 64, 4, 7, 24, 0]
57_57_48_55_0_32_32_64_0_0_0_0_0_24_0_[0, 0, 1, 64]_[0, 64, 4, 7, 24, 0]
58_58_48_55_0_32_32_64_0_0_0_0_0_24_0_[0, 0, 1, 64]_[0, 64, 4, 7, 24, 0]
59_59_48_55_0_32_32_64_0_0_0_0_0_24_0_[0, 0, 1, 64]_[0, 64, 4, 7, 24, 0]
60_60_48_55_0_32_32_64_0_0_0_0_0_24_0_[0, 0, 1, 64]_[0, 64, 4, 7, 24, 0]
61_61_48_55_0_32_32_64_0_0_0_0_0_24_0_[0, 0, 1, 64]_[0, 64, 4, 7, 24, 0]
62_62_48_55_0_32_32_64_0_0_0_0_0_24_0_[0, 0, 1, 64]_[0, 64, 4, 7, 24, 0]
63_63_48_55_0_32_32_64_0_0_0_0_0_24_0_[0, 0, 1, 64]_[0, 64, 4, 7, 24, 0]
64_64_48_55_0_32_32_64_0_0_0_0_0_24_0_[0, 0, 1, 64]_[0, 64, 4, 7, 24, 0]
65_65_48_55_0_32_32_64_0_0_0_0_0_24_0_[0, 0, 1, 64]_[0, 64, 4, 7, 24, 0]
66_66_48_55_0_32_32_64_0_0_0_0_0_24_0_[0, 0, 1, 64]_[0, 64, 4, 7, 24, 0]
67_67_49_67_0_32_32_64_0_0_0_0_0_24_0_[0, 0, 1, 64]_[0, 64, 4, 7, 24, 0]
68_68_49_67_0_32_32_64_0_0_0_0_0_24_0_[0, 0, 1, 64]_[0, 64, 4, 7, 24, 0]
69_69_49_67_0_32_32_64_0_0_0_0_0_24_0_[0, 0, 1, 64]_[0, 64, 4, 7, 24, 0]
70_70_49_67_0_32_32_64_0_0_0_0_0_24_0_[0, 0, 1, 64]_[0, 64, 4, 7, 24, 0]
71_71_49_67_0_32_32_64_0_0_0_0_0_24_0_[0, 0, 1, 64]_[0, 64, 4, 7, 24, 0]
72_72_49_67_0_32_32_64_0_0_0_0_0_24_0_[0, 0, 1, 64]_[0, 64, 4, 7, 24, 0]
73_73_49_67_0_32_32_64_0_0_0_0_0_24_0_[0, 0, 1, 64]_[0, 64, 4, 7, 24, 0]
74_74_49_67_0_32_32_64_0_0_0_0_0_24_0_[0, 0, 1, 64]_[0, 64, 4, 7, 24, 0]
75_75_49_67_0_32_32_64_0_0_0_0_0_24_0_[0, 0, 1, 64]_[0, 64, 4, 7, 24, 0]
76_76_49_67_0_32_32_64_0_0_0_0_0_24_0_[0, 0, 1, 64]_[0, 64, 4, 7, 24, 0]
77_77_49_67_0_32_32_64_0_0_0_0_0_24_0_[0, 0, 1, 64]_[0, 64, 4, 7, 24, 0]
78_78_49_67_0_32_32_64_0_0_0_0_0_24_0_[0, 0, 1, 64]_[0, 64, 4, 7, 24, 0]
79_79_50_79_0_32_32_64_0_0_0_0_0_24_0_[0, 0, 1, 64]_[0, 64, 4, 7, 24, 0]
80_80_50_79_0_32_32_64_0_0_0_0_0_24_0_[0, 0, 1, 64]_[0, 64, 4, 7, 24, 0]
81_81_50_79_0_32_32_64_0_0_0_0_0_24_0_[0, 0, 1, 64]_[0, 64, 4, 7, 24, 0]
82_82_50_79_0_32_32_64_0_0_0_0_0_24_0_[0, 0, 1, 64]_[0, 64, 4, 7, 24, 0]
83_83_50_79_0_32_32_64_0_0_0_0_0_24_0_[0, 0, 1, 64]_[0, 64, 4, 7, 24, 0]
84_84_50_79_0_32_32_64_0_0_0_0_0_24_0_[0, 0, 1, 64]_[0, 64, 4, 7, 24, 0]
85_85_50_79_0_32_32_64_0_0_0_0_0_24_0_[0, 0, 1, 64]_[0, 64, 4, 7, 24, 0]
86_86_50_79_0_32_32_64_0_0_0_0_0_24_0_[0, 0, 1, 64]_[0, 64, 4, 7, 24, 0]
87_87_50_79_0_32_32_64_0_0_0_0_0_24_0_[0, 0, 1, 64]_[0, 64, 4, 7, 24, 0]
88_88_51_91_0_32_32_64_0_0_0_0_0_24_0_[0, 0, 1, 64]_[0, 64, 4, 7, 24, 0]
89_89_51_91_0_32_32_64_0_0_0_0_0_24_0_[0, 0, 1, 64]_[0, 64, 4, 7, 24, 0]
90_90_51_91_0_32_32_64_0_0_0_0_0_24_0_[0, 0, 1, 64]_[0, 64, 4, 7, 24, 0]
91_91_51_91_0_32_32_64_0_0_0_0_0_24_0_[0, 0, 1, 64]_[0, 64, 4, 7, 24, 0]
92_92_51_91_0_32_32_64_0_0_0_0_0_24_0_[0, 0, 1, 64]_[0, 64, 4, 7, 24, 0]
93_93_51_91_0_32_32_64_0_0_0_0_0_24_0_[0, 0, 1, 64]_[0, 64, 4, 7, 24, 0]
94_94_51_91_0_32_32_64_0_0_0_0_0_24_0_[0, 0, 1, 64]_[0, 64, 4, 7, 24, 0]
95_95_51_91_0_32_32_64_0_0_0_0_0_24_0_[0, 0, 1, 64]_[0, 64, 4, 7, 24, 0]
96_96_52_96_0_32_32_64_0_0_0_0_0_24_0_[0, 0, 1, 64]_[0, 64, 4, 7, 24, 0]
97_97_52_96_0_32_32_64_0_0_0_0_0_24_0_[0, 0, 1, 64]_[0, 64, 4, 7, 24, 0]
98_98_52_96_0_32_32_64_0_0_0_0_0_24_0_[0, 0, 1, 64]_[0, 64, 4, 7, 24, 0]
99_99_52_96_0_32_32_64_0_0_0_0_0_24_0_[0, 0, 1, 64]_[0, 64, 4, 7, 24, 0]
100_100_52_96_0_32_32_64_0_0_0_0_0_24_0_[0, 0, 1, 64]_[0, 64, 4, 7, 24, 0]
101_101_52_96_0_32_32_64_0_0_0_0_0_24_0_[0, 0, 1, 64]_[0, 64, 4, 7, 24, 0]
102_102_52_96_0_32_32_64_0_0_0_0_0_24_0_[0, 0, 1, 64]_[0, 64, 4, 7, 24, 0]
103_103_52_96_0_32_32_64_0_0_0_0_0_24_0_[0, 0, 1, 64]_[0, 64, 4, 7, 24, 0]
104_104_52_96_0_32_32_64_0_0_0_0_0_24_0_[0, 0, 1, 64]_[0, 64, 4, 7, 24, 0]
105_105_52_96_0_32_32_64_0_0_0_0_0_24_0_[0, 0, 1, 64]_[0, 64, 4, 7, 24, 0]
106_106_52_96_0_32_32_64_0_0_0_0_0_24_0_[0, 0, 1, 64]_[0, 64, 4, 7, 24, 0]
107_107_52_96_0_32_32_64_0_0_0_0_0_24_0_[0, 0, 1, 64]_[0, 64, 4, 7, 24, 0]
108_108_52_96_0_32_32_64_0_0_0_0_0_24_0_[0, 0, 1, 64]_[0, 64, 4, 7, 24, 0]
109_109_52_96_0_32_32_64_0_0_0_0_0_24_0_[0, 0, 1, 64]_[0, 64, 4, 7, 24, 0]
110_110_52_96_0_32_32_64_0_0_0_0_0_24_0_[0, 0, 1, 64]_[0, 64, 4, 7, 24, 0]
111_111_52_96_0_32_32_64_0_0_0_0_0_24_0_[0, 0, 1, 64]_[0, 64, 4, 7, 24, 0]
112_112_52_96_0_32_32_64_0_0_0_0_0_24_0_[0, 0, 1, 64]_[0, 64, 4, 7, 24, 0]
113_113_52_96_0_32_32_64_0_0_0_0_0_24_0_[0, 0, 1, 64]_[0, 64, 4, 7, 24, 0]
114_114_52_96_0_32_32_64_0_0_0_0_0_24_0_[0, 0, 1, 64]_[0, 64, 4, 7, 24, 0]
115_115_52_96_0_32_32_64_0_0_0_0_0_24_0_[0, 0, 1, 64]_[0, 64, 4, 7, 24, 0]
116_116_52_96_0_32_32_64_0_0_0_0_0_24_0_[0, 0, 1, 64]_[0, 64, 4, 7, 24, 0]
117_117_52_96_0_32_32_64_0_0_0_0_0_24_0_[0, 0, 1, 64]_[0, 64, 4, 7, 24, 0]
118_118_52_96_0_32_32_64_0_0_0_0_0_24_0_[0, 0, 1, 64]_[0, 64, 4, 7, 24, 0]
119_119_52_96_0_32_32_64_0_0_0_0_0_24_0_[0, 0, 1, 64]_[0, 64, 4, 7, 24, 0]
120_120_52_96_0_32_32_64_0_0_0_0_0_24_0_[0, 0, 1, 64]_[0, 64, 4, 7, 24, 0]
121_121_52_96_0_32_32_64_0_0_0_0_0_24_0_[0, 0, 1, 64]_[0, 64, 4, 7, 24, 0]
122_122_52_96_0_32_32_64_0_0_0_0_0_24_0_[0, 0, 1, 64]_[0, 64, 4, 7, 24, 0]
123_123_52_96_0_32_32_64_0_0_0_0_0_24_0_[0, 0, 1, 64]_[0, 64, 4, 7, 24, 0]
124_124_52_96_0_32_32_64_0_0_0_0_0_24_0_[0, 0, 1, 64]_[0, 64, 4, 7, 24, 0]
125_125_52_96_0_32_32_64_0_0_0_0_0_24_0_[0, 0, 1, 64]_[0, 64, 4, 7, 24, 0]
126_126_52_96_0_32_32_64_0_0_0_0_0_24_0_[0, 0, 1, 64]_[0, 64, 4, 7, 24, 0]
127_127_52_96_0_32_32_64_0_0_0_0_0_24_0_[0, 0, 1, 64]_[0, 64, 4, 7, 24, 0]
