0_0_392_48_0_32_32_64_0_0_0_0_0_24_0_null_[0, 64, 1, 0]
1_1_392_48_0_32_32_64_0_0_0_0_0_24_0_null_[0, 64, 1, 0]
2_2_392_48_0_32_32_64_0_0_0_0_0_24_0_null_[0, 64, 1, 0]
3_3_392_48_0_32_32_64_0_0_0_0_0_24_0_null_[0, 64, 1, 0]
4_4_392_48_0_32_32_64_0_0_0_0_0_24_0_null_[0, 64, 1, 0]
5_5_392_48_0_32_32_64_0_0_0_0_0_24_0_null_[0, 64, 1, 0]
6_6_392_48_0_32_32_64_0_0_0_0_0_24_0_null_[0, 64, 1, 0]
7_7_392_48_0_32_32_64_0_0_0_0_0_24_0_null_[0, 64, 1, 0]
8_8_392_48_0_32_32_64_0_0_0_0_0_24_0_null_[0, 64, 1, 0]
9_9_392_48_0_32_32_64_0_0_0_0_0_24_0_null_[0, 64, 1, 0]
10_10_392_48_0_32_32_64_0_0_0_0_0_24_0_null_[0, 64, 1, 0]
11_11_392_48_0_32_32_64_0_0_0_0_0_24_0_null_[0, 64, 1, 0]
12_12_392_48_0_32_32_64_0_0_0_0_0_24_0_null_[0, 64, 1, 0]
13_13_392_48_0_32_32_64_0_0_0_0_0_24_0_null_[0, 64, 1, 0]
14_14_392_48_0_32_32_64_0_0_0_0_0_24_0_null_[0, 64, 1, 0]
15_15_392_48_0_32_32_64_0_0_0_0_0_24_0_null_[0, 64, 1, 0]
16_16_392_48_0_32_32_64_0_0_0_0_0_24_0_null_[0, 64, 1, 0]
17_17_392_48_0_32_32_64_0_0_0_0_0_24_0_null_[0, 64, 1, 0]
18_18_392_48_0_32_32_64_0_0_0_0_0_24_0_null_[0, 64, 1, 0]
19_19_392_48_0_32_32_64_0_0_0_0_0_24_0_null_[0, 64, 1, 0]
20_20_392_48_0_32_32_64_0_0_0_0_0_24_0_null_[0, 64, 1, 0]
21_21_392_48_0_32_32_64_0_0_0_0_0_24_0_null_[0, 64, 1, 0]
22_22_392_48_0_32_32_64_0_0_0_0_0_24_0_null_[0, 64, 1, 0]
23_23_392_48_0_32_32_64_0_0_0_0_0_24_0_null_[0, 64, 1, 0]
24_24_392_48_0_32_32_64_0_0_0_0_0_24_0_null_[0, 64, 1, 0]
25_25_392_48_0_32_32_64_0_0_0_0_0_24_0_null_[0, 64, 1, 0]
26_26_392_48_0_32_32_64_0_0_0_0_0_24_0_null_[0, 64, 1, 0]
27_27_392_48_0_32_32_64_0_0_0_0_0_24_0_null_[0, 64, 1, 0]
28_28_392_48_0_32_32_64_0_0_0_0_0_24_0_null_[0, 64, 1, 0]
29_29_392_48_0_32_32_64_0_0_0_0_0_24_0_null_[0, 64, 1, 0]
30_30_392_48_0_32_32_64_0_0_0_0_0_24_0_null_[0, 64, 1, 0]
31_31_392_48_0_32_32_64_0_0_0_0_0_24_0_null_[0, 64, 1, 0]
32_32_392_48_0_32_32_64_0_0_0_0_0_24_0_null_[0, 64, 1, 0]
33_33_392_48_0_32_32_64_0_0_0_0_0_24_0_null_[0, 64, 1, 0]
34_34_392_48_0_32_32_64_0_0_0_0_0_24_0_null_[0, 64, 1, 0]
35_35_392_48_0_32_32_64_0_0_0_0_0_24_0_null_[0, 64, 1, 0]
36_36_392_48_0_32_32_64_0_0_0_0_0_24_0_null_[0, 64, 1, 0]
37_37_392_48_0_32_32_64_0_0_0_0_0_24_0_null_[0, 64, 1, 0]
38_38_392_48_0_32_32_64_0_0_0_0_0_24_0_null_[0, 64, 1, 0]
39_39_392_48_0_32_32_64_0_0_0_0_0_24_0_null_[0, 64, 1, 0]
40_40_392_48_0_32_32_64_0_0_0_0_0_24_0_null_[0, 64, 1, 0]
41_41_392_48_0_32_32_64_0_0_0_0_0_24_0_null_[0, 64, 1, 0]
42_42_392_48_0_32_32_64_0_0_0_0_0_24_0_null_[0, 64, 1, 0]
43_43_392_48_0_32_32_64_0_0_0_0_0_24_0_null_[0, 64, 1, 0]
44_44_392_48_0_32_32_64_0_0_0_0_0_24_0_null_[0, 64, 1, 0]
45_45_392_48_0_32_32_64_0_0_0_0_0_24_0_null_[0, 64, 1, 0]
46_46_392_48_0_32_32_64_0_0_0_0_0_24_0_null_[0, 64, 1, 0]
47_47_392_48_0_32_32_64_0_0_0_0_0_24_0_null_[0, 64, 1, 0]
48_48_392_48_0_32_32_64_0_0_0_0_0_24_0_null_[0, 64, 1, 0]
49_49_392_48_0_32_32_64_0_0_0_0_0_24_0_null_[0, 64, 1, 0]
50_50_392_48_0_32_32_64_0_0_0_0_0_24_0_null_[0, 64, 1, 0]
51_51_392_48_0_32_32_64_0_0_0_0_0_24_0_null_[0, 64, 1, 0]
52_52_392_48_0_32_32_64_0_0_0_0_0_24_0_null_[0, 64, 1, 0]
53_53_392_48_0_32_32_64_0_0_0_0_0_24_0_null_[0, 64, 1, 0]
54_54_392_48_0_32_32_64_0_0_0_0_0_24_0_null_[0, 64, 1, 0]
55_55_61_60_0_32_32_64_0_0_0_0_0_24_0_null_[0, 64, 1, 0]
56_56_61_60_0_32_32_64_0_0_0_0_0_24_0_null_[0, 64, 1, 0]
57_57_61_60_0_32_32_64_0_0_0_0_0_24_0_null_[0, 64, 1, 0]
58_58_61_60_0_32_32_64_0_0_0_0_0_24_0_null_[0, 64, 1, 0]
59_59_61_60_0_32_32_64_0_0_0_0_0_24_0_null_[0, 64, 1, 0]
60_60_61_60_0_32_32_64_0_0_0_0_0_24_0_null_[0, 64, 1, 0]
61_61_61_60_0_32_32_64_0_0_0_0_0_24_0_null_[0, 64, 1, 0]
62_62_61_60_0_32_32_64_0_0_0_0_0_24_0_null_[0, 64, 1, 0]
63_63_61_60_0_32_32_64_0_0_0_0_0_24_0_null_[0, 64, 1, 0]
64_64_61_60_0_32_32_64_0_0_0_0_0_24_0_null_[0, 64, 1, 0]
65_65_61_60_0_32_32_64_0_0_0_0_0_24_0_null_[0, 64, 1, 0]
66_66_61_60_0_32_32_64_0_0_0_0_0_24_0_null_[0, 64, 1, 0]
67_67_497_72_0_32_32_64_0_0_0_0_0_24_0_null_[0, 64, 1, 0]
68_68_497_72_0_32_32_64_0_0_0_0_0_24_0_null_[0, 64, 1, 0]
69_69_497_72_0_32_32_64_0_0_0_0_0_24_0_null_[0, 64, 1, 0]
70_70_497_72_0_32_32_64_0_0_0_0_0_24_0_null_[0, 64, 1, 0]
71_71_497_72_0_32_32_64_0_0_0_0_0_24_0_null_[0, 64, 1, 0]
72_72_497_72_0_32_32_64_0_0_0_0_0_24_0_null_[0, 64, 1, 0]
73_73_497_72_0_32_32_64_0_0_0_0_0_24_0_null_[0, 64, 1, 0]
74_74_497_72_0_32_32_64_0_0_0_0_0_24_0_null_[0, 64, 1, 0]
75_75_497_72_0_32_32_64_0_0_0_0_0_24_0_null_[0, 64, 1, 0]
76_76_497_72_0_32_32_64_0_0_0_0_0_24_0_null_[0, 64, 1, 0]
77_77_497_72_0_32_32_64_0_0_0_0_0_24_0_null_[0, 64, 1, 0]
78_78_497_72_0_32_32_64_0_0_0_0_0_24_0_null_[0, 64, 1, 0]
79_79_497_72_0_32_32_64_0_0_0_0_0_24_0_null_[0, 64, 1, 0]
80_80_497_72_0_32_32_64_0_0_0_0_0_24_0_null_[0, 64, 1, 0]
81_81_497_72_0_32_32_64_0_0_0_0_0_24_0_null_[0, 64, 1, 0]
82_82_497_72_0_32_32_64_0_0_0_0_0_24_0_null_[0, 64, 1, 0]
83_83_520_96_0_32_32_64_0_0_0_0_0_24_0_null_[0, 64, 1, 0]
84_84_520_96_0_32_32_64_0_0_0_0_0_24_0_null_[0, 64, 1, 0]
85_85_520_96_0_32_32_64_0_0_0_0_0_24_0_null_[0, 64, 1, 0]
86_86_520_96_0_32_32_64_0_0_0_0_0_24_0_null_[0, 64, 1, 0]
87_87_520_96_0_32_32_64_0_0_0_0_0_24_0_null_[0, 64, 1, 0]
88_88_520_96_0_32_32_64_0_0_0_0_0_24_0_null_[0, 64, 1, 0]
89_89_520_96_0_32_32_64_0_0_0_0_0_24_0_null_[0, 64, 1, 0]
90_90_520_96_0_32_32_64_0_0_0_0_0_24_0_null_[0, 64, 1, 0]
91_91_520_96_0_32_32_64_0_0_0_0_0_24_0_null_[0, 64, 1, 0]
92_92_520_96_0_32_32_64_0_0_0_0_0_24_0_null_[0, 64, 1, 0]
93_93_520_96_0_32_32_64_0_0_0_0_0_24_0_null_[0, 64, 1, 0]
94_94_520_96_0_32_32_64_0_0_0_0_0_24_0_null_[0, 64, 1, 0]
95_95_520_96_0_32_32_64_0_0_0_0_0_24_0_null_[0, 64, 1, 0]
96_96_520_96_0_32_32_64_0_0_0_0_0_24_0_null_[0, 64, 1, 0]
97_97_520_96_0_32_32_64_0_0_0_0_0_24_0_null_[0, 64, 1, 0]
98_98_520_96_0_32_32_64_0_0_0_0_0_24_0_null_[0, 64, 1, 0]
99_99_520_96_0_32_32_64_0_0_0_0_0_24_0_null_[0, 64, 1, 0]
100_100_520_96_0_32_32_64_0_0_0_0_0_24_0_null_[0, 64, 1, 0]
101_101_520_96_0_32_32_64_0_0_0_0_0_24_0_null_[0, 64, 1, 0]
102_102_520_96_0_32_32_64_0_0_0_0_0_24_0_null_[0, 64, 1, 0]
103_103_520_96_0_32_32_64_0_0_0_0_0_24_0_null_[0, 64, 1, 0]
104_104_520_96_0_32_32_64_0_0_0_0_0_24_0_null_[0, 64, 1, 0]
105_105_520_96_0_32_32_64_0_0_0_0_0_24_0_null_[0, 64, 1, 0]
106_106_520_96_0_32_32_64_0_0_0_0_0_24_0_null_[0, 64, 1, 0]
107_107_520_96_0_32_32_64_0_0_0_0_0_24_0_null_[0, 64, 1, 0]
108_108_520_96_0_32_32_64_0_0_0_0_0_24_0_null_[0, 64, 1, 0]
109_109_520_96_0_32_32_64_0_0_0_0_0_24_0_null_[0, 64, 1, 0]
110_110_520_96_0_32_32_64_0_0_0_0_0_24_0_null_[0, 64, 1, 0]
111_111_520_96_0_32_32_64_0_0_0_0_0_24_0_null_[0, 64, 1, 0]
112_112_520_96_0_32_32_64_0_0_0_0_0_24_0_null_[0, 64, 1, 0]
113_113_520_96_0_32_32_64_0_0_0_0_0_24_0_null_[0, 64, 1, 0]
114_114_520_96_0_32_32_64_0_0_0_0_0_24_0_null_[0, 64, 1, 0]
115_115_520_96_0_32_32_64_0_0_0_0_0_24_0_null_[0, 64, 1, 0]
116_116_520_96_0_32_32_64_0_0_0_0_0_24_0_null_[0, 64, 1, 0]
117_117_520_96_0_32_32_64_0_0_0_0_0_24_0_null_[0, 64, 1, 0]
118_118_520_96_0_32_32_64_0_0_0_0_0_24_0_null_[0, 64, 1, 0]
119_119_520_96_0_32_32_64_0_0_0_0_0_24_0_null_[0, 64, 1, 0]
120_120_520_96_0_32_32_64_0_0_0_0_0_24_0_null_[0, 64, 1, 0]
121_121_520_96_0_32_32_64_0_0_0_0_0_24_0_null_[0, 64, 1, 0]
122_122_520_96_0_32_32_64_0_0_0_0_0_24_0_null_[0, 64, 1, 0]
123_123_520_96_0_32_32_64_0_0_0_0_0_24_0_null_[0, 64, 1, 0]
124_124_520_96_0_32_32_64_0_0_0_0_0_24_0_null_[0, 64, 1, 0]
125_125_520_96_0_32_32_64_0_0_0_0_0_24_0_null_[0, 64, 1, 0]
126_126_520_96_0_32_32_64_0_0_0_0_0_24_0_null_[0, 64, 1, 0]
127_127_520_96_0_32_32_64_0_0_0_0_0_24_0_null_[0, 64, 1, 0]
