0_0_66_55_0_45_32_64_0_0_0_0_0_24_0_[0, 64, 17, 25, 43, 9, 85, 0]_[0, 64, 4, 0]
1_1_66_55_0_45_32_64_0_0_0_0_0_24_0_[0, 64, 17, 25, 43, 9, 85, 0]_[0, 64, 4, 0]
2_2_66_55_0_45_32_64_0_0_0_0_0_24_0_[0, 64, 17, 25, 43, 9, 85, 0]_[0, 64, 4, 0]
3_3_66_55_0_45_32_64_0_0_0_0_0_24_0_[0, 64, 17, 25, 43, 9, 85, 0]_[0, 64, 4, 0]
4_4_66_55_0_45_32_64_0_0_0_0_0_24_0_[0, 64, 17, 25, 43, 9, 85, 0]_[0, 64, 4, 0]
5_5_66_55_0_45_32_64_0_0_0_0_0_24_0_[0, 64, 17, 25, 43, 9, 85, 0]_[0, 64, 4, 0]
6_6_66_55_0_45_32_64_0_0_0_0_0_24_0_[0, 64, 17, 25, 43, 9, 85, 0]_[0, 64, 4, 0]
7_7_66_55_0_45_32_64_0_0_0_0_0_24_0_[0, 64, 17, 25, 43, 9, 85, 0]_[0, 64, 4, 0]
8_8_66_55_0_45_32_64_0_0_0_0_0_24_0_[0, 64, 17, 25, 43, 9, 85, 0]_[0, 64, 4, 0]
9_9_66_55_0_45_32_64_0_0_0_0_0_24_0_[0, 64, 17, 25, 43, 9, 85, 0]_[0, 64, 4, 0]
10_10_66_55_0_45_32_64_0_0_0_0_0_24_0_[0, 64, 17, 25, 43, 9, 85, 0]_[0, 64, 4, 0]
11_11_66_55_0_45_32_64_0_0_0_0_0_24_0_[0, 64, 17, 25, 43, 9, 85, 0]_[0, 64, 4, 0]
12_12_66_55_0_45_32_64_0_0_0_0_0_24_0_[0, 64, 17, 25, 43, 9, 85, 0]_[0, 64, 4, 0]
13_13_66_55_0_45_32_64_0_0_0_0_0_24_0_[0, 64, 17, 25, 43, 9, 85, 0]_[0, 64, 4, 0]
14_14_66_55_0_45_32_64_0_0_0_0_0_24_0_[0, 64, 17, 25, 43, 9, 85, 0]_[0, 64, 4, 0]
15_15_66_55_0_45_32_64_0_0_0_0_0_24_0_[0, 64, 17, 25, 43, 9, 85, 0]_[0, 64, 4, 0]
16_16_66_55_0_45_32_64_0_0_0_0_0_24_0_[0, 64, 17, 25, 43, 9, 85, 0]_[0, 64, 4, 0]
17_17_66_55_0_45_32_64_0_0_0_0_0_24_0_[0, 64, 17, 25, 43, 9, 85, 0]_[0, 64, 4, 0]
18_18_66_55_0_45_32_64_0_0_0_0_0_24_0_[0, 64, 17, 25, 43, 9, 85, 0]_[0, 64, 4, 0]
19_19_66_55_0_45_32_64_0_0_0_0_0_24_0_[0, 64, 17, 25, 43, 9, 85, 0]_[0, 64, 4, 0]
20_20_66_55_0_45_32_64_0_0_0_0_0_24_0_[0, 64, 17, 25, 43, 9, 85, 0]_[0, 64, 4, 0]
21_21_66_55_0_45_32_64_0_0_0_0_0_24_0_[0, 64, 17, 25, 43, 9, 85, 0]_[0, 64, 4, 0]
22_22_66_55_0_45_32_64_0_0_0_0_0_24_0_[0, 64, 17, 25, 43, 9, 85, 0]_[0, 64, 4, 0]
23_23_66_55_0_45_32_64_0_0_0_0_0_24_0_[0, 64, 17, 25, 43, 9, 85, 0]_[0, 64, 4, 0]
24_24_66_55_0_45_32_64_0_0_0_0_0_24_0_[0, 64, 17, 25, 43, 9, 85, 0]_[0, 64, 4, 0]
25_25_66_55_0_45_32_64_0_0_0_0_0_24_0_[0, 64, 17, 25, 43, 9, 85, 0]_[0, 64, 4, 0]
26_26_66_55_0_45_32_64_0_0_0_0_0_24_0_[0, 64, 17, 25, 43, 9, 85, 0]_[0, 64, 4, 0]
27_27_66_55_0_45_32_64_0_0_0_0_0_24_0_[0, 64, 17, 25, 43, 9, 85, 0]_[0, 64, 4, 0]
28_28_66_55_0_45_32_64_0_0_0_0_0_24_0_[0, 64, 17, 25, 43, 9, 85, 0]_[0, 64, 4, 0]
29_29_66_55_0_45_32_64_0_0_0_0_0_24_0_[0, 64, 17, 25, 43, 9, 85, 0]_[0, 64, 4, 0]
30_30_66_55_0_45_32_64_0_0_0_0_0_24_0_[0, 64, 17, 25, 43, 9, 85, 0]_[0, 64, 4, 0]
31_31_66_55_0_45_32_64_0_0_0_0_0_24_0_[0, 64, 17, 25, 43, 9, 85, 0]_[0, 64, 4, 0]
32_32_66_55_0_45_32_64_0_0_0_0_0_24_0_[0, 64, 17, 25, 43, 9, 85, 0]_[0, 64, 4, 0]
33_33_66_55_0_45_32_64_0_0_0_0_0_24_0_[0, 64, 17, 25, 43, 9, 85, 0]_[0, 64, 4, 0]
34_34_66_55_0_45_32_64_0_0_0_0_0_24_0_[0, 64, 17, 25, 43, 9, 85, 0]_[0, 64, 4, 0]
35_35_66_55_0_45_32_64_0_0_0_0_0_24_0_[0, 64, 17, 25, 43, 9, 85, 0]_[0, 64, 4, 0]
36_36_66_55_0_45_32_64_0_0_0_0_0_24_0_[0, 64, 17, 25, 43, 9, 85, 0]_[0, 64, 4, 0]
37_37_66_55_0_45_32_64_0_0_0_0_0_24_0_[0, 64, 17, 25, 43, 9, 85, 0]_[0, 64, 4, 0]
38_38_66_55_0_45_32_64_0_0_0_0_0_24_0_[0, 64, 17, 25, 43, 9, 85, 0]_[0, 64, 4, 0]
39_39_66_55_0_45_32_64_0_0_0_0_0_24_0_[0, 64, 17, 25, 43, 9, 85, 0]_[0, 64, 4, 0]
40_40_66_55_0_45_32_64_0_0_0_0_0_24_0_[0, 64, 17, 25, 43, 9, 85, 0]_[0, 64, 4, 0]
41_41_66_55_0_45_32_64_0_0_0_0_0_24_0_[0, 64, 17, 25, 43, 9, 85, 0]_[0, 64, 4, 0]
42_42_66_55_0_45_32_64_0_0_0_0_0_24_0_[0, 64, 17, 25, 43, 9, 85, 0]_[0, 64, 4, 0]
43_43_66_55_0_45_32_64_0_0_0_0_0_24_0_[0, 64, 17, 25, 43, 9, 85, 0]_[0, 64, 4, 0]
44_44_66_55_0_45_32_64_0_0_0_0_0_24_0_[0, 64, 17, 25, 43, 9, 85, 0]_[0, 64, 4, 0]
45_45_66_55_0_45_32_64_0_0_0_0_0_24_0_[0, 64, 17, 25, 43, 9, 85, 0]_[0, 64, 4, 0]
46_46_66_55_0_45_32_64_0_0_0_0_0_24_0_[0, 64, 17, 25, 43, 9, 85, 0]_[0, 64, 4, 0]
47_47_66_55_0_45_32_64_0_0_0_0_0_24_0_[0, 64, 17, 25, 43, 9, 85, 0]_[0, 64, 4, 0]
48_48_66_55_0_45_32_64_0_0_0_0_0_24_0_[0, 64, 17, 25, 43, 9, 85, 0]_[0, 64, 4, 0]
49_49_66_55_0_45_32_64_0_0_0_0_0_24_0_[0, 64, 17, 25, 43, 9, 85, 0]_[0, 64, 4, 0]
50_50_66_55_0_45_32_64_0_0_0_0_0_24_0_[0, 64, 17, 25, 43, 9, 85, 0]_[0, 64, 4, 0]
51_51_66_55_0_45_32_64_0_0_0_0_0_24_0_[0, 64, 17, 25, 43, 9, 85, 0]_[0, 64, 4, 0]
52_52_66_55_0_45_32_64_0_0_0_0_0_24_0_[0, 64, 17, 25, 43, 9, 85, 0]_[0, 64, 4, 0]
53_53_66_55_0_45_32_64_0_0_0_0_0_24_0_[0, 64, 17, 25, 43, 9, 85, 0]_[0, 64, 4, 0]
54_54_66_55_0_45_32_64_0_0_0_0_0_24_0_[0, 64, 17, 25, 43, 9, 85, 0]_[0, 64, 4, 0]
55_55_66_55_0_45_32_64_0_0_0_0_0_24_0_[0, 64, 17, 25, 43, 9, 85, 0]_[0, 64, 4, 0]
56_56_66_55_0_45_32_64_0_0_0_0_0_24_0_[0, 64, 17, 25, 43, 9, 85, 0]_[0, 64, 4, 0]
57_57_66_55_0_45_32_64_0_0_0_0_0_24_0_[0, 64, 17, 25, 43, 9, 85, 0]_[0, 64, 4, 0]
58_58_66_55_0_45_32_64_0_0_0_0_0_24_0_[0, 64, 17, 25, 43, 9, 85, 0]_[0, 64, 4, 0]
59_59_66_55_0_45_32_64_0_0_0_0_0_24_0_[0, 64, 17, 25, 43, 9, 85, 0]_[0, 64, 4, 0]
60_60_67_64_0_45_32_64_0_0_0_0_0_24_0_[0, 64, 17, 25, 43, 9, 85, 0]_[0, 64, 4, 0]
61_61_67_64_0_45_32_64_0_0_0_0_0_24_0_[0, 64, 17, 25, 43, 9, 85, 0]_[0, 64, 4, 0]
62_62_67_64_0_45_32_64_0_0_0_0_0_24_0_[0, 64, 17, 25, 43, 9, 85, 0]_[0, 64, 4, 0]
63_63_67_64_0_45_32_64_0_0_0_0_0_24_0_[0, 64, 17, 25, 43, 9, 85, 0]_[0, 64, 4, 0]
64_64_67_64_0_45_32_64_0_0_0_0_0_24_0_[0, 64, 17, 25, 43, 9, 85, 0]_[0, 64, 4, 0]
65_65_67_64_0_45_32_64_0_0_0_0_0_24_0_[0, 64, 17, 25, 43, 9, 85, 0]_[0, 64, 4, 0]
66_66_67_64_0_45_32_64_0_0_0_0_0_24_0_[0, 64, 17, 25, 43, 9, 85, 0]_[0, 64, 4, 0]
67_67_67_64_0_45_32_64_0_0_0_0_0_24_0_[0, 64, 17, 25, 43, 9, 85, 0]_[0, 64, 4, 0]
68_68_67_64_0_45_32_64_0_0_0_0_0_24_0_[0, 64, 17, 25, 43, 9, 85, 0]_[0, 64, 4, 0]
69_69_67_64_0_45_32_64_0_0_0_0_0_24_0_[0, 64, 17, 25, 43, 9, 85, 0]_[0, 64, 4, 0]
70_70_67_64_0_45_32_64_0_0_0_0_0_24_0_[0, 64, 17, 25, 43, 9, 85, 0]_[0, 64, 4, 0]
71_71_67_64_0_45_32_64_0_0_0_0_0_24_0_[0, 64, 17, 25, 43, 9, 85, 0]_[0, 64, 4, 0]
72_72_67_64_0_45_32_64_0_0_0_0_0_24_0_[0, 64, 17, 25, 43, 9, 85, 0]_[0, 64, 4, 0]
73_73_68_72_0_45_32_64_0_0_0_0_0_24_0_[0, 64, 17, 25, 43, 9, 85, 0]_[0, 64, 4, 0]
74_74_68_72_0_45_32_64_0_0_0_0_0_24_0_[0, 64, 17, 25, 43, 9, 85, 0]_[0, 64, 4, 0]
75_75_68_72_0_45_32_64_0_0_0_0_0_24_0_[0, 64, 17, 25, 43, 9, 85, 0]_[0, 64, 4, 0]
76_76_68_72_0_45_32_64_0_0_0_0_0_24_0_[0, 64, 17, 25, 43, 9, 85, 0]_[0, 64, 4, 0]
77_77_68_72_0_45_32_64_0_0_0_0_0_24_0_[0, 64, 17, 25, 43, 9, 85, 0]_[0, 64, 4, 0]
78_78_68_72_0_45_32_64_0_0_0_0_0_24_0_[0, 64, 17, 25, 43, 9, 85, 0]_[0, 64, 4, 0]
79_79_68_72_0_45_32_64_0_0_0_0_0_24_0_[0, 64, 17, 25, 43, 9, 85, 0]_[0, 64, 4, 0]
80_80_68_72_0_45_32_64_0_0_0_0_0_24_0_[0, 64, 17, 25, 43, 9, 85, 0]_[0, 64, 4, 0]
81_81_68_72_0_45_32_64_0_0_0_0_0_24_0_[0, 64, 17, 25, 43, 9, 85, 0]_[0, 64, 4, 0]
82_82_68_72_0_45_32_64_0_0_0_0_0_24_0_[0, 64, 17, 25, 43, 9, 85, 0]_[0, 64, 4, 0]
83_83_68_72_0_45_32_64_0_0_0_0_0_24_0_[0, 64, 17, 25, 43, 9, 85, 0]_[0, 64, 4, 0]
84_84_68_72_0_45_32_64_0_0_0_0_0_24_0_[0, 64, 17, 25, 43, 9, 85, 0]_[0, 64, 4, 0]
85_85_68_72_0_45_32_64_0_0_0_0_0_24_0_[0, 64, 17, 25, 43, 9, 85, 0]_[0, 64, 4, 0]
86_86_68_72_0_45_32_64_0_0_0_0_0_24_0_[0, 64, 17, 25, 43, 9, 85, 0]_[0, 64, 4, 0]
87_87_68_72_0_45_32_64_0_0_0_0_0_24_0_[0, 64, 17, 25, 43, 9, 85, 0]_[0, 64, 4, 0]
88_88_69_88_0_45_32_64_0_0_0_0_0_24_0_[0, 64, 17, 25, 43, 9, 85, 0]_[0, 64, 4, 0]
89_89_69_88_0_45_32_64_0_0_0_0_0_24_0_[0, 64, 17, 25, 43, 9, 85, 0]_[0, 64, 4, 0]
90_90_69_88_0_45_32_64_0_0_0_0_0_24_0_[0, 64, 17, 25, 43, 9, 85, 0]_[0, 64, 4, 0]
91_91_69_88_0_45_32_64_0_0_0_0_0_24_0_[0, 64, 17, 25, 43, 9, 85, 0]_[0, 64, 4, 0]
92_92_69_88_0_45_32_64_0_0_0_0_0_24_0_[0, 64, 17, 25, 43, 9, 85, 0]_[0, 64, 4, 0]
93_93_69_88_0_45_32_64_0_0_0_0_0_24_0_[0, 64, 17, 25, 43, 9, 85, 0]_[0, 64, 4, 0]
94_94_69_88_0_45_32_64_0_0_0_0_0_24_0_[0, 64, 17, 25, 43, 9, 85, 0]_[0, 64, 4, 0]
95_95_69_88_0_45_32_64_0_0_0_0_0_24_0_[0, 64, 17, 25, 43, 9, 85, 0]_[0, 64, 4, 0]
96_96_69_88_0_45_32_64_0_0_0_0_0_24_0_[0, 64, 17, 25, 43, 9, 85, 0]_[0, 64, 4, 0]
97_97_69_88_0_45_32_64_0_0_0_0_0_24_0_[0, 64, 17, 25, 43, 9, 85, 0]_[0, 64, 4, 0]
98_98_69_88_0_45_32_64_0_0_0_0_0_24_0_[0, 64, 17, 25, 43, 9, 85, 0]_[0, 64, 4, 0]
99_99_69_88_0_45_32_64_0_0_0_0_0_24_0_[0, 64, 17, 25, 43, 9, 85, 0]_[0, 64, 4, 0]
100_100_69_88_0_45_32_64_0_0_0_0_0_24_0_[0, 64, 17, 25, 43, 9, 85, 0]_[0, 64, 4, 0]
101_101_69_88_0_45_32_64_0_0_0_0_0_24_0_[0, 64, 17, 25, 43, 9, 85, 0]_[0, 64, 4, 0]
102_102_69_88_0_45_32_64_0_0_0_0_0_24_0_[0, 64, 17, 25, 43, 9, 85, 0]_[0, 64, 4, 0]
103_103_69_88_0_45_32_64_0_0_0_0_0_24_0_[0, 64, 17, 25, 43, 9, 85, 0]_[0, 64, 4, 0]
104_104_69_88_0_45_32_64_0_0_0_0_0_24_0_[0, 64, 17, 25, 43, 9, 85, 0]_[0, 64, 4, 0]
105_105_69_88_0_45_32_64_0_0_0_0_0_24_0_[0, 64, 17, 25, 43, 9, 85, 0]_[0, 64, 4, 0]
106_106_69_88_0_45_32_64_0_0_0_0_0_24_0_[0, 64, 17, 25, 43, 9, 85, 0]_[0, 64, 4, 0]
107_107_69_88_0_45_32_64_0_0_0_0_0_24_0_[0, 64, 17, 25, 43, 9, 85, 0]_[0, 64, 4, 0]
108_108_69_88_0_45_32_64_0_0_0_0_0_24_0_[0, 64, 17, 25, 43, 9, 85, 0]_[0, 64, 4, 0]
109_109_69_88_0_45_32_64_0_0_0_0_0_24_0_[0, 64, 17, 25, 43, 9, 85, 0]_[0, 64, 4, 0]
110_110_69_88_0_45_32_64_0_0_0_0_0_24_0_[0, 64, 17, 25, 43, 9, 85, 0]_[0, 64, 4, 0]
111_111_69_88_0_45_32_64_0_0_0_0_0_24_0_[0, 64, 17, 25, 43, 9, 85, 0]_[0, 64, 4, 0]
112_112_69_88_0_45_32_64_0_0_0_0_0_24_0_[0, 64, 17, 25, 43, 9, 85, 0]_[0, 64, 4, 0]
113_113_69_88_0_45_32_64_0_0_0_0_0_24_0_[0, 64, 17, 25, 43, 9, 85, 0]_[0, 64, 4, 0]
114_114_69_88_0_45_32_64_0_0_0_0_0_24_0_[0, 64, 17, 25, 43, 9, 85, 0]_[0, 64, 4, 0]
115_115_69_88_0_45_32_64_0_0_0_0_0_24_0_[0, 64, 17, 25, 43, 9, 85, 0]_[0, 64, 4, 0]
116_116_69_88_0_45_32_64_0_0_0_0_0_24_0_[0, 64, 17, 25, 43, 9, 85, 0]_[0, 64, 4, 0]
117_117_69_88_0_45_32_64_0_0_0_0_0_24_0_[0, 64, 17, 25, 43, 9, 85, 0]_[0, 64, 4, 0]
118_118_69_88_0_45_32_64_0_0_0_0_0_24_0_[0, 64, 17, 25, 43, 9, 85, 0]_[0, 64, 4, 0]
119_119_69_88_0_45_32_64_0_0_0_0_0_24_0_[0, 64, 17, 25, 43, 9, 85, 0]_[0, 64, 4, 0]
120_120_69_88_0_45_32_64_0_0_0_0_0_24_0_[0, 64, 17, 25, 43, 9, 85, 0]_[0, 64, 4, 0]
121_121_69_88_0_45_32_64_0_0_0_0_0_24_0_[0, 64, 17, 25, 43, 9, 85, 0]_[0, 64, 4, 0]
122_122_69_88_0_45_32_64_0_0_0_0_0_24_0_[0, 64, 17, 25, 43, 9, 85, 0]_[0, 64, 4, 0]
123_123_69_88_0_45_32_64_0_0_0_0_0_24_0_[0, 64, 17, 25, 43, 9, 85, 0]_[0, 64, 4, 0]
124_124_69_88_0_45_32_64_0_0_0_0_0_24_0_[0, 64, 17, 25, 43, 9, 85, 0]_[0, 64, 4, 0]
125_125_69_88_0_45_32_64_0_0_0_0_0_24_0_[0, 64, 17, 25, 43, 9, 85, 0]_[0, 64, 4, 0]
126_126_69_88_0_45_32_64_0_0_0_0_0_24_0_[0, 64, 17, 25, 43, 9, 85, 0]_[0, 64, 4, 0]
127_127_69_88_0_45_32_64_0_0_0_0_0_24_0_[0, 64, 17, 25, 43, 9, 85, 0]_[0, 64, 4, 0]
