0_0_70_55_0_43_32_64_0_8_0_0_0_30_0_[0, 64]_[0, 64, 5, 0]
1_1_70_55_0_43_32_64_0_8_0_0_0_30_0_[0, 64]_[0, 64, 5, 0]
2_2_70_55_0_43_32_64_0_8_0_0_0_30_0_[0, 64]_[0, 64, 5, 0]
3_3_70_55_0_43_32_64_0_8_0_0_0_30_0_[0, 64]_[0, 64, 5, 0]
4_4_70_55_0_43_32_64_0_8_0_0_0_30_0_[0, 64]_[0, 64, 5, 0]
5_5_70_55_0_43_32_64_0_8_0_0_0_30_0_[0, 64]_[0, 64, 5, 0]
6_6_70_55_0_43_32_64_0_8_0_0_0_30_0_[0, 64]_[0, 64, 5, 0]
7_7_70_55_0_43_32_64_0_8_0_0_0_30_0_[0, 64]_[0, 64, 5, 0]
8_8_70_55_0_43_32_64_0_8_0_0_0_30_0_[0, 64]_[0, 64, 5, 0]
9_9_70_55_0_43_32_64_0_8_0_0_0_30_0_[0, 64]_[0, 64, 5, 0]
10_10_70_55_0_43_32_64_0_8_0_0_0_30_0_[0, 64]_[0, 64, 5, 0]
11_11_70_55_0_43_32_64_0_8_0_0_0_30_0_[0, 64]_[0, 64, 5, 0]
12_12_70_55_0_43_32_64_0_8_0_0_0_30_0_[0, 64]_[0, 64, 5, 0]
13_13_70_55_0_43_32_64_0_8_0_0_0_30_0_[0, 64]_[0, 64, 5, 0]
14_14_70_55_0_43_32_64_0_8_0_0_0_30_0_[0, 64]_[0, 64, 5, 0]
15_15_70_55_0_43_32_64_0_8_0_0_0_30_0_[0, 64]_[0, 64, 5, 0]
16_16_70_55_0_43_32_64_0_8_0_0_0_30_0_[0, 64]_[0, 64, 5, 0]
17_17_70_55_0_43_32_64_0_8_0_0_0_30_0_[0, 64]_[0, 64, 5, 0]
18_18_70_55_0_43_32_64_0_8_0_0_0_30_0_[0, 64]_[0, 64, 5, 0]
19_19_70_55_0_43_32_64_0_8_0_0_0_30_0_[0, 64]_[0, 64, 5, 0]
20_20_70_55_0_43_32_64_0_8_0_0_0_30_0_[0, 64]_[0, 64, 5, 0]
21_21_70_55_0_43_32_64_0_8_0_0_0_30_0_[0, 64]_[0, 64, 5, 0]
22_22_70_55_0_43_32_64_0_8_0_0_0_30_0_[0, 64]_[0, 64, 5, 0]
23_23_70_55_0_43_32_64_0_8_0_0_0_30_0_[0, 64]_[0, 64, 5, 0]
24_24_70_55_0_43_32_64_0_8_0_0_0_30_0_[0, 64]_[0, 64, 5, 0]
25_25_70_55_0_43_32_64_0_8_0_0_0_30_0_[0, 64]_[0, 64, 5, 0]
26_26_70_55_0_43_32_64_0_8_0_0_0_30_0_[0, 64]_[0, 64, 5, 0]
27_27_70_55_0_43_32_64_0_8_0_0_0_30_0_[0, 64]_[0, 64, 5, 0]
28_28_70_55_0_43_32_64_0_8_0_0_0_30_0_[0, 64]_[0, 64, 5, 0]
29_29_70_55_0_43_32_64_0_8_0_0_0_30_0_[0, 64]_[0, 64, 5, 0]
30_30_70_55_0_43_32_64_0_8_0_0_0_30_0_[0, 64]_[0, 64, 5, 0]
31_31_70_55_0_43_32_64_0_8_0_0_0_30_0_[0, 64]_[0, 64, 5, 0]
32_32_70_55_0_43_32_64_0_8_0_0_0_30_0_[0, 64]_[0, 64, 5, 0]
33_33_70_55_0_43_32_64_0_8_0_0_0_30_0_[0, 64]_[0, 64, 5, 0]
34_34_70_55_0_43_32_64_0_8_0_0_0_30_0_[0, 64]_[0, 64, 5, 0]
35_35_70_55_0_43_32_64_0_8_0_0_0_30_0_[0, 64]_[0, 64, 5, 0]
36_36_70_55_0_43_32_64_0_8_0_0_0_30_0_[0, 64]_[0, 64, 5, 0]
37_37_70_55_0_43_32_64_0_8_0_0_0_30_0_[0, 64]_[0, 64, 5, 0]
38_38_70_55_0_43_32_64_0_8_0_0_0_30_0_[0, 64]_[0, 64, 5, 0]
39_39_70_55_0_43_32_64_0_8_0_0_0_30_0_[0, 64]_[0, 64, 5, 0]
40_40_70_55_0_43_32_64_0_8_0_0_0_30_0_[0, 64]_[0, 64, 5, 0]
41_41_70_55_0_43_32_64_0_8_0_0_0_30_0_[0, 64]_[0, 64, 5, 0]
42_42_70_55_0_43_32_64_0_8_0_0_0_30_0_[0, 64]_[0, 64, 5, 0]
43_43_70_55_0_43_32_64_0_8_0_0_0_30_0_[0, 64]_[0, 64, 5, 0]
44_44_70_55_0_43_32_64_0_8_0_0_0_30_0_[0, 64]_[0, 64, 5, 0]
45_45_70_55_0_43_32_64_0_8_0_0_0_30_0_[0, 64]_[0, 64, 5, 0]
46_46_70_55_0_43_32_64_0_8_0_0_0_30_0_[0, 64]_[0, 64, 5, 0]
47_47_70_55_0_43_32_64_0_8_0_0_0_30_0_[0, 64]_[0, 64, 5, 0]
48_48_70_55_0_43_32_64_0_8_0_0_0_30_0_[0, 64]_[0, 64, 5, 0]
49_49_70_55_0_43_32_64_0_8_0_0_0_30_0_[0, 64]_[0, 64, 5, 0]
50_50_70_55_0_43_32_64_0_8_0_0_0_30_0_[0, 64]_[0, 64, 5, 0]
51_51_70_55_0_43_32_64_0_8_0_0_0_30_0_[0, 64]_[0, 64, 5, 0]
52_52_70_55_0_43_32_64_0_8_0_0_0_30_0_[0, 64]_[0, 64, 5, 0]
53_53_70_55_0_43_32_64_0_8_0_0_0_30_0_[0, 64]_[0, 64, 5, 0]
54_54_70_55_0_43_32_64_0_8_0_0_0_30_0_[0, 64]_[0, 64, 5, 0]
55_55_70_55_0_43_32_64_0_8_0_0_0_30_0_[0, 64]_[0, 64, 5, 0]
56_56_70_55_0_43_32_64_0_8_0_0_0_30_0_[0, 64]_[0, 64, 5, 0]
57_57_70_55_0_43_32_64_0_8_0_0_0_30_0_[0, 64]_[0, 64, 5, 0]
58_58_70_55_0_43_32_64_0_8_0_0_0_30_0_[0, 64]_[0, 64, 5, 0]
59_59_70_55_0_43_32_64_0_8_0_0_0_30_0_[0, 64]_[0, 64, 5, 0]
60_60_70_55_0_43_32_64_0_8_0_0_0_30_0_[0, 64]_[0, 64, 5, 0]
61_61_70_55_0_43_32_64_0_8_0_0_0_30_0_[0, 64]_[0, 64, 5, 0]
62_62_70_55_0_43_32_64_0_8_0_0_0_30_0_[0, 64]_[0, 64, 5, 0]
63_63_70_55_0_43_32_64_0_8_0_0_0_30_0_[0, 64]_[0, 64, 5, 0]
64_64_70_55_0_43_32_64_0_8_0_0_0_30_0_[0, 64]_[0, 64, 5, 0]
65_65_70_55_0_43_32_64_0_8_0_0_0_30_0_[0, 64]_[0, 64, 5, 0]
66_66_70_55_0_43_32_64_0_8_0_0_0_30_0_[0, 64]_[0, 64, 5, 0]
67_67_70_55_0_43_32_64_0_8_0_0_0_30_0_[0, 64]_[0, 64, 5, 0]
68_68_70_55_0_43_32_64_0_8_0_0_0_30_0_[0, 64]_[0, 64, 5, 0]
69_69_70_55_0_43_32_64_0_8_0_0_0_30_0_[0, 64]_[0, 64, 5, 0]
70_70_70_55_0_43_32_64_0_8_0_0_0_30_0_[0, 64]_[0, 64, 5, 0]
71_71_70_55_0_43_32_64_0_8_0_0_0_30_0_[0, 64]_[0, 64, 5, 0]
72_72_71_72_0_43_32_64_0_8_0_0_0_30_0_[0, 64]_[0, 64, 5, 0]
73_73_71_72_0_43_32_64_0_8_0_0_0_30_0_[0, 64]_[0, 64, 5, 0]
74_74_71_72_0_43_32_64_0_8_0_0_0_30_0_[0, 64]_[0, 64, 5, 0]
75_75_71_72_0_43_32_64_0_8_0_0_0_30_0_[0, 64]_[0, 64, 5, 0]
76_76_71_72_0_43_32_64_0_8_0_0_0_30_0_[0, 64]_[0, 64, 5, 0]
77_77_71_72_0_43_32_64_0_8_0_0_0_30_0_[0, 64]_[0, 64, 5, 0]
78_78_71_72_0_43_32_64_0_8_0_0_0_30_0_[0, 64]_[0, 64, 5, 0]
79_79_71_72_0_43_32_64_0_8_0_0_0_30_0_[0, 64]_[0, 64, 5, 0]
80_80_71_72_0_43_32_64_0_8_0_0_0_30_0_[0, 64]_[0, 64, 5, 0]
81_81_71_72_0_43_32_64_0_8_0_0_0_30_0_[0, 64]_[0, 64, 5, 0]
82_82_71_72_0_43_32_64_0_8_0_0_0_30_0_[0, 64]_[0, 64, 5, 0]
83_83_71_72_0_43_32_64_0_8_0_0_0_30_0_[0, 64]_[0, 64, 5, 0]
84_84_72_84_0_43_32_64_0_8_0_0_0_30_0_[0, 64]_[0, 64, 5, 0]
85_85_72_84_0_43_32_64_0_8_0_0_0_30_0_[0, 64]_[0, 64, 5, 0]
86_86_72_84_0_43_32_64_0_8_0_0_0_30_0_[0, 64]_[0, 64, 5, 0]
87_87_72_84_0_43_32_64_0_8_0_0_0_30_0_[0, 64]_[0, 64, 5, 0]
88_88_72_84_0_43_32_64_0_8_0_0_0_30_0_[0, 64]_[0, 64, 5, 0]
89_89_72_84_0_43_32_64_0_8_0_0_0_30_0_[0, 64]_[0, 64, 5, 0]
90_90_72_84_0_43_32_64_0_8_0_0_0_30_0_[0, 64]_[0, 64, 5, 0]
91_91_72_84_0_43_32_64_0_8_0_0_0_30_0_[0, 64]_[0, 64, 5, 0]
92_92_72_84_0_43_32_64_0_8_0_0_0_30_0_[0, 64]_[0, 64, 5, 0]
93_93_72_84_0_43_32_64_0_8_0_0_0_30_0_[0, 64]_[0, 64, 5, 0]
94_94_72_84_0_43_32_64_0_8_0_0_0_30_0_[0, 64]_[0, 64, 5, 0]
95_95_72_84_0_43_32_64_0_8_0_0_0_30_0_[0, 64]_[0, 64, 5, 0]
96_96_72_84_0_43_32_64_0_8_0_0_0_30_0_[0, 64]_[0, 64, 5, 0]
97_97_72_84_0_43_32_64_0_8_0_0_0_30_0_[0, 64]_[0, 64, 5, 0]
98_98_72_84_0_43_32_64_0_8_0_0_0_30_0_[0, 64]_[0, 64, 5, 0]
99_99_72_84_0_43_32_64_0_8_0_0_0_30_0_[0, 64]_[0, 64, 5, 0]
100_100_72_84_0_43_32_64_0_8_0_0_0_30_0_[0, 64]_[0, 64, 5, 0]
101_101_72_84_0_43_32_64_0_8_0_0_0_30_0_[0, 64]_[0, 64, 5, 0]
102_102_72_84_0_43_32_64_0_8_0_0_0_30_0_[0, 64]_[0, 64, 5, 0]
103_103_72_84_0_43_32_64_0_8_0_0_0_30_0_[0, 64]_[0, 64, 5, 0]
104_104_72_84_0_43_32_64_0_8_0_0_0_30_0_[0, 64]_[0, 64, 5, 0]
105_105_72_84_0_43_32_64_0_8_0_0_0_30_0_[0, 64]_[0, 64, 5, 0]
106_106_72_84_0_43_32_64_0_8_0_0_0_30_0_[0, 64]_[0, 64, 5, 0]
107_107_72_84_0_43_32_64_0_8_0_0_0_30_0_[0, 64]_[0, 64, 5, 0]
108_108_72_84_0_43_32_64_0_8_0_0_0_30_0_[0, 64]_[0, 64, 5, 0]
109_109_72_84_0_43_32_64_0_8_0_0_0_30_0_[0, 64]_[0, 64, 5, 0]
110_110_72_84_0_43_32_64_0_8_0_0_0_30_0_[0, 64]_[0, 64, 5, 0]
111_111_72_84_0_43_32_64_0_8_0_0_0_30_0_[0, 64]_[0, 64, 5, 0]
112_112_72_84_0_43_32_64_0_8_0_0_0_30_0_[0, 64]_[0, 64, 5, 0]
113_113_72_84_0_43_32_64_0_8_0_0_0_30_0_[0, 64]_[0, 64, 5, 0]
114_114_72_84_0_43_32_64_0_8_0_0_0_30_0_[0, 64]_[0, 64, 5, 0]
115_115_72_84_0_43_32_64_0_8_0_0_0_30_0_[0, 64]_[0, 64, 5, 0]
116_116_72_84_0_43_32_64_0_8_0_0_0_30_0_[0, 64]_[0, 64, 5, 0]
117_117_72_84_0_43_32_64_0_8_0_0_0_30_0_[0, 64]_[0, 64, 5, 0]
118_118_72_84_0_43_32_64_0_8_0_0_0_30_0_[0, 64]_[0, 64, 5, 0]
119_119_72_84_0_43_32_64_0_8_0_0_0_30_0_[0, 64]_[0, 64, 5, 0]
120_120_72_84_0_43_32_64_0_8_0_0_0_30_0_[0, 64]_[0, 64, 5, 0]
121_121_72_84_0_43_32_64_0_8_0_0_0_30_0_[0, 64]_[0, 64, 5, 0]
122_122_72_84_0_43_32_64_0_8_0_0_0_30_0_[0, 64]_[0, 64, 5, 0]
123_123_72_84_0_43_32_64_0_8_0_0_0_30_0_[0, 64]_[0, 64, 5, 0]
124_124_72_84_0_43_32_64_0_8_0_0_0_30_0_[0, 64]_[0, 64, 5, 0]
125_125_72_84_0_43_32_64_0_8_0_0_0_30_0_[0, 64]_[0, 64, 5, 0]
126_126_72_84_0_43_32_64_0_8_0_0_0_30_0_[0, 64]_[0, 64, 5, 0]
127_127_72_84_0_43_32_64_0_8_0_0_0_30_0_[0, 64]_[0, 64, 5, 0]
