0_0_143_36_0_32_32_64_0_0_0_0_0_24_0_[0, 64]_[0, 64, 12, 52, 35, 36, 67, 19, 127, 0]
1_1_143_36_0_32_32_64_0_0_0_0_0_24_0_[0, 64]_[0, 64, 12, 52, 35, 36, 67, 19, 127, 0]
2_2_143_36_0_32_32_64_0_0_0_0_0_24_0_[0, 64]_[0, 64, 12, 52, 35, 36, 67, 19, 127, 0]
3_3_143_36_0_32_32_64_0_0_0_0_0_24_0_[0, 64]_[0, 64, 12, 52, 35, 36, 67, 19, 127, 0]
4_4_143_36_0_32_32_64_0_0_0_0_0_24_0_[0, 64]_[0, 64, 12, 52, 35, 36, 67, 19, 127, 0]
5_5_143_36_0_32_32_64_0_0_0_0_0_24_0_[0, 64]_[0, 64, 12, 52, 35, 36, 67, 19, 127, 0]
6_6_143_36_0_32_32_64_0_0_0_0_0_24_0_[0, 64]_[0, 64, 12, 52, 35, 36, 67, 19, 127, 0]
7_7_143_36_0_32_32_64_0_0_0_0_0_24_0_[0, 64]_[0, 64, 12, 52, 35, 36, 67, 19, 127, 0]
8_8_143_36_0_32_32_64_0_0_0_0_0_24_0_[0, 64]_[0, 64, 12, 52, 35, 36, 67, 19, 127, 0]
9_9_143_36_0_32_32_64_0_0_0_0_0_24_0_[0, 64]_[0, 64, 12, 52, 35, 36, 67, 19, 127, 0]
10_10_143_36_0_32_32_64_0_0_0_0_0_24_0_[0, 64]_[0, 64, 12, 52, 35, 36, 67, 19, 127, 0]
11_11_143_36_0_32_32_64_0_0_0_0_0_24_0_[0, 64]_[0, 64, 12, 52, 35, 36, 67, 19, 127, 0]
12_12_143_36_0_32_32_64_0_0_0_0_0_24_0_[0, 64]_[0, 64, 12, 52, 35, 36, 67, 19, 127, 0]
13_13_143_36_0_32_32_64_0_0_0_0_0_24_0_[0, 64]_[0, 64, 12, 52, 35, 36, 67, 19, 127, 0]
14_14_143_36_0_32_32_64_0_0_0_0_0_24_0_[0, 64]_[0, 64, 12, 52, 35, 36, 67, 19, 127, 0]
15_15_143_36_0_32_32_64_0_0_0_0_0_24_0_[0, 64]_[0, 64, 12, 52, 35, 36, 67, 19, 127, 0]
16_16_143_36_0_32_32_64_0_0_0_0_0_24_0_[0, 64]_[0, 64, 12, 52, 35, 36, 67, 19, 127, 0]
17_17_143_36_0_32_32_64_0_0_0_0_0_24_0_[0, 64]_[0, 64, 12, 52, 35, 36, 67, 19, 127, 0]
18_18_143_36_0_32_32_64_0_0_0_0_0_24_0_[0, 64]_[0, 64, 12, 52, 35, 36, 67, 19, 127, 0]
19_19_143_36_0_32_32_64_0_0_0_0_0_24_0_[0, 64]_[0, 64, 12, 52, 35, 36, 67, 19, 127, 0]
20_20_143_36_0_32_32_64_0_0_0_0_0_24_0_[0, 64]_[0, 64, 12, 52, 35, 36, 67, 19, 127, 0]
21_21_143_36_0_32_32_64_0_0_0_0_0_24_0_[0, 64]_[0, 64, 12, 52, 35, 36, 67, 19, 127, 0]
22_22_143_36_0_32_32_64_0_0_0_0_0_24_0_[0, 64]_[0, 64, 12, 52, 35, 36, 67, 19, 127, 0]
23_23_143_36_0_32_32_64_0_0_0_0_0_24_0_[0, 64]_[0, 64, 12, 52, 35, 36, 67, 19, 127, 0]
24_24_143_36_0_32_32_64_0_0_0_0_0_24_0_[0, 64]_[0, 64, 12, 52, 35, 36, 67, 19, 127, 0]
25_25_143_36_0_32_32_64_0_0_0_0_0_24_0_[0, 64]_[0, 64, 12, 52, 35, 36, 67, 19, 127, 0]
26_26_143_36_0_32_32_64_0_0_0_0_0_24_0_[0, 64]_[0, 64, 12, 52, 35, 36, 67, 19, 127, 0]
27_27_143_36_0_32_32_64_0_0_0_0_0_24_0_[0, 64]_[0, 64, 12, 52, 35, 36, 67, 19, 127, 0]
28_28_143_36_0_32_32_64_0_0_0_0_0_24_0_[0, 64]_[0, 64, 12, 52, 35, 36, 67, 19, 127, 0]
29_29_143_36_0_32_32_64_0_0_0_0_0_24_0_[0, 64]_[0, 64, 12, 52, 35, 36, 67, 19, 127, 0]
30_30_143_36_0_32_32_64_0_0_0_0_0_24_0_[0, 64]_[0, 64, 12, 52, 35, 36, 67, 19, 127, 0]
31_31_143_36_0_32_32_64_0_0_0_0_0_24_0_[0, 64]_[0, 64, 12, 52, 35, 36, 67, 19, 127, 0]
32_32_143_36_0_32_32_64_0_0_0_0_0_24_0_[0, 64]_[0, 64, 12, 52, 35, 36, 67, 19, 127, 0]
33_33_143_36_0_32_32_64_0_0_0_0_0_24_0_[0, 64]_[0, 64, 12, 52, 35, 36, 67, 19, 127, 0]
34_34_143_36_0_32_32_64_0_0_0_0_0_24_0_[0, 64]_[0, 64, 12, 52, 35, 36, 67, 19, 127, 0]
35_35_143_36_0_32_32_64_0_0_0_0_0_24_0_[0, 64]_[0, 64, 12, 52, 35, 36, 67, 19, 127, 0]
36_36_143_36_0_32_32_64_0_0_0_0_0_24_0_[0, 64]_[0, 64, 12, 52, 35, 36, 67, 19, 127, 0]
37_37_143_36_0_32_32_64_0_0_0_0_0_24_0_[0, 64]_[0, 64, 12, 52, 35, 36, 67, 19, 127, 0]
38_38_143_36_0_32_32_64_0_0_0_0_0_24_0_[0, 64]_[0, 64, 12, 52, 35, 36, 67, 19, 127, 0]
39_39_143_36_0_32_32_64_0_0_0_0_0_24_0_[0, 64]_[0, 64, 12, 52, 35, 36, 67, 19, 127, 0]
40_40_295_43_0_32_32_64_0_0_0_0_0_24_0_[0, 64]_[0, 64, 12, 52, 35, 36, 67, 19, 127, 0]
41_41_295_43_0_32_32_64_0_0_0_0_0_24_0_[0, 64]_[0, 64, 12, 52, 35, 36, 67, 19, 127, 0]
42_42_295_43_0_32_32_64_0_0_0_0_0_24_0_[0, 64]_[0, 64, 12, 52, 35, 36, 67, 19, 127, 0]
43_43_295_43_0_32_32_64_0_0_0_0_0_24_0_[0, 64]_[0, 64, 12, 52, 35, 36, 67, 19, 127, 0]
44_44_295_43_0_32_32_64_0_0_0_0_0_24_0_[0, 64]_[0, 64, 12, 52, 35, 36, 67, 19, 127, 0]
45_45_295_43_0_32_32_64_0_0_0_0_0_24_0_[0, 64]_[0, 64, 12, 52, 35, 36, 67, 19, 127, 0]
46_46_108_48_0_32_32_64_0_0_0_0_0_24_0_[0, 64]_[0, 64, 12, 52, 35, 36, 67, 19, 127, 0]
47_47_108_48_0_32_32_64_0_0_0_0_0_24_0_[0, 64]_[0, 64, 12, 52, 35, 36, 67, 19, 127, 0]
48_48_108_48_0_32_32_64_0_0_0_0_0_24_0_[0, 64]_[0, 64, 12, 52, 35, 36, 67, 19, 127, 0]
49_49_108_48_0_32_32_64_0_0_0_0_0_24_0_[0, 64]_[0, 64, 12, 52, 35, 36, 67, 19, 127, 0]
50_50_108_48_0_32_32_64_0_0_0_0_0_24_0_[0, 64]_[0, 64, 12, 52, 35, 36, 67, 19, 127, 0]
51_51_77_55_0_32_32_64_0_0_0_0_0_24_0_[0, 64]_[0, 64, 12, 52, 35, 36, 67, 19, 127, 0]
52_52_77_55_0_32_32_64_0_0_0_0_0_24_0_[0, 64]_[0, 64, 12, 52, 35, 36, 67, 19, 127, 0]
53_53_77_55_0_32_32_64_0_0_0_0_0_24_0_[0, 64]_[0, 64, 12, 52, 35, 36, 67, 19, 127, 0]
54_54_77_55_0_32_32_64_0_0_0_0_0_24_0_[0, 64]_[0, 64, 12, 52, 35, 36, 67, 19, 127, 0]
55_55_77_55_0_32_32_64_0_0_0_0_0_24_0_[0, 64]_[0, 64, 12, 52, 35, 36, 67, 19, 127, 0]
56_56_77_55_0_32_32_64_0_0_0_0_0_24_0_[0, 64]_[0, 64, 12, 52, 35, 36, 67, 19, 127, 0]
57_57_77_55_0_32_32_64_0_0_0_0_0_24_0_[0, 64]_[0, 64, 12, 52, 35, 36, 67, 19, 127, 0]
58_58_77_55_0_32_32_64_0_0_0_0_0_24_0_[0, 64]_[0, 64, 12, 52, 35, 36, 67, 19, 127, 0]
59_59_77_55_0_32_32_64_0_0_0_0_0_24_0_[0, 64]_[0, 64, 12, 52, 35, 36, 67, 19, 127, 0]
60_60_77_55_0_32_32_64_0_0_0_0_0_24_0_[0, 64]_[0, 64, 12, 52, 35, 36, 67, 19, 127, 0]
61_61_77_55_0_32_32_64_0_0_0_0_0_24_0_[0, 64]_[0, 64, 12, 52, 35, 36, 67, 19, 127, 0]
62_62_77_55_0_32_32_64_0_0_0_0_0_24_0_[0, 64]_[0, 64, 12, 52, 35, 36, 67, 19, 127, 0]
63_63_77_55_0_32_32_64_0_0_0_0_0_24_0_[0, 64]_[0, 64, 12, 52, 35, 36, 67, 19, 127, 0]
64_64_77_55_0_32_32_64_0_0_0_0_0_24_0_[0, 64]_[0, 64, 12, 52, 35, 36, 67, 19, 127, 0]
65_65_77_55_0_32_32_64_0_0_0_0_0_24_0_[0, 64]_[0, 64, 12, 52, 35, 36, 67, 19, 127, 0]
66_66_77_55_0_32_32_64_0_0_0_0_0_24_0_[0, 64]_[0, 64, 12, 52, 35, 36, 67, 19, 127, 0]
67_67_77_55_0_32_32_64_0_0_0_0_0_24_0_[0, 64]_[0, 64, 12, 52, 35, 36, 67, 19, 127, 0]
68_68_77_55_0_32_32_64_0_0_0_0_0_24_0_[0, 64]_[0, 64, 12, 52, 35, 36, 67, 19, 127, 0]
69_69_77_55_0_32_32_64_0_0_0_0_0_24_0_[0, 64]_[0, 64, 12, 52, 35, 36, 67, 19, 127, 0]
70_70_77_55_0_32_32_64_0_0_0_0_0_24_0_[0, 64]_[0, 64, 12, 52, 35, 36, 67, 19, 127, 0]
71_71_77_55_0_32_32_64_0_0_0_0_0_24_0_[0, 64]_[0, 64, 12, 52, 35, 36, 67, 19, 127, 0]
72_72_77_55_0_32_32_64_0_0_0_0_0_24_0_[0, 64]_[0, 64, 12, 52, 35, 36, 67, 19, 127, 0]
73_73_77_55_0_32_32_64_0_0_0_0_0_24_0_[0, 64]_[0, 64, 12, 52, 35, 36, 67, 19, 127, 0]
74_74_77_55_0_32_32_64_0_0_0_0_0_24_0_[0, 64]_[0, 64, 12, 52, 35, 36, 67, 19, 127, 0]
75_75_77_55_0_32_32_64_0_0_0_0_0_24_0_[0, 64]_[0, 64, 12, 52, 35, 36, 67, 19, 127, 0]
76_76_77_55_0_32_32_64_0_0_0_0_0_24_0_[0, 64]_[0, 64, 12, 52, 35, 36, 67, 19, 127, 0]
77_77_77_55_0_32_32_64_0_0_0_0_0_24_0_[0, 64]_[0, 64, 12, 52, 35, 36, 67, 19, 127, 0]
78_78_77_55_0_32_32_64_0_0_0_0_0_24_0_[0, 64]_[0, 64, 12, 52, 35, 36, 67, 19, 127, 0]
79_79_77_55_0_32_32_64_0_0_0_0_0_24_0_[0, 64]_[0, 64, 12, 52, 35, 36, 67, 19, 127, 0]
80_80_77_55_0_32_32_64_0_0_0_0_0_24_0_[0, 64]_[0, 64, 12, 52, 35, 36, 67, 19, 127, 0]
81_81_77_55_0_32_32_64_0_0_0_0_0_24_0_[0, 64]_[0, 64, 12, 52, 35, 36, 67, 19, 127, 0]
82_82_77_55_0_32_32_64_0_0_0_0_0_24_0_[0, 64]_[0, 64, 12, 52, 35, 36, 67, 19, 127, 0]
83_83_77_55_0_32_32_64_0_0_0_0_0_24_0_[0, 64]_[0, 64, 12, 52, 35, 36, 67, 19, 127, 0]
84_84_77_55_0_32_32_64_0_0_0_0_0_24_0_[0, 64]_[0, 64, 12, 52, 35, 36, 67, 19, 127, 0]
85_85_77_55_0_32_32_64_0_0_0_0_0_24_0_[0, 64]_[0, 64, 12, 52, 35, 36, 67, 19, 127, 0]
86_86_77_55_0_32_32_64_0_0_0_0_0_24_0_[0, 64]_[0, 64, 12, 52, 35, 36, 67, 19, 127, 0]
87_87_77_55_0_32_32_64_0_0_0_0_0_24_0_[0, 64]_[0, 64, 12, 52, 35, 36, 67, 19, 127, 0]
88_88_77_55_0_32_32_64_0_0_0_0_0_24_0_[0, 64]_[0, 64, 12, 52, 35, 36, 67, 19, 127, 0]
89_89_77_55_0_32_32_64_0_0_0_0_0_24_0_[0, 64]_[0, 64, 12, 52, 35, 36, 67, 19, 127, 0]
90_90_77_55_0_32_32_64_0_0_0_0_0_24_0_[0, 64]_[0, 64, 12, 52, 35, 36, 67, 19, 127, 0]
91_91_77_55_0_32_32_64_0_0_0_0_0_24_0_[0, 64]_[0, 64, 12, 52, 35, 36, 67, 19, 127, 0]
92_92_77_55_0_32_32_64_0_0_0_0_0_24_0_[0, 64]_[0, 64, 12, 52, 35, 36, 67, 19, 127, 0]
93_93_77_55_0_32_32_64_0_0_0_0_0_24_0_[0, 64]_[0, 64, 12, 52, 35, 36, 67, 19, 127, 0]
94_94_77_55_0_32_32_64_0_0_0_0_0_24_0_[0, 64]_[0, 64, 12, 52, 35, 36, 67, 19, 127, 0]
95_95_77_55_0_32_32_64_0_0_0_0_0_24_0_[0, 64]_[0, 64, 12, 52, 35, 36, 67, 19, 127, 0]
96_96_77_55_0_32_32_64_0_0_0_0_0_24_0_[0, 64]_[0, 64, 12, 52, 35, 36, 67, 19, 127, 0]
97_97_77_55_0_32_32_64_0_0_0_0_0_24_0_[0, 64]_[0, 64, 12, 52, 35, 36, 67, 19, 127, 0]
98_98_77_55_0_32_32_64_0_0_0_0_0_24_0_[0, 64]_[0, 64, 12, 52, 35, 36, 67, 19, 127, 0]
99_99_77_55_0_32_32_64_0_0_0_0_0_24_0_[0, 64]_[0, 64, 12, 52, 35, 36, 67, 19, 127, 0]
100_100_77_55_0_32_32_64_0_0_0_0_0_24_0_[0, 64]_[0, 64, 12, 52, 35, 36, 67, 19, 127, 0]
101_101_77_55_0_32_32_64_0_0_0_0_0_24_0_[0, 64]_[0, 64, 12, 52, 35, 36, 67, 19, 127, 0]
102_102_77_55_0_32_32_64_0_0_0_0_0_24_0_[0, 64]_[0, 64, 12, 52, 35, 36, 67, 19, 127, 0]
103_103_77_55_0_32_32_64_0_0_0_0_0_24_0_[0, 64]_[0, 64, 12, 52, 35, 36, 67, 19, 127, 0]
104_104_77_55_0_32_32_64_0_0_0_0_0_24_0_[0, 64]_[0, 64, 12, 52, 35, 36, 67, 19, 127, 0]
105_105_77_55_0_32_32_64_0_0_0_0_0_24_0_[0, 64]_[0, 64, 12, 52, 35, 36, 67, 19, 127, 0]
106_106_77_55_0_32_32_64_0_0_0_0_0_24_0_[0, 64]_[0, 64, 12, 52, 35, 36, 67, 19, 127, 0]
107_107_77_55_0_32_32_64_0_0_0_0_0_24_0_[0, 64]_[0, 64, 12, 52, 35, 36, 67, 19, 127, 0]
108_108_77_55_0_32_32_64_0_0_0_0_0_24_0_[0, 64]_[0, 64, 12, 52, 35, 36, 67, 19, 127, 0]
109_109_77_55_0_32_32_64_0_0_0_0_0_24_0_[0, 64]_[0, 64, 12, 52, 35, 36, 67, 19, 127, 0]
110_110_77_55_0_32_32_64_0_0_0_0_0_24_0_[0, 64]_[0, 64, 12, 52, 35, 36, 67, 19, 127, 0]
111_111_77_55_0_32_32_64_0_0_0_0_0_24_0_[0, 64]_[0, 64, 12, 52, 35, 36, 67, 19, 127, 0]
112_112_77_55_0_32_32_64_0_0_0_0_0_24_0_[0, 64]_[0, 64, 12, 52, 35, 36, 67, 19, 127, 0]
113_113_77_55_0_32_32_64_0_0_0_0_0_24_0_[0, 64]_[0, 64, 12, 52, 35, 36, 67, 19, 127, 0]
114_114_77_55_0_32_32_64_0_0_0_0_0_24_0_[0, 64]_[0, 64, 12, 52, 35, 36, 67, 19, 127, 0]
115_115_77_55_0_32_32_64_0_0_0_0_0_24_0_[0, 64]_[0, 64, 12, 52, 35, 36, 67, 19, 127, 0]
116_116_77_55_0_32_32_64_0_0_0_0_0_24_0_[0, 64]_[0, 64, 12, 52, 35, 36, 67, 19, 127, 0]
117_117_77_55_0_32_32_64_0_0_0_0_0_24_0_[0, 64]_[0, 64, 12, 52, 35, 36, 67, 19, 127, 0]
118_118_77_55_0_32_32_64_0_0_0_0_0_24_0_[0, 64]_[0, 64, 12, 52, 35, 36, 67, 19, 127, 0]
119_119_77_55_0_32_32_64_0_0_0_0_0_24_0_[0, 64]_[0, 64, 12, 52, 35, 36, 67, 19, 127, 0]
120_120_77_55_0_32_32_64_0_0_0_0_0_24_0_[0, 64]_[0, 64, 12, 52, 35, 36, 67, 19, 127, 0]
121_121_77_55_0_32_32_64_0_0_0_0_0_24_0_[0, 64]_[0, 64, 12, 52, 35, 36, 67, 19, 127, 0]
122_122_77_55_0_32_32_64_0_0_0_0_0_24_0_[0, 64]_[0, 64, 12, 52, 35, 36, 67, 19, 127, 0]
123_123_77_55_0_32_32_64_0_0_0_0_0_24_0_[0, 64]_[0, 64, 12, 52, 35, 36, 67, 19, 127, 0]
124_124_77_55_0_32_32_64_0_0_0_0_0_24_0_[0, 64]_[0, 64, 12, 52, 35, 36, 67, 19, 127, 0]
125_125_77_55_0_32_32_64_0_0_0_0_0_24_0_[0, 64]_[0, 64, 12, 52, 35, 36, 67, 19, 127, 0]
126_126_77_55_0_32_32_64_0_0_0_0_0_24_0_[0, 64]_[0, 64, 12, 52, 35, 36, 67, 19, 127, 0]
127_127_77_55_0_32_32_64_0_0_0_0_0_24_0_[0, 64]_[0, 64, 12, 52, 35, 36, 67, 19, 127, 0]
