0_0_78_55_0_53_32_64_0_5_0_31_0_24_0_null_[0, 64, 7, 0]
1_1_78_55_0_53_32_64_0_5_0_31_0_24_0_null_[0, 64, 7, 0]
2_2_78_55_0_53_32_64_0_5_0_31_0_24_0_null_[0, 64, 7, 0]
3_3_78_55_0_53_32_64_0_5_0_31_0_24_0_null_[0, 64, 7, 0]
4_4_78_55_0_53_32_64_0_5_0_31_0_24_0_null_[0, 64, 7, 0]
5_5_78_55_0_53_32_64_0_5_0_31_0_24_0_null_[0, 64, 7, 0]
6_6_78_55_0_53_32_64_0_5_0_31_0_24_0_null_[0, 64, 7, 0]
7_7_78_55_0_53_32_64_0_5_0_31_0_24_0_null_[0, 64, 7, 0]
8_8_78_55_0_53_32_64_0_5_0_31_0_24_0_null_[0, 64, 7, 0]
9_9_78_55_0_53_32_64_0_5_0_31_0_24_0_null_[0, 64, 7, 0]
10_10_78_55_0_53_32_64_0_5_0_31_0_24_0_null_[0, 64, 7, 0]
11_11_78_55_0_53_32_64_0_5_0_31_0_24_0_null_[0, 64, 7, 0]
12_12_78_55_0_53_32_64_0_5_0_31_0_24_0_null_[0, 64, 7, 0]
13_13_78_55_0_53_32_64_0_5_0_31_0_24_0_null_[0, 64, 7, 0]
14_14_78_55_0_53_32_64_0_5_0_31_0_24_0_null_[0, 64, 7, 0]
15_15_78_55_0_53_32_64_0_5_0_31_0_24_0_null_[0, 64, 7, 0]
16_16_78_55_0_53_32_64_0_5_0_31_0_24_0_null_[0, 64, 7, 0]
17_17_78_55_0_53_32_64_0_5_0_31_0_24_0_null_[0, 64, 7, 0]
18_18_78_55_0_53_32_64_0_5_0_31_0_24_0_null_[0, 64, 7, 0]
19_19_78_55_0_53_32_64_0_5_0_31_0_24_0_null_[0, 64, 7, 0]
20_20_78_55_0_53_32_64_0_5_0_31_0_24_0_null_[0, 64, 7, 0]
21_21_78_55_0_53_32_64_0_5_0_31_0_24_0_null_[0, 64, 7, 0]
22_22_78_55_0_53_32_64_0_5_0_31_0_24_0_null_[0, 64, 7, 0]
23_23_78_55_0_53_32_64_0_5_0_31_0_24_0_null_[0, 64, 7, 0]
24_24_78_55_0_53_32_64_0_5_0_31_0_24_0_null_[0, 64, 7, 0]
25_25_78_55_0_53_32_64_0_5_0_31_0_24_0_null_[0, 64, 7, 0]
26_26_78_55_0_53_32_64_0_5_0_31_0_24_0_null_[0, 64, 7, 0]
27_27_78_55_0_53_32_64_0_5_0_31_0_24_0_null_[0, 64, 7, 0]
28_28_78_55_0_53_32_64_0_5_0_31_0_24_0_null_[0, 64, 7, 0]
29_29_78_55_0_53_32_64_0_5_0_31_0_24_0_null_[0, 64, 7, 0]
30_30_78_55_0_53_32_64_0_5_0_31_0_24_0_null_[0, 64, 7, 0]
31_31_78_55_0_53_32_64_0_5_0_31_0_24_0_null_[0, 64, 7, 0]
32_32_78_55_0_53_32_64_0_5_0_31_0_24_0_null_[0, 64, 7, 0]
33_33_78_55_0_53_32_64_0_5_0_31_0_24_0_null_[0, 64, 7, 0]
34_34_78_55_0_53_32_64_0_5_0_31_0_24_0_null_[0, 64, 7, 0]
35_35_78_55_0_53_32_64_0_5_0_31_0_24_0_null_[0, 64, 7, 0]
36_36_78_55_0_53_32_64_0_5_0_31_0_24_0_null_[0, 64, 7, 0]
37_37_78_55_0_53_32_64_0_5_0_31_0_24_0_null_[0, 64, 7, 0]
38_38_78_55_0_53_32_64_0_5_0_31_0_24_0_null_[0, 64, 7, 0]
39_39_78_55_0_53_32_64_0_5_0_31_0_24_0_null_[0, 64, 7, 0]
40_40_78_55_0_53_32_64_0_5_0_31_0_24_0_null_[0, 64, 7, 0]
41_41_78_55_0_53_32_64_0_5_0_31_0_24_0_null_[0, 64, 7, 0]
42_42_78_55_0_53_32_64_0_5_0_31_0_24_0_null_[0, 64, 7, 0]
43_43_78_55_0_53_32_64_0_5_0_31_0_24_0_null_[0, 64, 7, 0]
44_44_78_55_0_53_32_64_0_5_0_31_0_24_0_null_[0, 64, 7, 0]
45_45_78_55_0_53_32_64_0_5_0_31_0_24_0_null_[0, 64, 7, 0]
46_46_78_55_0_53_32_64_0_5_0_31_0_24_0_null_[0, 64, 7, 0]
47_47_78_55_0_53_32_64_0_5_0_31_0_24_0_null_[0, 64, 7, 0]
48_48_78_55_0_53_32_64_0_5_0_31_0_24_0_null_[0, 64, 7, 0]
49_49_78_55_0_53_32_64_0_5_0_31_0_24_0_null_[0, 64, 7, 0]
50_50_78_55_0_53_32_64_0_5_0_31_0_24_0_null_[0, 64, 7, 0]
51_51_78_55_0_53_32_64_0_5_0_31_0_24_0_null_[0, 64, 7, 0]
52_52_78_55_0_53_32_64_0_5_0_31_0_24_0_null_[0, 64, 7, 0]
53_53_78_55_0_53_32_64_0_5_0_31_0_24_0_null_[0, 64, 7, 0]
54_54_78_55_0_53_32_64_0_5_0_31_0_24_0_null_[0, 64, 7, 0]
55_55_78_55_0_53_32_64_0_5_0_31_0_24_0_null_[0, 64, 7, 0]
56_56_78_55_0_53_32_64_0_5_0_31_0_24_0_null_[0, 64, 7, 0]
57_57_78_55_0_53_32_64_0_5_0_31_0_24_0_null_[0, 64, 7, 0]
58_58_78_55_0_53_32_64_0_5_0_31_0_24_0_null_[0, 64, 7, 0]
59_59_78_55_0_53_32_64_0_5_0_31_0_24_0_null_[0, 64, 7, 0]
60_60_78_55_0_53_32_64_0_5_0_31_0_24_0_null_[0, 64, 7, 0]
61_61_78_55_0_53_32_64_0_5_0_31_0_24_0_null_[0, 64, 7, 0]
62_62_78_55_0_53_32_64_0_5_0_31_0_24_0_null_[0, 64, 7, 0]
63_63_78_55_0_53_32_64_0_5_0_31_0_24_0_null_[0, 64, 7, 0]
64_64_78_55_0_53_32_64_0_5_0_31_0_24_0_null_[0, 64, 7, 0]
65_65_78_55_0_53_32_64_0_5_0_31_0_24_0_null_[0, 64, 7, 0]
66_66_78_55_0_53_32_64_0_5_0_31_0_24_0_null_[0, 64, 7, 0]
67_67_78_55_0_53_32_64_0_5_0_31_0_24_0_null_[0, 64, 7, 0]
68_68_78_55_0_53_32_64_0_5_0_31_0_24_0_null_[0, 64, 7, 0]
69_69_78_55_0_53_32_64_0_5_0_31_0_24_0_null_[0, 64, 7, 0]
70_70_78_55_0_53_32_64_0_5_0_31_0_24_0_null_[0, 64, 7, 0]
71_71_78_55_0_53_32_64_0_5_0_31_0_24_0_null_[0, 64, 7, 0]
72_72_78_55_0_53_32_64_0_5_0_31_0_24_0_null_[0, 64, 7, 0]
73_73_78_55_0_53_32_64_0_5_0_31_0_24_0_null_[0, 64, 7, 0]
74_74_78_55_0_53_32_64_0_5_0_31_0_24_0_null_[0, 64, 7, 0]
75_75_78_55_0_53_32_64_0_5_0_31_0_24_0_null_[0, 64, 7, 0]
76_76_78_55_0_53_32_64_0_5_0_31_0_24_0_null_[0, 64, 7, 0]
77_77_78_55_0_53_32_64_0_5_0_31_0_24_0_null_[0, 64, 7, 0]
78_78_78_55_0_53_32_64_0_5_0_31_0_24_0_null_[0, 64, 7, 0]
79_79_78_55_0_53_32_64_0_5_0_31_0_24_0_null_[0, 64, 7, 0]
80_80_78_55_0_53_32_64_0_5_0_31_0_24_0_null_[0, 64, 7, 0]
81_81_78_55_0_53_32_64_0_5_0_31_0_24_0_null_[0, 64, 7, 0]
82_82_78_55_0_53_32_64_0_5_0_31_0_24_0_null_[0, 64, 7, 0]
83_83_78_55_0_53_32_64_0_5_0_31_0_24_0_null_[0, 64, 7, 0]
84_84_78_55_0_53_32_64_0_5_0_31_0_24_0_null_[0, 64, 7, 0]
85_85_78_55_0_53_32_64_0_5_0_31_0_24_0_null_[0, 64, 7, 0]
86_86_78_55_0_53_32_64_0_5_0_31_0_24_0_null_[0, 64, 7, 0]
87_87_78_55_0_53_32_64_0_5_0_31_0_24_0_null_[0, 64, 7, 0]
88_88_78_55_0_53_32_64_0_5_0_31_0_24_0_null_[0, 64, 7, 0]
89_89_78_55_0_53_32_64_0_5_0_31_0_24_0_null_[0, 64, 7, 0]
90_90_78_55_0_53_32_64_0_5_0_31_0_24_0_null_[0, 64, 7, 0]
91_91_78_55_0_53_32_64_0_5_0_31_0_24_0_null_[0, 64, 7, 0]
92_92_78_55_0_53_32_64_0_5_0_31_0_24_0_null_[0, 64, 7, 0]
93_93_78_55_0_53_32_64_0_5_0_31_0_24_0_null_[0, 64, 7, 0]
94_94_78_55_0_53_32_64_0_5_0_31_0_24_0_null_[0, 64, 7, 0]
95_95_78_55_0_53_32_64_0_5_0_31_0_24_0_null_[0, 64, 7, 0]
96_96_78_55_0_53_32_64_0_5_0_31_0_24_0_null_[0, 64, 7, 0]
97_97_78_55_0_53_32_64_0_5_0_31_0_24_0_null_[0, 64, 7, 0]
98_98_78_55_0_53_32_64_0_5_0_31_0_24_0_null_[0, 64, 7, 0]
99_99_78_55_0_53_32_64_0_5_0_31_0_24_0_null_[0, 64, 7, 0]
100_100_78_55_0_53_32_64_0_5_0_31_0_24_0_null_[0, 64, 7, 0]
101_101_78_55_0_53_32_64_0_5_0_31_0_24_0_null_[0, 64, 7, 0]
102_102_78_55_0_53_32_64_0_5_0_31_0_24_0_null_[0, 64, 7, 0]
103_103_78_55_0_53_32_64_0_5_0_31_0_24_0_null_[0, 64, 7, 0]
104_104_78_55_0_53_32_64_0_5_0_31_0_24_0_null_[0, 64, 7, 0]
105_105_78_55_0_53_32_64_0_5_0_31_0_24_0_null_[0, 64, 7, 0]
106_106_78_55_0_53_32_64_0_5_0_31_0_24_0_null_[0, 64, 7, 0]
107_107_78_55_0_53_32_64_0_5_0_31_0_24_0_null_[0, 64, 7, 0]
108_108_78_55_0_53_32_64_0_5_0_31_0_24_0_null_[0, 64, 7, 0]
109_109_78_55_0_53_32_64_0_5_0_31_0_24_0_null_[0, 64, 7, 0]
110_110_78_55_0_53_32_64_0_5_0_31_0_24_0_null_[0, 64, 7, 0]
111_111_78_55_0_53_32_64_0_5_0_31_0_24_0_null_[0, 64, 7, 0]
112_112_78_55_0_53_32_64_0_5_0_31_0_24_0_null_[0, 64, 7, 0]
113_113_78_55_0_53_32_64_0_5_0_31_0_24_0_null_[0, 64, 7, 0]
114_114_78_55_0_53_32_64_0_5_0_31_0_24_0_null_[0, 64, 7, 0]
115_115_78_55_0_53_32_64_0_5_0_31_0_24_0_null_[0, 64, 7, 0]
116_116_78_55_0_53_32_64_0_5_0_31_0_24_0_null_[0, 64, 7, 0]
117_117_78_55_0_53_32_64_0_5_0_31_0_24_0_null_[0, 64, 7, 0]
118_118_78_55_0_53_32_64_0_5_0_31_0_24_0_null_[0, 64, 7, 0]
119_119_78_55_0_53_32_64_0_5_0_31_0_24_0_null_[0, 64, 7, 0]
120_120_78_55_0_53_32_64_0_5_0_31_0_24_0_null_[0, 64, 7, 0]
121_121_78_55_0_53_32_64_0_5_0_31_0_24_0_null_[0, 64, 7, 0]
122_122_78_55_0_53_32_64_0_5_0_31_0_24_0_null_[0, 64, 7, 0]
123_123_78_55_0_53_32_64_0_5_0_31_0_24_0_null_[0, 64, 7, 0]
124_124_78_55_0_53_32_64_0_5_0_31_0_24_0_null_[0, 64, 7, 0]
125_125_78_55_0_53_32_64_0_5_0_31_0_24_0_null_[0, 64, 7, 0]
126_126_78_55_0_53_32_64_0_5_0_31_0_24_0_null_[0, 64, 7, 0]
127_127_78_55_0_53_32_64_0_5_0_31_0_24_0_null_[0, 64, 7, 0]
