0_0_79_42_0_29_32_64_0_0_0_0_0_24_0_null_[0, 64, 1, 0]
1_1_79_42_0_29_32_64_0_0_0_0_0_24_0_null_[0, 64, 1, 0]
2_2_79_42_0_29_32_64_0_0_0_0_0_24_0_null_[0, 64, 1, 0]
3_3_79_42_0_29_32_64_0_0_0_0_0_24_0_null_[0, 64, 1, 0]
4_4_79_42_0_29_32_64_0_0_0_0_0_24_0_null_[0, 64, 1, 0]
5_5_79_42_0_29_32_64_0_0_0_0_0_24_0_null_[0, 64, 1, 0]
6_6_79_42_0_29_32_64_0_0_0_0_0_24_0_null_[0, 64, 1, 0]
7_7_79_42_0_29_32_64_0_0_0_0_0_24_0_null_[0, 64, 1, 0]
8_8_79_42_0_29_32_64_0_0_0_0_0_24_0_null_[0, 64, 1, 0]
9_9_79_42_0_29_32_64_0_0_0_0_0_24_0_null_[0, 64, 1, 0]
10_10_79_42_0_29_32_64_0_0_0_0_0_24_0_null_[0, 64, 1, 0]
11_11_79_42_0_29_32_64_0_0_0_0_0_24_0_null_[0, 64, 1, 0]
12_12_79_42_0_29_32_64_0_0_0_0_0_24_0_null_[0, 64, 1, 0]
13_13_79_42_0_29_32_64_0_0_0_0_0_24_0_null_[0, 64, 1, 0]
14_14_79_42_0_29_32_64_0_0_0_0_0_24_0_null_[0, 64, 1, 0]
15_15_79_42_0_29_32_64_0_0_0_0_0_24_0_null_[0, 64, 1, 0]
16_16_79_42_0_29_32_64_0_0_0_0_0_24_0_null_[0, 64, 1, 0]
17_17_79_42_0_29_32_64_0_0_0_0_0_24_0_null_[0, 64, 1, 0]
18_18_79_42_0_29_32_64_0_0_0_0_0_24_0_null_[0, 64, 1, 0]
19_19_79_42_0_29_32_64_0_0_0_0_0_24_0_null_[0, 64, 1, 0]
20_20_79_42_0_29_32_64_0_0_0_0_0_24_0_null_[0, 64, 1, 0]
21_21_79_42_0_29_32_64_0_0_0_0_0_24_0_null_[0, 64, 1, 0]
22_22_79_42_0_29_32_64_0_0_0_0_0_24_0_null_[0, 64, 1, 0]
23_23_79_42_0_29_32_64_0_0_0_0_0_24_0_null_[0, 64, 1, 0]
24_24_79_42_0_29_32_64_0_0_0_0_0_24_0_null_[0, 64, 1, 0]
25_25_79_42_0_29_32_64_0_0_0_0_0_24_0_null_[0, 64, 1, 0]
26_26_79_42_0_29_32_64_0_0_0_0_0_24_0_null_[0, 64, 1, 0]
27_27_79_42_0_29_32_64_0_0_0_0_0_24_0_null_[0, 64, 1, 0]
28_28_79_42_0_29_32_64_0_0_0_0_0_24_0_null_[0, 64, 1, 0]
29_29_79_42_0_29_32_64_0_0_0_0_0_24_0_null_[0, 64, 1, 0]
30_30_79_42_0_29_32_64_0_0_0_0_0_24_0_null_[0, 64, 1, 0]
31_31_79_42_0_29_32_64_0_0_0_0_0_24_0_null_[0, 64, 1, 0]
32_32_79_42_0_29_32_64_0_0_0_0_0_24_0_null_[0, 64, 1, 0]
33_33_79_42_0_29_32_64_0_0_0_0_0_24_0_null_[0, 64, 1, 0]
34_34_79_42_0_29_32_64_0_0_0_0_0_24_0_null_[0, 64, 1, 0]
35_35_79_42_0_29_32_64_0_0_0_0_0_24_0_null_[0, 64, 1, 0]
36_36_79_42_0_29_32_64_0_0_0_0_0_24_0_null_[0, 64, 1, 0]
37_37_79_42_0_29_32_64_0_0_0_0_0_24_0_null_[0, 64, 1, 0]
38_38_79_42_0_29_32_64_0_0_0_0_0_24_0_null_[0, 64, 1, 0]
39_39_79_42_0_29_32_64_0_0_0_0_0_24_0_null_[0, 64, 1, 0]
40_40_79_42_0_29_32_64_0_0_0_0_0_24_0_null_[0, 64, 1, 0]
41_41_79_42_0_29_32_64_0_0_0_0_0_24_0_null_[0, 64, 1, 0]
42_42_79_42_0_29_32_64_0_0_0_0_0_24_0_null_[0, 64, 1, 0]
43_43_79_42_0_29_32_64_0_0_0_0_0_24_0_null_[0, 64, 1, 0]
44_44_79_42_0_29_32_64_0_0_0_0_0_24_0_null_[0, 64, 1, 0]
45_45_79_42_0_29_32_64_0_0_0_0_0_24_0_null_[0, 64, 1, 0]
46_46_79_42_0_29_32_64_0_0_0_0_0_24_0_null_[0, 64, 1, 0]
47_47_79_42_0_29_32_64_0_0_0_0_0_24_0_null_[0, 64, 1, 0]
48_48_80_59_0_29_32_64_0_0_0_0_0_24_0_null_[0, 64, 1, 0]
49_49_80_59_0_29_32_64_0_0_0_0_0_24_0_null_[0, 64, 1, 0]
50_50_80_59_0_29_32_64_0_0_0_0_0_24_0_null_[0, 64, 1, 0]
51_51_80_59_0_29_32_64_0_0_0_0_0_24_0_null_[0, 64, 1, 0]
52_52_80_59_0_29_32_64_0_0_0_0_0_24_0_null_[0, 64, 1, 0]
53_53_80_59_0_29_32_64_0_0_0_0_0_24_0_null_[0, 64, 1, 0]
54_54_80_59_0_29_32_64_0_0_0_0_0_24_0_null_[0, 64, 1, 0]
55_55_80_59_0_29_32_64_0_0_0_0_0_24_0_null_[0, 64, 1, 0]
56_56_80_59_0_29_32_64_0_0_0_0_0_24_0_null_[0, 64, 1, 0]
57_57_80_59_0_29_32_64_0_0_0_0_0_24_0_null_[0, 64, 1, 0]
58_58_80_59_0_29_32_64_0_0_0_0_0_24_0_null_[0, 64, 1, 0]
59_59_80_59_0_29_32_64_0_0_0_0_0_24_0_null_[0, 64, 1, 0]
60_60_80_59_0_29_32_64_0_0_0_0_0_24_0_null_[0, 64, 1, 0]
61_61_80_59_0_29_32_64_0_0_0_0_0_24_0_null_[0, 64, 1, 0]
62_62_80_59_0_29_32_64_0_0_0_0_0_24_0_null_[0, 64, 1, 0]
63_63_80_59_0_29_32_64_0_0_0_0_0_24_0_null_[0, 64, 1, 0]
64_64_80_59_0_29_32_64_0_0_0_0_0_24_0_null_[0, 64, 1, 0]
65_65_80_59_0_29_32_64_0_0_0_0_0_24_0_null_[0, 64, 1, 0]
66_66_80_59_0_29_32_64_0_0_0_0_0_24_0_null_[0, 64, 1, 0]
67_67_80_59_0_29_32_64_0_0_0_0_0_24_0_null_[0, 64, 1, 0]
68_68_81_71_0_29_32_64_0_0_0_0_0_24_0_null_[0, 64, 1, 0]
69_69_81_71_0_29_32_64_0_0_0_0_0_24_0_null_[0, 64, 1, 0]
70_70_81_71_0_29_32_64_0_0_0_0_0_24_0_null_[0, 64, 1, 0]
71_71_81_71_0_29_32_64_0_0_0_0_0_24_0_null_[0, 64, 1, 0]
72_72_81_71_0_29_32_64_0_0_0_0_0_24_0_null_[0, 64, 1, 0]
73_73_81_71_0_29_32_64_0_0_0_0_0_24_0_null_[0, 64, 1, 0]
74_74_81_71_0_29_32_64_0_0_0_0_0_24_0_null_[0, 64, 1, 0]
75_75_81_71_0_29_32_64_0_0_0_0_0_24_0_null_[0, 64, 1, 0]
76_76_81_71_0_29_32_64_0_0_0_0_0_24_0_null_[0, 64, 1, 0]
77_77_81_71_0_29_32_64_0_0_0_0_0_24_0_null_[0, 64, 1, 0]
78_78_81_71_0_29_32_64_0_0_0_0_0_24_0_null_[0, 64, 1, 0]
79_79_81_71_0_29_32_64_0_0_0_0_0_24_0_null_[0, 64, 1, 0]
80_80_81_71_0_29_32_64_0_0_0_0_0_24_0_null_[0, 64, 1, 0]
81_81_81_71_0_29_32_64_0_0_0_0_0_24_0_null_[0, 64, 1, 0]
82_82_81_71_0_29_32_64_0_0_0_0_0_24_0_null_[0, 64, 1, 0]
83_83_81_71_0_29_32_64_0_0_0_0_0_24_0_null_[0, 64, 1, 0]
84_84_82_83_0_29_32_64_0_0_0_0_0_24_0_null_[0, 64, 1, 0]
85_85_82_83_0_29_32_64_0_0_0_0_0_24_0_null_[0, 64, 1, 0]
86_86_82_83_0_29_32_64_0_0_0_0_0_24_0_null_[0, 64, 1, 0]
87_87_82_83_0_29_32_64_0_0_0_0_0_24_0_null_[0, 64, 1, 0]
88_88_82_83_0_29_32_64_0_0_0_0_0_24_0_null_[0, 64, 1, 0]
89_89_82_83_0_29_32_64_0_0_0_0_0_24_0_null_[0, 64, 1, 0]
90_90_82_83_0_29_32_64_0_0_0_0_0_24_0_null_[0, 64, 1, 0]
91_91_82_83_0_29_32_64_0_0_0_0_0_24_0_null_[0, 64, 1, 0]
92_92_82_83_0_29_32_64_0_0_0_0_0_24_0_null_[0, 64, 1, 0]
93_93_82_83_0_29_32_64_0_0_0_0_0_24_0_null_[0, 64, 1, 0]
94_94_82_83_0_29_32_64_0_0_0_0_0_24_0_null_[0, 64, 1, 0]
95_95_82_83_0_29_32_64_0_0_0_0_0_24_0_null_[0, 64, 1, 0]
96_96_82_83_0_29_32_64_0_0_0_0_0_24_0_null_[0, 64, 1, 0]
97_97_82_83_0_29_32_64_0_0_0_0_0_24_0_null_[0, 64, 1, 0]
98_98_82_83_0_29_32_64_0_0_0_0_0_24_0_null_[0, 64, 1, 0]
99_99_82_83_0_29_32_64_0_0_0_0_0_24_0_null_[0, 64, 1, 0]
100_100_82_83_0_29_32_64_0_0_0_0_0_24_0_null_[0, 64, 1, 0]
101_101_82_83_0_29_32_64_0_0_0_0_0_24_0_null_[0, 64, 1, 0]
102_102_82_83_0_29_32_64_0_0_0_0_0_24_0_null_[0, 64, 1, 0]
103_103_82_83_0_29_32_64_0_0_0_0_0_24_0_null_[0, 64, 1, 0]
104_104_82_83_0_29_32_64_0_0_0_0_0_24_0_null_[0, 64, 1, 0]
105_105_82_83_0_29_32_64_0_0_0_0_0_24_0_null_[0, 64, 1, 0]
106_106_82_83_0_29_32_64_0_0_0_0_0_24_0_null_[0, 64, 1, 0]
107_107_82_83_0_29_32_64_0_0_0_0_0_24_0_null_[0, 64, 1, 0]
108_108_82_83_0_29_32_64_0_0_0_0_0_24_0_null_[0, 64, 1, 0]
109_109_82_83_0_29_32_64_0_0_0_0_0_24_0_null_[0, 64, 1, 0]
110_110_82_83_0_29_32_64_0_0_0_0_0_24_0_null_[0, 64, 1, 0]
111_111_82_83_0_29_32_64_0_0_0_0_0_24_0_null_[0, 64, 1, 0]
112_112_82_83_0_29_32_64_0_0_0_0_0_24_0_null_[0, 64, 1, 0]
113_113_82_83_0_29_32_64_0_0_0_0_0_24_0_null_[0, 64, 1, 0]
114_114_82_83_0_29_32_64_0_0_0_0_0_24_0_null_[0, 64, 1, 0]
115_115_82_83_0_29_32_64_0_0_0_0_0_24_0_null_[0, 64, 1, 0]
116_116_82_83_0_29_32_64_0_0_0_0_0_24_0_null_[0, 64, 1, 0]
117_117_82_83_0_29_32_64_0_0_0_0_0_24_0_null_[0, 64, 1, 0]
118_118_82_83_0_29_32_64_0_0_0_0_0_24_0_null_[0, 64, 1, 0]
119_119_82_83_0_29_32_64_0_0_0_0_0_24_0_null_[0, 64, 1, 0]
120_120_82_83_0_29_32_64_0_0_0_0_0_24_0_null_[0, 64, 1, 0]
121_121_82_83_0_29_32_64_0_0_0_0_0_24_0_null_[0, 64, 1, 0]
122_122_82_83_0_29_32_64_0_0_0_0_0_24_0_null_[0, 64, 1, 0]
123_123_82_83_0_29_32_64_0_0_0_0_0_24_0_null_[0, 64, 1, 0]
124_124_82_83_0_29_32_64_0_0_0_0_0_24_0_null_[0, 64, 1, 0]
125_125_82_83_0_29_32_64_0_0_0_0_0_24_0_null_[0, 64, 1, 0]
126_126_82_83_0_29_32_64_0_0_0_0_0_24_0_null_[0, 64, 1, 0]
127_127_82_83_0_29_32_64_0_0_0_0_0_24_0_null_[0, 64, 1, 0]
