0_0_83_51_0_24_32_64_0_1_0_0_0_24_0_null_[0, 64, 1, 0]
1_1_83_51_0_24_32_64_0_1_0_0_0_24_0_null_[0, 64, 1, 0]
2_2_83_51_0_24_32_64_0_1_0_0_0_24_0_null_[0, 64, 1, 0]
3_3_83_51_0_24_32_64_0_1_0_0_0_24_0_null_[0, 64, 1, 0]
4_4_83_51_0_24_32_64_0_1_0_0_0_24_0_null_[0, 64, 1, 0]
5_5_83_51_0_24_32_64_0_1_0_0_0_24_0_null_[0, 64, 1, 0]
6_6_83_51_0_24_32_64_0_1_0_0_0_24_0_null_[0, 64, 1, 0]
7_7_83_51_0_24_32_64_0_1_0_0_0_24_0_null_[0, 64, 1, 0]
8_8_83_51_0_24_32_64_0_1_0_0_0_24_0_null_[0, 64, 1, 0]
9_9_83_51_0_24_32_64_0_1_0_0_0_24_0_null_[0, 64, 1, 0]
10_10_83_51_0_24_32_64_0_1_0_0_0_24_0_null_[0, 64, 1, 0]
11_11_83_51_0_24_32_64_0_1_0_0_0_24_0_null_[0, 64, 1, 0]
12_12_83_51_0_24_32_64_0_1_0_0_0_24_0_null_[0, 64, 1, 0]
13_13_83_51_0_24_32_64_0_1_0_0_0_24_0_null_[0, 64, 1, 0]
14_14_83_51_0_24_32_64_0_1_0_0_0_24_0_null_[0, 64, 1, 0]
15_15_83_51_0_24_32_64_0_1_0_0_0_24_0_null_[0, 64, 1, 0]
16_16_83_51_0_24_32_64_0_1_0_0_0_24_0_null_[0, 64, 1, 0]
17_17_83_51_0_24_32_64_0_1_0_0_0_24_0_null_[0, 64, 1, 0]
18_18_83_51_0_24_32_64_0_1_0_0_0_24_0_null_[0, 64, 1, 0]
19_19_83_51_0_24_32_64_0_1_0_0_0_24_0_null_[0, 64, 1, 0]
20_20_83_51_0_24_32_64_0_1_0_0_0_24_0_null_[0, 64, 1, 0]
21_21_83_51_0_24_32_64_0_1_0_0_0_24_0_null_[0, 64, 1, 0]
22_22_83_51_0_24_32_64_0_1_0_0_0_24_0_null_[0, 64, 1, 0]
23_23_83_51_0_24_32_64_0_1_0_0_0_24_0_null_[0, 64, 1, 0]
24_24_83_51_0_24_32_64_0_1_0_0_0_24_0_null_[0, 64, 1, 0]
25_25_83_51_0_24_32_64_0_1_0_0_0_24_0_null_[0, 64, 1, 0]
26_26_83_51_0_24_32_64_0_1_0_0_0_24_0_null_[0, 64, 1, 0]
27_27_83_51_0_24_32_64_0_1_0_0_0_24_0_null_[0, 64, 1, 0]
28_28_83_51_0_24_32_64_0_1_0_0_0_24_0_null_[0, 64, 1, 0]
29_29_83_51_0_24_32_64_0_1_0_0_0_24_0_null_[0, 64, 1, 0]
30_30_83_51_0_24_32_64_0_1_0_0_0_24_0_null_[0, 64, 1, 0]
31_31_83_51_0_24_32_64_0_1_0_0_0_24_0_null_[0, 64, 1, 0]
32_32_83_51_0_24_32_64_0_1_0_0_0_24_0_null_[0, 64, 1, 0]
33_33_83_51_0_24_32_64_0_1_0_0_0_24_0_null_[0, 64, 1, 0]
34_34_83_51_0_24_32_64_0_1_0_0_0_24_0_null_[0, 64, 1, 0]
35_35_83_51_0_24_32_64_0_1_0_0_0_24_0_null_[0, 64, 1, 0]
36_36_83_51_0_24_32_64_0_1_0_0_0_24_0_null_[0, 64, 1, 0]
37_37_83_51_0_24_32_64_0_1_0_0_0_24_0_null_[0, 64, 1, 0]
38_38_83_51_0_24_32_64_0_1_0_0_0_24_0_null_[0, 64, 1, 0]
39_39_83_51_0_24_32_64_0_1_0_0_0_24_0_null_[0, 64, 1, 0]
40_40_83_51_0_24_32_64_0_1_0_0_0_24_0_null_[0, 64, 1, 0]
41_41_83_51_0_24_32_64_0_1_0_0_0_24_0_null_[0, 64, 1, 0]
42_42_83_51_0_24_32_64_0_1_0_0_0_24_0_null_[0, 64, 1, 0]
43_43_83_51_0_24_32_64_0_1_0_0_0_24_0_null_[0, 64, 1, 0]
44_44_83_51_0_24_32_64_0_1_0_0_0_24_0_null_[0, 64, 1, 0]
45_45_83_51_0_24_32_64_0_1_0_0_0_24_0_null_[0, 64, 1, 0]
46_46_83_51_0_24_32_64_0_1_0_0_0_24_0_null_[0, 64, 1, 0]
47_47_83_51_0_24_32_64_0_1_0_0_0_24_0_null_[0, 64, 1, 0]
48_48_83_51_0_24_32_64_0_1_0_0_0_24_0_null_[0, 64, 1, 0]
49_49_83_51_0_24_32_64_0_1_0_0_0_24_0_null_[0, 64, 1, 0]
50_50_83_51_0_24_32_64_0_1_0_0_0_24_0_null_[0, 64, 1, 0]
51_51_83_51_0_24_32_64_0_1_0_0_0_24_0_null_[0, 64, 1, 0]
52_52_83_51_0_24_32_64_0_1_0_0_0_24_0_null_[0, 64, 1, 0]
53_53_84_60_0_24_32_64_0_1_0_0_0_24_0_null_[0, 64, 1, 0]
54_54_84_60_0_24_32_64_0_1_0_0_0_24_0_null_[0, 64, 1, 0]
55_55_84_60_0_24_32_64_0_1_0_0_0_24_0_null_[0, 64, 1, 0]
56_56_84_60_0_24_32_64_0_1_0_0_0_24_0_null_[0, 64, 1, 0]
57_57_84_60_0_24_32_64_0_1_0_0_0_24_0_null_[0, 64, 1, 0]
58_58_84_60_0_24_32_64_0_1_0_0_0_24_0_null_[0, 64, 1, 0]
59_59_84_60_0_24_32_64_0_1_0_0_0_24_0_null_[0, 64, 1, 0]
60_60_84_60_0_24_32_64_0_1_0_0_0_24_0_null_[0, 64, 1, 0]
61_61_84_60_0_24_32_64_0_1_0_0_0_24_0_null_[0, 64, 1, 0]
62_62_84_60_0_24_32_64_0_1_0_0_0_24_0_null_[0, 64, 1, 0]
63_63_85_69_0_24_32_64_0_1_0_0_0_24_0_null_[0, 64, 1, 0]
64_64_85_69_0_24_32_64_0_1_0_0_0_24_0_null_[0, 64, 1, 0]
65_65_85_69_0_24_32_64_0_1_0_0_0_24_0_null_[0, 64, 1, 0]
66_66_85_69_0_24_32_64_0_1_0_0_0_24_0_null_[0, 64, 1, 0]
67_67_85_69_0_24_32_64_0_1_0_0_0_24_0_null_[0, 64, 1, 0]
68_68_85_69_0_24_32_64_0_1_0_0_0_24_0_null_[0, 64, 1, 0]
69_69_85_69_0_24_32_64_0_1_0_0_0_24_0_null_[0, 64, 1, 0]
70_70_85_69_0_24_32_64_0_1_0_0_0_24_0_null_[0, 64, 1, 0]
71_71_85_69_0_24_32_64_0_1_0_0_0_24_0_null_[0, 64, 1, 0]
72_72_85_69_0_24_32_64_0_1_0_0_0_24_0_null_[0, 64, 1, 0]
73_73_85_69_0_24_32_64_0_1_0_0_0_24_0_null_[0, 64, 1, 0]
74_74_85_69_0_24_32_64_0_1_0_0_0_24_0_null_[0, 64, 1, 0]
75_75_85_69_0_24_32_64_0_1_0_0_0_24_0_null_[0, 64, 1, 0]
76_76_85_69_0_24_32_64_0_1_0_0_0_24_0_null_[0, 64, 1, 0]
77_77_85_69_0_24_32_64_0_1_0_0_0_24_0_null_[0, 64, 1, 0]
78_78_85_69_0_24_32_64_0_1_0_0_0_24_0_null_[0, 64, 1, 0]
79_79_85_69_0_24_32_64_0_1_0_0_0_24_0_null_[0, 64, 1, 0]
80_80_85_69_0_24_32_64_0_1_0_0_0_24_0_null_[0, 64, 1, 0]
81_81_85_69_0_24_32_64_0_1_0_0_0_24_0_null_[0, 64, 1, 0]
82_82_85_69_0_24_32_64_0_1_0_0_0_24_0_null_[0, 64, 1, 0]
83_83_85_69_0_24_32_64_0_1_0_0_0_24_0_null_[0, 64, 1, 0]
84_84_86_84_0_24_32_64_0_1_0_0_0_24_0_null_[0, 64, 1, 0]
85_85_86_84_0_24_32_64_0_1_0_0_0_24_0_null_[0, 64, 1, 0]
86_86_86_84_0_24_32_64_0_1_0_0_0_24_0_null_[0, 64, 1, 0]
87_87_86_84_0_24_32_64_0_1_0_0_0_24_0_null_[0, 64, 1, 0]
88_88_86_84_0_24_32_64_0_1_0_0_0_24_0_null_[0, 64, 1, 0]
89_89_86_84_0_24_32_64_0_1_0_0_0_24_0_null_[0, 64, 1, 0]
90_90_86_84_0_24_32_64_0_1_0_0_0_24_0_null_[0, 64, 1, 0]
91_91_86_84_0_24_32_64_0_1_0_0_0_24_0_null_[0, 64, 1, 0]
92_92_86_84_0_24_32_64_0_1_0_0_0_24_0_null_[0, 64, 1, 0]
93_93_86_84_0_24_32_64_0_1_0_0_0_24_0_null_[0, 64, 1, 0]
94_94_86_84_0_24_32_64_0_1_0_0_0_24_0_null_[0, 64, 1, 0]
95_95_86_84_0_24_32_64_0_1_0_0_0_24_0_null_[0, 64, 1, 0]
96_96_86_84_0_24_32_64_0_1_0_0_0_24_0_null_[0, 64, 1, 0]
97_97_86_84_0_24_32_64_0_1_0_0_0_24_0_null_[0, 64, 1, 0]
98_98_86_84_0_24_32_64_0_1_0_0_0_24_0_null_[0, 64, 1, 0]
99_99_86_84_0_24_32_64_0_1_0_0_0_24_0_null_[0, 64, 1, 0]
100_100_86_84_0_24_32_64_0_1_0_0_0_24_0_null_[0, 64, 1, 0]
101_101_86_84_0_24_32_64_0_1_0_0_0_24_0_null_[0, 64, 1, 0]
102_102_86_84_0_24_32_64_0_1_0_0_0_24_0_null_[0, 64, 1, 0]
103_103_86_84_0_24_32_64_0_1_0_0_0_24_0_null_[0, 64, 1, 0]
104_104_86_84_0_24_32_64_0_1_0_0_0_24_0_null_[0, 64, 1, 0]
105_105_86_84_0_24_32_64_0_1_0_0_0_24_0_null_[0, 64, 1, 0]
106_106_86_84_0_24_32_64_0_1_0_0_0_24_0_null_[0, 64, 1, 0]
107_107_86_84_0_24_32_64_0_1_0_0_0_24_0_null_[0, 64, 1, 0]
108_108_86_84_0_24_32_64_0_1_0_0_0_24_0_null_[0, 64, 1, 0]
109_109_86_84_0_24_32_64_0_1_0_0_0_24_0_null_[0, 64, 1, 0]
110_110_86_84_0_24_32_64_0_1_0_0_0_24_0_null_[0, 64, 1, 0]
111_111_86_84_0_24_32_64_0_1_0_0_0_24_0_null_[0, 64, 1, 0]
112_112_86_84_0_24_32_64_0_1_0_0_0_24_0_null_[0, 64, 1, 0]
113_113_86_84_0_24_32_64_0_1_0_0_0_24_0_null_[0, 64, 1, 0]
114_114_86_84_0_24_32_64_0_1_0_0_0_24_0_null_[0, 64, 1, 0]
115_115_86_84_0_24_32_64_0_1_0_0_0_24_0_null_[0, 64, 1, 0]
116_116_86_84_0_24_32_64_0_1_0_0_0_24_0_null_[0, 64, 1, 0]
117_117_86_84_0_24_32_64_0_1_0_0_0_24_0_null_[0, 64, 1, 0]
118_118_86_84_0_24_32_64_0_1_0_0_0_24_0_null_[0, 64, 1, 0]
119_119_86_84_0_24_32_64_0_1_0_0_0_24_0_null_[0, 64, 1, 0]
120_120_86_84_0_24_32_64_0_1_0_0_0_24_0_null_[0, 64, 1, 0]
121_121_86_84_0_24_32_64_0_1_0_0_0_24_0_null_[0, 64, 1, 0]
122_122_86_84_0_24_32_64_0_1_0_0_0_24_0_null_[0, 64, 1, 0]
123_123_86_84_0_24_32_64_0_1_0_0_0_24_0_null_[0, 64, 1, 0]
124_124_86_84_0_24_32_64_0_1_0_0_0_24_0_null_[0, 64, 1, 0]
125_125_86_84_0_24_32_64_0_1_0_0_0_24_0_null_[0, 64, 1, 0]
126_126_86_84_0_24_32_64_0_1_0_0_0_24_0_null_[0, 64, 1, 0]
127_127_86_84_0_24_32_64_0_1_0_0_0_24_0_null_[0, 64, 1, 0]
