0_0_91_36_0_34_49_64_0_5_0_0_0_24_0_null_[0, 64, 1, 0]
1_1_91_36_0_34_49_64_0_5_0_0_0_24_0_null_[0, 64, 1, 0]
2_2_91_36_0_34_49_64_0_5_0_0_0_24_0_null_[0, 64, 1, 0]
3_3_91_36_0_34_49_64_0_5_0_0_0_24_0_null_[0, 64, 1, 0]
4_4_91_36_0_34_49_64_0_5_0_0_0_24_0_null_[0, 64, 1, 0]
5_5_91_36_0_34_49_64_0_5_0_0_0_24_0_null_[0, 64, 1, 0]
6_6_91_36_0_34_49_64_0_5_0_0_0_24_0_null_[0, 64, 1, 0]
7_7_91_36_0_34_49_64_0_5_0_0_0_24_0_null_[0, 64, 1, 0]
8_8_91_36_0_34_49_64_0_5_0_0_0_24_0_null_[0, 64, 1, 0]
9_9_91_36_0_34_49_64_0_5_0_0_0_24_0_null_[0, 64, 1, 0]
10_10_91_36_0_34_49_64_0_5_0_0_0_24_0_null_[0, 64, 1, 0]
11_11_91_36_0_34_49_64_0_5_0_0_0_24_0_null_[0, 64, 1, 0]
12_12_91_36_0_34_49_64_0_5_0_0_0_24_0_null_[0, 64, 1, 0]
13_13_91_36_0_34_49_64_0_5_0_0_0_24_0_null_[0, 64, 1, 0]
14_14_91_36_0_34_49_64_0_5_0_0_0_24_0_null_[0, 64, 1, 0]
15_15_91_36_0_34_49_64_0_5_0_0_0_24_0_null_[0, 64, 1, 0]
16_16_91_36_0_34_49_64_0_5_0_0_0_24_0_null_[0, 64, 1, 0]
17_17_91_36_0_34_49_64_0_5_0_0_0_24_0_null_[0, 64, 1, 0]
18_18_91_36_0_34_49_64_0_5_0_0_0_24_0_null_[0, 64, 1, 0]
19_19_91_36_0_34_49_64_0_5_0_0_0_24_0_null_[0, 64, 1, 0]
20_20_91_36_0_34_49_64_0_5_0_0_0_24_0_null_[0, 64, 1, 0]
21_21_91_36_0_34_49_64_0_5_0_0_0_24_0_null_[0, 64, 1, 0]
22_22_91_36_0_34_49_64_0_5_0_0_0_24_0_null_[0, 64, 1, 0]
23_23_91_36_0_34_49_64_0_5_0_0_0_24_0_null_[0, 64, 1, 0]
24_24_91_36_0_34_49_64_0_5_0_0_0_24_0_null_[0, 64, 1, 0]
25_25_91_36_0_34_49_64_0_5_0_0_0_24_0_null_[0, 64, 1, 0]
26_26_91_36_0_34_49_64_0_5_0_0_0_24_0_null_[0, 64, 1, 0]
27_27_91_36_0_34_49_64_0_5_0_0_0_24_0_null_[0, 64, 1, 0]
28_28_91_36_0_34_49_64_0_5_0_0_0_24_0_null_[0, 64, 1, 0]
29_29_91_36_0_34_49_64_0_5_0_0_0_24_0_null_[0, 64, 1, 0]
30_30_91_36_0_34_49_64_0_5_0_0_0_24_0_null_[0, 64, 1, 0]
31_31_91_36_0_34_49_64_0_5_0_0_0_24_0_null_[0, 64, 1, 0]
32_32_91_36_0_34_49_64_0_5_0_0_0_24_0_null_[0, 64, 1, 0]
33_33_91_36_0_34_49_64_0_5_0_0_0_24_0_null_[0, 64, 1, 0]
34_34_91_36_0_34_49_64_0_5_0_0_0_24_0_null_[0, 64, 1, 0]
35_35_91_36_0_34_49_64_0_5_0_0_0_24_0_null_[0, 64, 1, 0]
36_36_91_36_0_34_49_64_0_5_0_0_0_24_0_null_[0, 64, 1, 0]
37_37_91_36_0_34_49_64_0_5_0_0_0_24_0_null_[0, 64, 1, 0]
38_38_91_36_0_34_49_64_0_5_0_0_0_24_0_null_[0, 64, 1, 0]
39_39_91_36_0_34_49_64_0_5_0_0_0_24_0_null_[0, 64, 1, 0]
40_40_91_36_0_34_49_64_0_5_0_0_0_24_0_null_[0, 64, 1, 0]
41_41_91_36_0_34_49_64_0_5_0_0_0_24_0_null_[0, 64, 1, 0]
42_42_91_36_0_34_49_64_0_5_0_0_0_24_0_null_[0, 64, 1, 0]
43_43_91_36_0_34_49_64_0_5_0_0_0_24_0_null_[0, 64, 1, 0]
44_44_91_36_0_34_49_64_0_5_0_0_0_24_0_null_[0, 64, 1, 0]
45_45_91_36_0_34_49_64_0_5_0_0_0_24_0_null_[0, 64, 1, 0]
46_46_91_36_0_34_49_64_0_5_0_0_0_24_0_null_[0, 64, 1, 0]
47_47_91_36_0_34_49_64_0_5_0_0_0_24_0_null_[0, 64, 1, 0]
48_48_91_36_0_34_49_64_0_5_0_0_0_24_0_null_[0, 64, 1, 0]
49_49_91_36_0_34_49_64_0_5_0_0_0_24_0_null_[0, 64, 1, 0]
50_50_91_36_0_34_49_64_0_5_0_0_0_24_0_null_[0, 64, 1, 0]
51_51_91_36_0_34_49_64_0_5_0_0_0_24_0_null_[0, 64, 1, 0]
52_52_91_36_0_34_49_64_0_5_0_0_0_24_0_null_[0, 64, 1, 0]
53_53_91_36_0_34_49_64_0_5_0_0_0_24_0_null_[0, 64, 1, 0]
54_54_91_36_0_34_49_64_0_5_0_0_0_24_0_null_[0, 64, 1, 0]
55_55_91_36_0_34_49_64_0_5_0_0_0_24_0_null_[0, 64, 1, 0]
56_56_91_36_0_34_49_64_0_5_0_0_0_24_0_null_[0, 64, 1, 0]
57_57_91_36_0_34_49_64_0_5_0_0_0_24_0_null_[0, 64, 1, 0]
58_58_91_36_0_34_49_64_0_5_0_0_0_24_0_null_[0, 64, 1, 0]
59_59_91_36_0_34_49_64_0_5_0_0_0_24_0_null_[0, 64, 1, 0]
60_60_91_36_0_34_49_64_0_5_0_0_0_24_0_null_[0, 64, 1, 0]
61_61_91_36_0_34_49_64_0_5_0_0_0_24_0_null_[0, 64, 1, 0]
62_62_91_36_0_34_49_64_0_5_0_0_0_24_0_null_[0, 64, 1, 0]
63_63_91_36_0_34_49_64_0_5_0_0_0_24_0_null_[0, 64, 1, 0]
64_64_91_36_0_34_49_64_0_5_0_0_0_24_0_null_[0, 64, 1, 0]
65_65_91_36_0_34_49_64_0_5_0_0_0_24_0_null_[0, 64, 1, 0]
66_66_91_36_0_34_49_64_0_5_0_0_0_24_0_null_[0, 64, 1, 0]
67_67_91_36_0_34_49_64_0_5_0_0_0_24_0_null_[0, 64, 1, 0]
68_68_91_36_0_34_49_64_0_5_0_0_0_24_0_null_[0, 64, 1, 0]
69_69_91_36_0_34_49_64_0_5_0_0_0_24_0_null_[0, 64, 1, 0]
70_70_91_36_0_34_49_64_0_5_0_0_0_24_0_null_[0, 64, 1, 0]
71_71_91_36_0_34_49_64_0_5_0_0_0_24_0_null_[0, 64, 1, 0]
72_72_91_36_0_34_49_64_0_5_0_0_0_24_0_null_[0, 64, 1, 0]
73_73_91_36_0_34_49_64_0_5_0_0_0_24_0_null_[0, 64, 1, 0]
74_74_91_36_0_34_49_64_0_5_0_0_0_24_0_null_[0, 64, 1, 0]
75_75_91_36_0_34_49_64_0_5_0_0_0_24_0_null_[0, 64, 1, 0]
76_76_91_36_0_34_49_64_0_5_0_0_0_24_0_null_[0, 64, 1, 0]
77_77_91_36_0_34_49_64_0_5_0_0_0_24_0_null_[0, 64, 1, 0]
78_78_91_36_0_34_49_64_0_5_0_0_0_24_0_null_[0, 64, 1, 0]
79_79_91_36_0_34_49_64_0_5_0_0_0_24_0_null_[0, 64, 1, 0]
80_80_91_36_0_34_49_64_0_5_0_0_0_24_0_null_[0, 64, 1, 0]
81_81_91_36_0_34_49_64_0_5_0_0_0_24_0_null_[0, 64, 1, 0]
82_82_91_36_0_34_49_64_0_5_0_0_0_24_0_null_[0, 64, 1, 0]
83_83_91_36_0_34_49_64_0_5_0_0_0_24_0_null_[0, 64, 1, 0]
84_84_91_36_0_34_49_64_0_5_0_0_0_24_0_null_[0, 64, 1, 0]
85_85_91_36_0_34_49_64_0_5_0_0_0_24_0_null_[0, 64, 1, 0]
86_86_91_36_0_34_49_64_0_5_0_0_0_24_0_null_[0, 64, 1, 0]
87_87_91_36_0_34_49_64_0_5_0_0_0_24_0_null_[0, 64, 1, 0]
88_88_91_36_0_34_49_64_0_5_0_0_0_24_0_null_[0, 64, 1, 0]
89_89_91_36_0_34_49_64_0_5_0_0_0_24_0_null_[0, 64, 1, 0]
90_90_91_36_0_34_49_64_0_5_0_0_0_24_0_null_[0, 64, 1, 0]
91_91_91_36_0_34_49_64_0_5_0_0_0_24_0_null_[0, 64, 1, 0]
92_92_91_36_0_34_49_64_0_5_0_0_0_24_0_null_[0, 64, 1, 0]
93_93_91_36_0_34_49_64_0_5_0_0_0_24_0_null_[0, 64, 1, 0]
94_94_91_36_0_34_49_64_0_5_0_0_0_24_0_null_[0, 64, 1, 0]
95_95_91_36_0_34_49_64_0_5_0_0_0_24_0_null_[0, 64, 1, 0]
96_96_91_36_0_34_49_64_0_5_0_0_0_24_0_null_[0, 64, 1, 0]
97_97_91_36_0_34_49_64_0_5_0_0_0_24_0_null_[0, 64, 1, 0]
98_98_91_36_0_34_49_64_0_5_0_0_0_24_0_null_[0, 64, 1, 0]
99_99_91_36_0_34_49_64_0_5_0_0_0_24_0_null_[0, 64, 1, 0]
100_100_91_36_0_34_49_64_0_5_0_0_0_24_0_null_[0, 64, 1, 0]
101_101_91_36_0_34_49_64_0_5_0_0_0_24_0_null_[0, 64, 1, 0]
102_102_91_36_0_34_49_64_0_5_0_0_0_24_0_null_[0, 64, 1, 0]
103_103_91_36_0_34_49_64_0_5_0_0_0_24_0_null_[0, 64, 1, 0]
104_104_91_36_0_34_49_64_0_5_0_0_0_24_0_null_[0, 64, 1, 0]
105_105_91_36_0_34_49_64_0_5_0_0_0_24_0_null_[0, 64, 1, 0]
106_106_91_36_0_34_49_64_0_5_0_0_0_24_0_null_[0, 64, 1, 0]
107_107_91_36_0_34_49_64_0_5_0_0_0_24_0_null_[0, 64, 1, 0]
108_108_91_36_0_34_49_64_0_5_0_0_0_24_0_null_[0, 64, 1, 0]
109_109_91_36_0_34_49_64_0_5_0_0_0_24_0_null_[0, 64, 1, 0]
110_110_91_36_0_34_49_64_0_5_0_0_0_24_0_null_[0, 64, 1, 0]
111_111_91_36_0_34_49_64_0_5_0_0_0_24_0_null_[0, 64, 1, 0]
112_112_91_36_0_34_49_64_0_5_0_0_0_24_0_null_[0, 64, 1, 0]
113_113_91_36_0_34_49_64_0_5_0_0_0_24_0_null_[0, 64, 1, 0]
114_114_91_36_0_34_49_64_0_5_0_0_0_24_0_null_[0, 64, 1, 0]
115_115_91_36_0_34_49_64_0_5_0_0_0_24_0_null_[0, 64, 1, 0]
116_116_91_36_0_34_49_64_0_5_0_0_0_24_0_null_[0, 64, 1, 0]
117_117_91_36_0_34_49_64_0_5_0_0_0_24_0_null_[0, 64, 1, 0]
118_118_91_36_0_34_49_64_0_5_0_0_0_24_0_null_[0, 64, 1, 0]
119_119_91_36_0_34_49_64_0_5_0_0_0_24_0_null_[0, 64, 1, 0]
120_120_91_36_0_34_49_64_0_5_0_0_0_24_0_null_[0, 64, 1, 0]
121_121_91_36_0_34_49_64_0_5_0_0_0_24_0_null_[0, 64, 1, 0]
122_122_91_36_0_34_49_64_0_5_0_0_0_24_0_null_[0, 64, 1, 0]
123_123_91_36_0_34_49_64_0_5_0_0_0_24_0_null_[0, 64, 1, 0]
124_124_91_36_0_34_49_64_0_5_0_0_0_24_0_null_[0, 64, 1, 0]
125_125_91_36_0_34_49_64_0_5_0_0_0_24_0_null_[0, 64, 1, 0]
126_126_91_36_0_34_49_64_0_5_0_0_0_24_0_null_[0, 64, 1, 0]
127_127_91_36_0_34_49_64_0_5_0_0_0_24_0_null_[0, 64, 1, 0]
