0_0_405_36_0_32_34_64_0_3_0_0_0_24_0_null_[0, 64, 10, 0]
1_1_405_36_0_32_34_64_0_3_0_0_0_24_0_null_[0, 64, 10, 0]
2_2_405_36_0_32_34_64_0_3_0_0_0_24_0_null_[0, 64, 10, 0]
3_3_405_36_0_32_34_64_0_3_0_0_0_24_0_null_[0, 64, 10, 0]
4_4_405_36_0_32_34_64_0_3_0_0_0_24_0_null_[0, 64, 10, 0]
5_5_405_36_0_32_34_64_0_3_0_0_0_24_0_null_[0, 64, 10, 0]
6_6_405_36_0_32_34_64_0_3_0_0_0_24_0_null_[0, 64, 10, 0]
7_7_405_36_0_32_34_64_0_3_0_0_0_24_0_null_[0, 64, 10, 0]
8_8_405_36_0_32_34_64_0_3_0_0_0_24_0_null_[0, 64, 10, 0]
9_9_405_36_0_32_34_64_0_3_0_0_0_24_0_null_[0, 64, 10, 0]
10_10_405_36_0_32_34_64_0_3_0_0_0_24_0_null_[0, 64, 10, 0]
11_11_405_36_0_32_34_64_0_3_0_0_0_24_0_null_[0, 64, 10, 0]
12_12_405_36_0_32_34_64_0_3_0_0_0_24_0_null_[0, 64, 10, 0]
13_13_405_36_0_32_34_64_0_3_0_0_0_24_0_null_[0, 64, 10, 0]
14_14_405_36_0_32_34_64_0_3_0_0_0_24_0_null_[0, 64, 10, 0]
15_15_405_36_0_32_34_64_0_3_0_0_0_24_0_null_[0, 64, 10, 0]
16_16_405_36_0_32_34_64_0_3_0_0_0_24_0_null_[0, 64, 10, 0]
17_17_405_36_0_32_34_64_0_3_0_0_0_24_0_null_[0, 64, 10, 0]
18_18_405_36_0_32_34_64_0_3_0_0_0_24_0_null_[0, 64, 10, 0]
19_19_405_36_0_32_34_64_0_3_0_0_0_24_0_null_[0, 64, 10, 0]
20_20_405_36_0_32_34_64_0_3_0_0_0_24_0_null_[0, 64, 10, 0]
21_21_405_36_0_32_34_64_0_3_0_0_0_24_0_null_[0, 64, 10, 0]
22_22_405_36_0_32_34_64_0_3_0_0_0_24_0_null_[0, 64, 10, 0]
23_23_405_36_0_32_34_64_0_3_0_0_0_24_0_null_[0, 64, 10, 0]
24_24_405_36_0_32_34_64_0_3_0_0_0_24_0_null_[0, 64, 10, 0]
25_25_405_36_0_32_34_64_0_3_0_0_0_24_0_null_[0, 64, 10, 0]
26_26_405_36_0_32_34_64_0_3_0_0_0_24_0_null_[0, 64, 10, 0]
27_27_405_36_0_32_34_64_0_3_0_0_0_24_0_null_[0, 64, 10, 0]
28_28_405_36_0_32_34_64_0_3_0_0_0_24_0_null_[0, 64, 10, 0]
29_29_405_36_0_32_34_64_0_3_0_0_0_24_0_null_[0, 64, 10, 0]
30_30_405_36_0_32_34_64_0_3_0_0_0_24_0_null_[0, 64, 10, 0]
31_31_405_36_0_32_34_64_0_3_0_0_0_24_0_null_[0, 64, 10, 0]
32_32_405_36_0_32_34_64_0_3_0_0_0_24_0_null_[0, 64, 10, 0]
33_33_405_36_0_32_34_64_0_3_0_0_0_24_0_null_[0, 64, 10, 0]
34_34_405_36_0_32_34_64_0_3_0_0_0_24_0_null_[0, 64, 10, 0]
35_35_405_36_0_32_34_64_0_3_0_0_0_24_0_null_[0, 64, 10, 0]
36_36_405_36_0_32_34_64_0_3_0_0_0_24_0_null_[0, 64, 10, 0]
37_37_405_36_0_32_34_64_0_3_0_0_0_24_0_null_[0, 64, 10, 0]
38_38_405_36_0_32_34_64_0_3_0_0_0_24_0_null_[0, 64, 10, 0]
39_39_405_36_0_32_34_64_0_3_0_0_0_24_0_null_[0, 64, 10, 0]
40_40_405_36_0_32_34_64_0_3_0_0_0_24_0_null_[0, 64, 10, 0]
41_41_405_36_0_32_34_64_0_3_0_0_0_24_0_null_[0, 64, 10, 0]
42_42_405_36_0_32_34_64_0_3_0_0_0_24_0_null_[0, 64, 10, 0]
43_43_405_36_0_32_34_64_0_3_0_0_0_24_0_null_[0, 64, 10, 0]
44_44_405_36_0_32_34_64_0_3_0_0_0_24_0_null_[0, 64, 10, 0]
45_45_405_36_0_32_34_64_0_3_0_0_0_24_0_null_[0, 64, 10, 0]
46_46_405_36_0_32_34_64_0_3_0_0_0_24_0_null_[0, 64, 10, 0]
47_47_405_36_0_32_34_64_0_3_0_0_0_24_0_null_[0, 64, 10, 0]
48_48_405_36_0_32_34_64_0_3_0_0_0_24_0_null_[0, 64, 10, 0]
49_49_405_36_0_32_34_64_0_3_0_0_0_24_0_null_[0, 64, 10, 0]
50_50_405_36_0_32_34_64_0_3_0_0_0_24_0_null_[0, 64, 10, 0]
51_51_405_36_0_32_34_64_0_3_0_0_0_24_0_null_[0, 64, 10, 0]
52_52_405_36_0_32_34_64_0_3_0_0_0_24_0_null_[0, 64, 10, 0]
53_53_405_36_0_32_34_64_0_3_0_0_0_24_0_null_[0, 64, 10, 0]
54_54_405_36_0_32_34_64_0_3_0_0_0_24_0_null_[0, 64, 10, 0]
55_55_405_36_0_32_34_64_0_3_0_0_0_24_0_null_[0, 64, 10, 0]
56_56_405_36_0_32_34_64_0_3_0_0_0_24_0_null_[0, 64, 10, 0]
57_57_405_36_0_32_34_64_0_3_0_0_0_24_0_null_[0, 64, 10, 0]
58_58_405_36_0_32_34_64_0_3_0_0_0_24_0_null_[0, 64, 10, 0]
59_59_405_36_0_32_34_64_0_3_0_0_0_24_0_null_[0, 64, 10, 0]
60_60_405_36_0_32_34_64_0_3_0_0_0_24_0_null_[0, 64, 10, 0]
61_61_405_36_0_32_34_64_0_3_0_0_0_24_0_null_[0, 64, 10, 0]
62_62_405_36_0_32_34_64_0_3_0_0_0_24_0_null_[0, 64, 10, 0]
63_63_405_36_0_32_34_64_0_3_0_0_0_24_0_null_[0, 64, 10, 0]
64_64_405_36_0_32_34_64_0_3_0_0_0_24_0_null_[0, 64, 10, 0]
65_65_405_36_0_32_34_64_0_3_0_0_0_24_0_null_[0, 64, 10, 0]
66_66_405_36_0_32_34_64_0_3_0_0_0_24_0_null_[0, 64, 10, 0]
67_67_405_36_0_32_34_64_0_3_0_0_0_24_0_null_[0, 64, 10, 0]
68_68_405_36_0_32_34_64_0_3_0_0_0_24_0_null_[0, 64, 10, 0]
69_69_405_36_0_32_34_64_0_3_0_0_0_24_0_null_[0, 64, 10, 0]
70_70_405_36_0_32_34_64_0_3_0_0_0_24_0_null_[0, 64, 10, 0]
71_71_405_36_0_32_34_64_0_3_0_0_0_24_0_null_[0, 64, 10, 0]
72_72_405_36_0_32_34_64_0_3_0_0_0_24_0_null_[0, 64, 10, 0]
73_73_405_36_0_32_34_64_0_3_0_0_0_24_0_null_[0, 64, 10, 0]
74_74_405_36_0_32_34_64_0_3_0_0_0_24_0_null_[0, 64, 10, 0]
75_75_405_36_0_32_34_64_0_3_0_0_0_24_0_null_[0, 64, 10, 0]
76_76_405_36_0_32_34_64_0_3_0_0_0_24_0_null_[0, 64, 10, 0]
77_77_405_36_0_32_34_64_0_3_0_0_0_24_0_null_[0, 64, 10, 0]
78_78_405_36_0_32_34_64_0_3_0_0_0_24_0_null_[0, 64, 10, 0]
79_79_405_36_0_32_34_64_0_3_0_0_0_24_0_null_[0, 64, 10, 0]
80_80_405_36_0_32_34_64_0_3_0_0_0_24_0_null_[0, 64, 10, 0]
81_81_405_36_0_32_34_64_0_3_0_0_0_24_0_null_[0, 64, 10, 0]
82_82_405_36_0_32_34_64_0_3_0_0_0_24_0_null_[0, 64, 10, 0]
83_83_405_36_0_32_34_64_0_3_0_0_0_24_0_null_[0, 64, 10, 0]
84_84_405_36_0_32_34_64_0_3_0_0_0_24_0_null_[0, 64, 10, 0]
85_85_405_36_0_32_34_64_0_3_0_0_0_24_0_null_[0, 64, 10, 0]
86_86_405_36_0_32_34_64_0_3_0_0_0_24_0_null_[0, 64, 10, 0]
87_87_405_36_0_32_34_64_0_3_0_0_0_24_0_null_[0, 64, 10, 0]
88_88_405_36_0_32_34_64_0_3_0_0_0_24_0_null_[0, 64, 10, 0]
89_89_405_36_0_32_34_64_0_3_0_0_0_24_0_null_[0, 64, 10, 0]
90_90_405_36_0_32_34_64_0_3_0_0_0_24_0_null_[0, 64, 10, 0]
91_91_405_36_0_32_34_64_0_3_0_0_0_24_0_null_[0, 64, 10, 0]
92_92_405_36_0_32_34_64_0_3_0_0_0_24_0_null_[0, 64, 10, 0]
93_93_405_36_0_32_34_64_0_3_0_0_0_24_0_null_[0, 64, 10, 0]
94_94_405_36_0_32_34_64_0_3_0_0_0_24_0_null_[0, 64, 10, 0]
95_95_405_36_0_32_34_64_0_3_0_0_0_24_0_null_[0, 64, 10, 0]
96_96_405_36_0_32_34_64_0_3_0_0_0_24_0_null_[0, 64, 10, 0]
97_97_405_36_0_32_34_64_0_3_0_0_0_24_0_null_[0, 64, 10, 0]
98_98_405_36_0_32_34_64_0_3_0_0_0_24_0_null_[0, 64, 10, 0]
99_99_405_36_0_32_34_64_0_3_0_0_0_24_0_null_[0, 64, 10, 0]
100_100_405_36_0_32_34_64_0_3_0_0_0_24_0_null_[0, 64, 10, 0]
101_101_405_36_0_32_34_64_0_3_0_0_0_24_0_null_[0, 64, 10, 0]
102_102_405_36_0_32_34_64_0_3_0_0_0_24_0_null_[0, 64, 10, 0]
103_103_405_36_0_32_34_64_0_3_0_0_0_24_0_null_[0, 64, 10, 0]
104_104_405_36_0_32_34_64_0_3_0_0_0_24_0_null_[0, 64, 10, 0]
105_105_405_36_0_32_34_64_0_3_0_0_0_24_0_null_[0, 64, 10, 0]
106_106_405_36_0_32_34_64_0_3_0_0_0_24_0_null_[0, 64, 10, 0]
107_107_405_36_0_32_34_64_0_3_0_0_0_24_0_null_[0, 64, 10, 0]
108_108_405_36_0_32_34_64_0_3_0_0_0_24_0_null_[0, 64, 10, 0]
109_109_405_36_0_32_34_64_0_3_0_0_0_24_0_null_[0, 64, 10, 0]
110_110_405_36_0_32_34_64_0_3_0_0_0_24_0_null_[0, 64, 10, 0]
111_111_405_36_0_32_34_64_0_3_0_0_0_24_0_null_[0, 64, 10, 0]
112_112_405_36_0_32_34_64_0_3_0_0_0_24_0_null_[0, 64, 10, 0]
113_113_405_36_0_32_34_64_0_3_0_0_0_24_0_null_[0, 64, 10, 0]
114_114_405_36_0_32_34_64_0_3_0_0_0_24_0_null_[0, 64, 10, 0]
115_115_405_36_0_32_34_64_0_3_0_0_0_24_0_null_[0, 64, 10, 0]
116_116_405_36_0_32_34_64_0_3_0_0_0_24_0_null_[0, 64, 10, 0]
117_117_405_36_0_32_34_64_0_3_0_0_0_24_0_null_[0, 64, 10, 0]
118_118_405_36_0_32_34_64_0_3_0_0_0_24_0_null_[0, 64, 10, 0]
119_119_405_36_0_32_34_64_0_3_0_0_0_24_0_null_[0, 64, 10, 0]
120_120_405_36_0_32_34_64_0_3_0_0_0_24_0_null_[0, 64, 10, 0]
121_121_405_36_0_32_34_64_0_3_0_0_0_24_0_null_[0, 64, 10, 0]
122_122_405_36_0_32_34_64_0_3_0_0_0_24_0_null_[0, 64, 10, 0]
123_123_405_36_0_32_34_64_0_3_0_0_0_24_0_null_[0, 64, 10, 0]
124_124_405_36_0_32_34_64_0_3_0_0_0_24_0_null_[0, 64, 10, 0]
125_125_405_36_0_32_34_64_0_3_0_0_0_24_0_null_[0, 64, 10, 0]
126_126_405_36_0_32_34_64_0_3_0_0_0_24_0_null_[0, 64, 10, 0]
127_127_405_36_0_32_34_64_0_3_0_0_0_24_0_null_[0, 64, 10, 0]
