0_0_417_36_0_44_41_64_0_0_0_0_0_24_0_[0, 64, 15, 31, 52, 14, -106, 0]_[0, 64, 1, 0]
1_1_417_36_0_44_41_64_0_0_0_0_0_24_0_[0, 64, 15, 31, 52, 14, -106, 0]_[0, 64, 1, 0]
2_2_417_36_0_44_41_64_0_0_0_0_0_24_0_[0, 64, 15, 31, 52, 14, -106, 0]_[0, 64, 1, 0]
3_3_417_36_0_44_41_64_0_0_0_0_0_24_0_[0, 64, 15, 31, 52, 14, -106, 0]_[0, 64, 1, 0]
4_4_417_36_0_44_41_64_0_0_0_0_0_24_0_[0, 64, 15, 31, 52, 14, -106, 0]_[0, 64, 1, 0]
5_5_417_36_0_44_41_64_0_0_0_0_0_24_0_[0, 64, 15, 31, 52, 14, -106, 0]_[0, 64, 1, 0]
6_6_417_36_0_44_41_64_0_0_0_0_0_24_0_[0, 64, 15, 31, 52, 14, -106, 0]_[0, 64, 1, 0]
7_7_417_36_0_44_41_64_0_0_0_0_0_24_0_[0, 64, 15, 31, 52, 14, -106, 0]_[0, 64, 1, 0]
8_8_417_36_0_44_41_64_0_0_0_0_0_24_0_[0, 64, 15, 31, 52, 14, -106, 0]_[0, 64, 1, 0]
9_9_417_36_0_44_41_64_0_0_0_0_0_24_0_[0, 64, 15, 31, 52, 14, -106, 0]_[0, 64, 1, 0]
10_10_417_36_0_44_41_64_0_0_0_0_0_24_0_[0, 64, 15, 31, 52, 14, -106, 0]_[0, 64, 1, 0]
11_11_417_36_0_44_41_64_0_0_0_0_0_24_0_[0, 64, 15, 31, 52, 14, -106, 0]_[0, 64, 1, 0]
12_12_417_36_0_44_41_64_0_0_0_0_0_24_0_[0, 64, 15, 31, 52, 14, -106, 0]_[0, 64, 1, 0]
13_13_417_36_0_44_41_64_0_0_0_0_0_24_0_[0, 64, 15, 31, 52, 14, -106, 0]_[0, 64, 1, 0]
14_14_417_36_0_44_41_64_0_0_0_0_0_24_0_[0, 64, 15, 31, 52, 14, -106, 0]_[0, 64, 1, 0]
15_15_417_36_0_44_41_64_0_0_0_0_0_24_0_[0, 64, 15, 31, 52, 14, -106, 0]_[0, 64, 1, 0]
16_16_417_36_0_44_41_64_0_0_0_0_0_24_0_[0, 64, 15, 31, 52, 14, -106, 0]_[0, 64, 1, 0]
17_17_417_36_0_44_41_64_0_0_0_0_0_24_0_[0, 64, 15, 31, 52, 14, -106, 0]_[0, 64, 1, 0]
18_18_417_36_0_44_41_64_0_0_0_0_0_24_0_[0, 64, 15, 31, 52, 14, -106, 0]_[0, 64, 1, 0]
19_19_417_36_0_44_41_64_0_0_0_0_0_24_0_[0, 64, 15, 31, 52, 14, -106, 0]_[0, 64, 1, 0]
20_20_417_36_0_44_41_64_0_0_0_0_0_24_0_[0, 64, 15, 31, 52, 14, -106, 0]_[0, 64, 1, 0]
21_21_417_36_0_44_41_64_0_0_0_0_0_24_0_[0, 64, 15, 31, 52, 14, -106, 0]_[0, 64, 1, 0]
22_22_417_36_0_44_41_64_0_0_0_0_0_24_0_[0, 64, 15, 31, 52, 14, -106, 0]_[0, 64, 1, 0]
23_23_417_36_0_44_41_64_0_0_0_0_0_24_0_[0, 64, 15, 31, 52, 14, -106, 0]_[0, 64, 1, 0]
24_24_417_36_0_44_41_64_0_0_0_0_0_24_0_[0, 64, 15, 31, 52, 14, -106, 0]_[0, 64, 1, 0]
25_25_417_36_0_44_41_64_0_0_0_0_0_24_0_[0, 64, 15, 31, 52, 14, -106, 0]_[0, 64, 1, 0]
26_26_417_36_0_44_41_64_0_0_0_0_0_24_0_[0, 64, 15, 31, 52, 14, -106, 0]_[0, 64, 1, 0]
27_27_417_36_0_44_41_64_0_0_0_0_0_24_0_[0, 64, 15, 31, 52, 14, -106, 0]_[0, 64, 1, 0]
28_28_417_36_0_44_41_64_0_0_0_0_0_24_0_[0, 64, 15, 31, 52, 14, -106, 0]_[0, 64, 1, 0]
29_29_417_36_0_44_41_64_0_0_0_0_0_24_0_[0, 64, 15, 31, 52, 14, -106, 0]_[0, 64, 1, 0]
30_30_417_36_0_44_41_64_0_0_0_0_0_24_0_[0, 64, 15, 31, 52, 14, -106, 0]_[0, 64, 1, 0]
31_31_417_36_0_44_41_64_0_0_0_0_0_24_0_[0, 64, 15, 31, 52, 14, -106, 0]_[0, 64, 1, 0]
32_32_417_36_0_44_41_64_0_0_0_0_0_24_0_[0, 64, 15, 31, 52, 14, -106, 0]_[0, 64, 1, 0]
33_33_417_36_0_44_41_64_0_0_0_0_0_24_0_[0, 64, 15, 31, 52, 14, -106, 0]_[0, 64, 1, 0]
34_34_417_36_0_44_41_64_0_0_0_0_0_24_0_[0, 64, 15, 31, 52, 14, -106, 0]_[0, 64, 1, 0]
35_35_417_36_0_44_41_64_0_0_0_0_0_24_0_[0, 64, 15, 31, 52, 14, -106, 0]_[0, 64, 1, 0]
36_36_417_36_0_44_41_64_0_0_0_0_0_24_0_[0, 64, 15, 31, 52, 14, -106, 0]_[0, 64, 1, 0]
37_37_417_36_0_44_41_64_0_0_0_0_0_24_0_[0, 64, 15, 31, 52, 14, -106, 0]_[0, 64, 1, 0]
38_38_417_36_0_44_41_64_0_0_0_0_0_24_0_[0, 64, 15, 31, 52, 14, -106, 0]_[0, 64, 1, 0]
39_39_417_36_0_44_41_64_0_0_0_0_0_24_0_[0, 64, 15, 31, 52, 14, -106, 0]_[0, 64, 1, 0]
40_40_417_36_0_44_41_64_0_0_0_0_0_24_0_[0, 64, 15, 31, 52, 14, -106, 0]_[0, 64, 1, 0]
41_41_417_36_0_44_41_64_0_0_0_0_0_24_0_[0, 64, 15, 31, 52, 14, -106, 0]_[0, 64, 1, 0]
42_42_417_36_0_44_41_64_0_0_0_0_0_24_0_[0, 64, 15, 31, 52, 14, -106, 0]_[0, 64, 1, 0]
43_43_417_36_0_44_41_64_0_0_0_0_0_24_0_[0, 64, 15, 31, 52, 14, -106, 0]_[0, 64, 1, 0]
44_44_417_36_0_44_41_64_0_0_0_0_0_24_0_[0, 64, 15, 31, 52, 14, -106, 0]_[0, 64, 1, 0]
45_45_417_36_0_44_41_64_0_0_0_0_0_24_0_[0, 64, 15, 31, 52, 14, -106, 0]_[0, 64, 1, 0]
46_46_417_36_0_44_41_64_0_0_0_0_0_24_0_[0, 64, 15, 31, 52, 14, -106, 0]_[0, 64, 1, 0]
47_47_417_36_0_44_41_64_0_0_0_0_0_24_0_[0, 64, 15, 31, 52, 14, -106, 0]_[0, 64, 1, 0]
48_48_417_36_0_44_41_64_0_0_0_0_0_24_0_[0, 64, 15, 31, 52, 14, -106, 0]_[0, 64, 1, 0]
49_49_417_36_0_44_41_64_0_0_0_0_0_24_0_[0, 64, 15, 31, 52, 14, -106, 0]_[0, 64, 1, 0]
50_50_417_36_0_44_41_64_0_0_0_0_0_24_0_[0, 64, 15, 31, 52, 14, -106, 0]_[0, 64, 1, 0]
51_51_417_36_0_44_41_64_0_0_0_0_0_24_0_[0, 64, 15, 31, 52, 14, -106, 0]_[0, 64, 1, 0]
52_52_417_36_0_44_41_64_0_0_0_0_0_24_0_[0, 64, 15, 31, 52, 14, -106, 0]_[0, 64, 1, 0]
53_53_417_36_0_44_41_64_0_0_0_0_0_24_0_[0, 64, 15, 31, 52, 14, -106, 0]_[0, 64, 1, 0]
54_54_417_36_0_44_41_64_0_0_0_0_0_24_0_[0, 64, 15, 31, 52, 14, -106, 0]_[0, 64, 1, 0]
55_55_417_36_0_44_41_64_0_0_0_0_0_24_0_[0, 64, 15, 31, 52, 14, -106, 0]_[0, 64, 1, 0]
56_56_417_36_0_44_41_64_0_0_0_0_0_24_0_[0, 64, 15, 31, 52, 14, -106, 0]_[0, 64, 1, 0]
57_57_417_36_0_44_41_64_0_0_0_0_0_24_0_[0, 64, 15, 31, 52, 14, -106, 0]_[0, 64, 1, 0]
58_58_417_36_0_44_41_64_0_0_0_0_0_24_0_[0, 64, 15, 31, 52, 14, -106, 0]_[0, 64, 1, 0]
59_59_417_36_0_44_41_64_0_0_0_0_0_24_0_[0, 64, 15, 31, 52, 14, -106, 0]_[0, 64, 1, 0]
60_60_417_36_0_44_41_64_0_0_0_0_0_24_0_[0, 64, 15, 31, 52, 14, -106, 0]_[0, 64, 1, 0]
61_61_417_36_0_44_41_64_0_0_0_0_0_24_0_[0, 64, 15, 31, 52, 14, -106, 0]_[0, 64, 1, 0]
62_62_417_36_0_44_41_64_0_0_0_0_0_24_0_[0, 64, 15, 31, 52, 14, -106, 0]_[0, 64, 1, 0]
63_63_417_36_0_44_41_64_0_0_0_0_0_24_0_[0, 64, 15, 31, 52, 14, -106, 0]_[0, 64, 1, 0]
64_64_417_36_0_44_41_64_0_0_0_0_0_24_0_[0, 64, 15, 31, 52, 14, -106, 0]_[0, 64, 1, 0]
65_65_417_36_0_44_41_64_0_0_0_0_0_24_0_[0, 64, 15, 31, 52, 14, -106, 0]_[0, 64, 1, 0]
66_66_417_36_0_44_41_64_0_0_0_0_0_24_0_[0, 64, 15, 31, 52, 14, -106, 0]_[0, 64, 1, 0]
67_67_417_36_0_44_41_64_0_0_0_0_0_24_0_[0, 64, 15, 31, 52, 14, -106, 0]_[0, 64, 1, 0]
68_68_417_36_0_44_41_64_0_0_0_0_0_24_0_[0, 64, 15, 31, 52, 14, -106, 0]_[0, 64, 1, 0]
69_69_417_36_0_44_41_64_0_0_0_0_0_24_0_[0, 64, 15, 31, 52, 14, -106, 0]_[0, 64, 1, 0]
70_70_417_36_0_44_41_64_0_0_0_0_0_24_0_[0, 64, 15, 31, 52, 14, -106, 0]_[0, 64, 1, 0]
71_71_417_36_0_44_41_64_0_0_0_0_0_24_0_[0, 64, 15, 31, 52, 14, -106, 0]_[0, 64, 1, 0]
72_72_417_36_0_44_41_64_0_0_0_0_0_24_0_[0, 64, 15, 31, 52, 14, -106, 0]_[0, 64, 1, 0]
73_73_417_36_0_44_41_64_0_0_0_0_0_24_0_[0, 64, 15, 31, 52, 14, -106, 0]_[0, 64, 1, 0]
74_74_417_36_0_44_41_64_0_0_0_0_0_24_0_[0, 64, 15, 31, 52, 14, -106, 0]_[0, 64, 1, 0]
75_75_417_36_0_44_41_64_0_0_0_0_0_24_0_[0, 64, 15, 31, 52, 14, -106, 0]_[0, 64, 1, 0]
76_76_417_36_0_44_41_64_0_0_0_0_0_24_0_[0, 64, 15, 31, 52, 14, -106, 0]_[0, 64, 1, 0]
77_77_417_36_0_44_41_64_0_0_0_0_0_24_0_[0, 64, 15, 31, 52, 14, -106, 0]_[0, 64, 1, 0]
78_78_417_36_0_44_41_64_0_0_0_0_0_24_0_[0, 64, 15, 31, 52, 14, -106, 0]_[0, 64, 1, 0]
79_79_417_36_0_44_41_64_0_0_0_0_0_24_0_[0, 64, 15, 31, 52, 14, -106, 0]_[0, 64, 1, 0]
80_80_417_36_0_44_41_64_0_0_0_0_0_24_0_[0, 64, 15, 31, 52, 14, -106, 0]_[0, 64, 1, 0]
81_81_417_36_0_44_41_64_0_0_0_0_0_24_0_[0, 64, 15, 31, 52, 14, -106, 0]_[0, 64, 1, 0]
82_82_417_36_0_44_41_64_0_0_0_0_0_24_0_[0, 64, 15, 31, 52, 14, -106, 0]_[0, 64, 1, 0]
83_83_417_36_0_44_41_64_0_0_0_0_0_24_0_[0, 64, 15, 31, 52, 14, -106, 0]_[0, 64, 1, 0]
84_84_417_36_0_44_41_64_0_0_0_0_0_24_0_[0, 64, 15, 31, 52, 14, -106, 0]_[0, 64, 1, 0]
85_85_417_36_0_44_41_64_0_0_0_0_0_24_0_[0, 64, 15, 31, 52, 14, -106, 0]_[0, 64, 1, 0]
86_86_417_36_0_44_41_64_0_0_0_0_0_24_0_[0, 64, 15, 31, 52, 14, -106, 0]_[0, 64, 1, 0]
87_87_417_36_0_44_41_64_0_0_0_0_0_24_0_[0, 64, 15, 31, 52, 14, -106, 0]_[0, 64, 1, 0]
88_88_417_36_0_44_41_64_0_0_0_0_0_24_0_[0, 64, 15, 31, 52, 14, -106, 0]_[0, 64, 1, 0]
89_89_417_36_0_44_41_64_0_0_0_0_0_24_0_[0, 64, 15, 31, 52, 14, -106, 0]_[0, 64, 1, 0]
90_90_417_36_0_44_41_64_0_0_0_0_0_24_0_[0, 64, 15, 31, 52, 14, -106, 0]_[0, 64, 1, 0]
91_91_417_36_0_44_41_64_0_0_0_0_0_24_0_[0, 64, 15, 31, 52, 14, -106, 0]_[0, 64, 1, 0]
92_92_417_36_0_44_41_64_0_0_0_0_0_24_0_[0, 64, 15, 31, 52, 14, -106, 0]_[0, 64, 1, 0]
93_93_417_36_0_44_41_64_0_0_0_0_0_24_0_[0, 64, 15, 31, 52, 14, -106, 0]_[0, 64, 1, 0]
94_94_417_36_0_44_41_64_0_0_0_0_0_24_0_[0, 64, 15, 31, 52, 14, -106, 0]_[0, 64, 1, 0]
95_95_417_36_0_44_41_64_0_0_0_0_0_24_0_[0, 64, 15, 31, 52, 14, -106, 0]_[0, 64, 1, 0]
96_96_417_36_0_44_41_64_0_0_0_0_0_24_0_[0, 64, 15, 31, 52, 14, -106, 0]_[0, 64, 1, 0]
97_97_417_36_0_44_41_64_0_0_0_0_0_24_0_[0, 64, 15, 31, 52, 14, -106, 0]_[0, 64, 1, 0]
98_98_417_36_0_44_41_64_0_0_0_0_0_24_0_[0, 64, 15, 31, 52, 14, -106, 0]_[0, 64, 1, 0]
99_99_417_36_0_44_41_64_0_0_0_0_0_24_0_[0, 64, 15, 31, 52, 14, -106, 0]_[0, 64, 1, 0]
100_100_417_36_0_44_41_64_0_0_0_0_0_24_0_[0, 64, 15, 31, 52, 14, -106, 0]_[0, 64, 1, 0]
101_101_417_36_0_44_41_64_0_0_0_0_0_24_0_[0, 64, 15, 31, 52, 14, -106, 0]_[0, 64, 1, 0]
102_102_417_36_0_44_41_64_0_0_0_0_0_24_0_[0, 64, 15, 31, 52, 14, -106, 0]_[0, 64, 1, 0]
103_103_417_36_0_44_41_64_0_0_0_0_0_24_0_[0, 64, 15, 31, 52, 14, -106, 0]_[0, 64, 1, 0]
104_104_417_36_0_44_41_64_0_0_0_0_0_24_0_[0, 64, 15, 31, 52, 14, -106, 0]_[0, 64, 1, 0]
105_105_417_36_0_44_41_64_0_0_0_0_0_24_0_[0, 64, 15, 31, 52, 14, -106, 0]_[0, 64, 1, 0]
106_106_417_36_0_44_41_64_0_0_0_0_0_24_0_[0, 64, 15, 31, 52, 14, -106, 0]_[0, 64, 1, 0]
107_107_417_36_0_44_41_64_0_0_0_0_0_24_0_[0, 64, 15, 31, 52, 14, -106, 0]_[0, 64, 1, 0]
108_108_417_36_0_44_41_64_0_0_0_0_0_24_0_[0, 64, 15, 31, 52, 14, -106, 0]_[0, 64, 1, 0]
109_109_417_36_0_44_41_64_0_0_0_0_0_24_0_[0, 64, 15, 31, 52, 14, -106, 0]_[0, 64, 1, 0]
110_110_417_36_0_44_41_64_0_0_0_0_0_24_0_[0, 64, 15, 31, 52, 14, -106, 0]_[0, 64, 1, 0]
111_111_417_36_0_44_41_64_0_0_0_0_0_24_0_[0, 64, 15, 31, 52, 14, -106, 0]_[0, 64, 1, 0]
112_112_417_36_0_44_41_64_0_0_0_0_0_24_0_[0, 64, 15, 31, 52, 14, -106, 0]_[0, 64, 1, 0]
113_113_417_36_0_44_41_64_0_0_0_0_0_24_0_[0, 64, 15, 31, 52, 14, -106, 0]_[0, 64, 1, 0]
114_114_417_36_0_44_41_64_0_0_0_0_0_24_0_[0, 64, 15, 31, 52, 14, -106, 0]_[0, 64, 1, 0]
115_115_417_36_0_44_41_64_0_0_0_0_0_24_0_[0, 64, 15, 31, 52, 14, -106, 0]_[0, 64, 1, 0]
116_116_417_36_0_44_41_64_0_0_0_0_0_24_0_[0, 64, 15, 31, 52, 14, -106, 0]_[0, 64, 1, 0]
117_117_417_36_0_44_41_64_0_0_0_0_0_24_0_[0, 64, 15, 31, 52, 14, -106, 0]_[0, 64, 1, 0]
118_118_417_36_0_44_41_64_0_0_0_0_0_24_0_[0, 64, 15, 31, 52, 14, -106, 0]_[0, 64, 1, 0]
119_119_417_36_0_44_41_64_0_0_0_0_0_24_0_[0, 64, 15, 31, 52, 14, -106, 0]_[0, 64, 1, 0]
120_120_417_36_0_44_41_64_0_0_0_0_0_24_0_[0, 64, 15, 31, 52, 14, -106, 0]_[0, 64, 1, 0]
121_121_417_36_0_44_41_64_0_0_0_0_0_24_0_[0, 64, 15, 31, 52, 14, -106, 0]_[0, 64, 1, 0]
122_122_417_36_0_44_41_64_0_0_0_0_0_24_0_[0, 64, 15, 31, 52, 14, -106, 0]_[0, 64, 1, 0]
123_123_417_36_0_44_41_64_0_0_0_0_0_24_0_[0, 64, 15, 31, 52, 14, -106, 0]_[0, 64, 1, 0]
124_124_417_36_0_44_41_64_0_0_0_0_0_24_0_[0, 64, 15, 31, 52, 14, -106, 0]_[0, 64, 1, 0]
125_125_417_36_0_44_41_64_0_0_0_0_0_24_0_[0, 64, 15, 31, 52, 14, -106, 0]_[0, 64, 1, 0]
126_126_417_36_0_44_41_64_0_0_0_0_0_24_0_[0, 64, 15, 31, 52, 14, -106, 0]_[0, 64, 1, 0]
127_127_417_36_0_44_41_64_0_0_0_0_0_24_0_[0, 64, 15, 31, 52, 14, -106, 0]_[0, 64, 1, 0]
