0_0_380_36_0_30_32_64_0_3_0_35_0_24_0_null_[0, 64, 3, 7, 9, 0]
1_1_380_36_0_30_32_64_0_3_0_35_0_24_0_null_[0, 64, 3, 7, 9, 0]
2_2_380_36_0_30_32_64_0_3_0_35_0_24_0_null_[0, 64, 3, 7, 9, 0]
3_3_380_36_0_30_32_64_0_3_0_35_0_24_0_null_[0, 64, 3, 7, 9, 0]
4_4_380_36_0_30_32_64_0_3_0_35_0_24_0_null_[0, 64, 3, 7, 9, 0]
5_5_380_36_0_30_32_64_0_3_0_35_0_24_0_null_[0, 64, 3, 7, 9, 0]
6_6_380_36_0_30_32_64_0_3_0_35_0_24_0_null_[0, 64, 3, 7, 9, 0]
7_7_380_36_0_30_32_64_0_3_0_35_0_24_0_null_[0, 64, 3, 7, 9, 0]
8_8_380_36_0_30_32_64_0_3_0_35_0_24_0_null_[0, 64, 3, 7, 9, 0]
9_9_380_36_0_30_32_64_0_3_0_35_0_24_0_null_[0, 64, 3, 7, 9, 0]
10_10_380_36_0_30_32_64_0_3_0_35_0_24_0_null_[0, 64, 3, 7, 9, 0]
11_11_380_36_0_30_32_64_0_3_0_35_0_24_0_null_[0, 64, 3, 7, 9, 0]
12_12_380_36_0_30_32_64_0_3_0_35_0_24_0_null_[0, 64, 3, 7, 9, 0]
13_13_380_36_0_30_32_64_0_3_0_35_0_24_0_null_[0, 64, 3, 7, 9, 0]
14_14_380_36_0_30_32_64_0_3_0_35_0_24_0_null_[0, 64, 3, 7, 9, 0]
15_15_380_36_0_30_32_64_0_3_0_35_0_24_0_null_[0, 64, 3, 7, 9, 0]
16_16_380_36_0_30_32_64_0_3_0_35_0_24_0_null_[0, 64, 3, 7, 9, 0]
17_17_380_36_0_30_32_64_0_3_0_35_0_24_0_null_[0, 64, 3, 7, 9, 0]
18_18_380_36_0_30_32_64_0_3_0_35_0_24_0_null_[0, 64, 3, 7, 9, 0]
19_19_380_36_0_30_32_64_0_3_0_35_0_24_0_null_[0, 64, 3, 7, 9, 0]
20_20_380_36_0_30_32_64_0_3_0_35_0_24_0_null_[0, 64, 3, 7, 9, 0]
21_21_380_36_0_30_32_64_0_3_0_35_0_24_0_null_[0, 64, 3, 7, 9, 0]
22_22_380_36_0_30_32_64_0_3_0_35_0_24_0_null_[0, 64, 3, 7, 9, 0]
23_23_380_36_0_30_32_64_0_3_0_35_0_24_0_null_[0, 64, 3, 7, 9, 0]
24_24_380_36_0_30_32_64_0_3_0_35_0_24_0_null_[0, 64, 3, 7, 9, 0]
25_25_380_36_0_30_32_64_0_3_0_35_0_24_0_null_[0, 64, 3, 7, 9, 0]
26_26_380_36_0_30_32_64_0_3_0_35_0_24_0_null_[0, 64, 3, 7, 9, 0]
27_27_380_36_0_30_32_64_0_3_0_35_0_24_0_null_[0, 64, 3, 7, 9, 0]
28_28_380_36_0_30_32_64_0_3_0_35_0_24_0_null_[0, 64, 3, 7, 9, 0]
29_29_380_36_0_30_32_64_0_3_0_35_0_24_0_null_[0, 64, 3, 7, 9, 0]
30_30_380_36_0_30_32_64_0_3_0_35_0_24_0_null_[0, 64, 3, 7, 9, 0]
31_31_380_36_0_30_32_64_0_3_0_35_0_24_0_null_[0, 64, 3, 7, 9, 0]
32_32_380_36_0_30_32_64_0_3_0_35_0_24_0_null_[0, 64, 3, 7, 9, 0]
33_33_380_36_0_30_32_64_0_3_0_35_0_24_0_null_[0, 64, 3, 7, 9, 0]
34_34_380_36_0_30_32_64_0_3_0_35_0_24_0_null_[0, 64, 3, 7, 9, 0]
35_35_380_36_0_30_32_64_0_3_0_35_0_24_0_null_[0, 64, 3, 7, 9, 0]
36_36_380_36_0_30_32_64_0_3_0_35_0_24_0_null_[0, 64, 3, 7, 9, 0]
37_37_380_36_0_30_32_64_0_3_0_35_0_24_0_null_[0, 64, 3, 7, 9, 0]
38_38_380_36_0_30_32_64_0_3_0_35_0_24_0_null_[0, 64, 3, 7, 9, 0]
39_39_380_36_0_30_32_64_0_3_0_35_0_24_0_null_[0, 64, 3, 7, 9, 0]
40_40_380_36_0_30_32_64_0_3_0_35_0_24_0_null_[0, 64, 3, 7, 9, 0]
41_41_380_36_0_30_32_64_0_3_0_35_0_24_0_null_[0, 64, 3, 7, 9, 0]
42_42_380_36_0_30_32_64_0_3_0_35_0_24_0_null_[0, 64, 3, 7, 9, 0]
43_43_486_48_0_30_32_64_0_3_0_35_0_24_0_null_[0, 64, 3, 7, 9, 0]
44_44_486_48_0_30_32_64_0_3_0_35_0_24_0_null_[0, 64, 3, 7, 9, 0]
45_45_486_48_0_30_32_64_0_3_0_35_0_24_0_null_[0, 64, 3, 7, 9, 0]
46_46_486_48_0_30_32_64_0_3_0_35_0_24_0_null_[0, 64, 3, 7, 9, 0]
47_47_486_48_0_30_32_64_0_3_0_35_0_24_0_null_[0, 64, 3, 7, 9, 0]
48_48_486_48_0_30_32_64_0_3_0_35_0_24_0_null_[0, 64, 3, 7, 9, 0]
49_49_486_48_0_30_32_64_0_3_0_35_0_24_0_null_[0, 64, 3, 7, 9, 0]
50_50_486_48_0_30_32_64_0_3_0_35_0_24_0_null_[0, 64, 3, 7, 9, 0]
51_51_486_48_0_30_32_64_0_3_0_35_0_24_0_null_[0, 64, 3, 7, 9, 0]
52_52_486_48_0_30_32_64_0_3_0_35_0_24_0_null_[0, 64, 3, 7, 9, 0]
53_53_486_48_0_30_32_64_0_3_0_35_0_24_0_null_[0, 64, 3, 7, 9, 0]
54_54_486_48_0_30_32_64_0_3_0_35_0_24_0_null_[0, 64, 3, 7, 9, 0]
55_55_15_60_0_30_32_64_0_3_0_35_0_24_0_null_[0, 64, 3, 7, 9, 0]
56_56_15_60_0_30_32_64_0_3_0_35_0_24_0_null_[0, 64, 3, 7, 9, 0]
57_57_15_60_0_30_32_64_0_3_0_35_0_24_0_null_[0, 64, 3, 7, 9, 0]
58_58_15_60_0_30_32_64_0_3_0_35_0_24_0_null_[0, 64, 3, 7, 9, 0]
59_59_15_60_0_30_32_64_0_3_0_35_0_24_0_null_[0, 64, 3, 7, 9, 0]
60_60_15_60_0_30_32_64_0_3_0_35_0_24_0_null_[0, 64, 3, 7, 9, 0]
61_61_15_60_0_30_32_64_0_3_0_35_0_24_0_null_[0, 64, 3, 7, 9, 0]
62_62_15_60_0_30_32_64_0_3_0_35_0_24_0_null_[0, 64, 3, 7, 9, 0]
63_63_15_60_0_30_32_64_0_3_0_35_0_24_0_null_[0, 64, 3, 7, 9, 0]
64_64_15_60_0_30_32_64_0_3_0_35_0_24_0_null_[0, 64, 3, 7, 9, 0]
65_65_15_60_0_30_32_64_0_3_0_35_0_24_0_null_[0, 64, 3, 7, 9, 0]
66_66_15_60_0_30_32_64_0_3_0_35_0_24_0_null_[0, 64, 3, 7, 9, 0]
67_67_16_72_0_30_32_64_0_3_0_35_0_24_0_null_[0, 64, 3, 7, 9, 0]
68_68_16_72_0_30_32_64_0_3_0_35_0_24_0_null_[0, 64, 3, 7, 9, 0]
69_69_16_72_0_30_32_64_0_3_0_35_0_24_0_null_[0, 64, 3, 7, 9, 0]
70_70_16_72_0_30_32_64_0_3_0_35_0_24_0_null_[0, 64, 3, 7, 9, 0]
71_71_16_72_0_30_32_64_0_3_0_35_0_24_0_null_[0, 64, 3, 7, 9, 0]
72_72_16_72_0_30_32_64_0_3_0_35_0_24_0_null_[0, 64, 3, 7, 9, 0]
73_73_16_72_0_30_32_64_0_3_0_35_0_24_0_null_[0, 64, 3, 7, 9, 0]
74_74_16_72_0_30_32_64_0_3_0_35_0_24_0_null_[0, 64, 3, 7, 9, 0]
75_75_16_72_0_30_32_64_0_3_0_35_0_24_0_null_[0, 64, 3, 7, 9, 0]
76_76_16_72_0_30_32_64_0_3_0_35_0_24_0_null_[0, 64, 3, 7, 9, 0]
77_77_16_72_0_30_32_64_0_3_0_35_0_24_0_null_[0, 64, 3, 7, 9, 0]
78_78_16_72_0_30_32_64_0_3_0_35_0_24_0_null_[0, 64, 3, 7, 9, 0]
79_79_502_84_0_30_32_64_0_3_0_35_0_24_0_null_[0, 64, 3, 7, 9, 0]
80_80_502_84_0_30_32_64_0_3_0_35_0_24_0_null_[0, 64, 3, 7, 9, 0]
81_81_502_84_0_30_32_64_0_3_0_35_0_24_0_null_[0, 64, 3, 7, 9, 0]
82_82_502_84_0_30_32_64_0_3_0_35_0_24_0_null_[0, 64, 3, 7, 9, 0]
83_83_502_84_0_30_32_64_0_3_0_35_0_24_0_null_[0, 64, 3, 7, 9, 0]
84_84_502_84_0_30_32_64_0_3_0_35_0_24_0_null_[0, 64, 3, 7, 9, 0]
85_85_502_84_0_30_32_64_0_3_0_35_0_24_0_null_[0, 64, 3, 7, 9, 0]
86_86_502_84_0_30_32_64_0_3_0_35_0_24_0_null_[0, 64, 3, 7, 9, 0]
87_87_502_84_0_30_32_64_0_3_0_35_0_24_0_null_[0, 64, 3, 7, 9, 0]
88_88_502_84_0_30_32_64_0_3_0_35_0_24_0_null_[0, 64, 3, 7, 9, 0]
89_89_502_84_0_30_32_64_0_3_0_35_0_24_0_null_[0, 64, 3, 7, 9, 0]
90_90_502_84_0_30_32_64_0_3_0_35_0_24_0_null_[0, 64, 3, 7, 9, 0]
91_91_569_96_0_30_32_64_0_3_0_35_0_24_0_null_[0, 64, 3, 7, 9, 0]
92_92_569_96_0_30_32_64_0_3_0_35_0_24_0_null_[0, 64, 3, 7, 9, 0]
93_93_569_96_0_30_32_64_0_3_0_35_0_24_0_null_[0, 64, 3, 7, 9, 0]
94_94_569_96_0_30_32_64_0_3_0_35_0_24_0_null_[0, 64, 3, 7, 9, 0]
95_95_569_96_0_30_32_64_0_3_0_35_0_24_0_null_[0, 64, 3, 7, 9, 0]
96_96_569_96_0_30_32_64_0_3_0_35_0_24_0_null_[0, 64, 3, 7, 9, 0]
97_97_569_96_0_30_32_64_0_3_0_35_0_24_0_null_[0, 64, 3, 7, 9, 0]
98_98_569_96_0_30_32_64_0_3_0_35_0_24_0_null_[0, 64, 3, 7, 9, 0]
99_99_569_96_0_30_32_64_0_3_0_35_0_24_0_null_[0, 64, 3, 7, 9, 0]
100_100_569_96_0_30_32_64_0_3_0_35_0_24_0_null_[0, 64, 3, 7, 9, 0]
101_101_569_96_0_30_32_64_0_3_0_35_0_24_0_null_[0, 64, 3, 7, 9, 0]
102_102_569_96_0_30_32_64_0_3_0_35_0_24_0_null_[0, 64, 3, 7, 9, 0]
103_103_569_96_0_30_32_64_0_3_0_35_0_24_0_null_[0, 64, 3, 7, 9, 0]
104_104_569_96_0_30_32_64_0_3_0_35_0_24_0_null_[0, 64, 3, 7, 9, 0]
105_105_569_96_0_30_32_64_0_3_0_35_0_24_0_null_[0, 64, 3, 7, 9, 0]
106_106_569_96_0_30_32_64_0_3_0_35_0_24_0_null_[0, 64, 3, 7, 9, 0]
107_107_569_96_0_30_32_64_0_3_0_35_0_24_0_null_[0, 64, 3, 7, 9, 0]
108_108_569_96_0_30_32_64_0_3_0_35_0_24_0_null_[0, 64, 3, 7, 9, 0]
109_109_569_96_0_30_32_64_0_3_0_35_0_24_0_null_[0, 64, 3, 7, 9, 0]
110_110_569_96_0_30_32_64_0_3_0_35_0_24_0_null_[0, 64, 3, 7, 9, 0]
111_111_569_96_0_30_32_64_0_3_0_35_0_24_0_null_[0, 64, 3, 7, 9, 0]
112_112_569_96_0_30_32_64_0_3_0_35_0_24_0_null_[0, 64, 3, 7, 9, 0]
113_113_569_96_0_30_32_64_0_3_0_35_0_24_0_null_[0, 64, 3, 7, 9, 0]
114_114_569_96_0_30_32_64_0_3_0_35_0_24_0_null_[0, 64, 3, 7, 9, 0]
115_115_569_96_0_30_32_64_0_3_0_35_0_24_0_null_[0, 64, 3, 7, 9, 0]
116_116_569_96_0_30_32_64_0_3_0_35_0_24_0_null_[0, 64, 3, 7, 9, 0]
117_117_569_96_0_30_32_64_0_3_0_35_0_24_0_null_[0, 64, 3, 7, 9, 0]
118_118_569_96_0_30_32_64_0_3_0_35_0_24_0_null_[0, 64, 3, 7, 9, 0]
119_119_569_96_0_30_32_64_0_3_0_35_0_24_0_null_[0, 64, 3, 7, 9, 0]
120_120_569_96_0_30_32_64_0_3_0_35_0_24_0_null_[0, 64, 3, 7, 9, 0]
121_121_569_96_0_30_32_64_0_3_0_35_0_24_0_null_[0, 64, 3, 7, 9, 0]
122_122_569_96_0_30_32_64_0_3_0_35_0_24_0_null_[0, 64, 3, 7, 9, 0]
123_123_569_96_0_30_32_64_0_3_0_35_0_24_0_null_[0, 64, 3, 7, 9, 0]
124_124_569_96_0_30_32_64_0_3_0_35_0_24_0_null_[0, 64, 3, 7, 9, 0]
125_125_569_96_0_30_32_64_0_3_0_35_0_24_0_null_[0, 64, 3, 7, 9, 0]
126_126_569_96_0_30_32_64_0_3_0_35_0_24_0_null_[0, 64, 3, 7, 9, 0]
127_127_569_96_0_30_32_64_0_3_0_35_0_24_0_null_[0, 64, 3, 7, 9, 0]
