0_0_410_36_0_50_31_64_0_0_0_0_6_34_41_null_[0, 64, 2, 23, 5, 7, 10, 0]
1_1_410_36_0_50_31_64_0_0_0_0_6_34_41_null_[0, 64, 2, 23, 5, 7, 10, 0]
2_2_410_36_0_50_31_64_0_0_0_0_6_34_41_null_[0, 64, 2, 23, 5, 7, 10, 0]
3_3_410_36_0_50_31_64_0_0_0_0_6_34_41_null_[0, 64, 2, 23, 5, 7, 10, 0]
4_4_410_36_0_50_31_64_0_0_0_0_6_34_41_null_[0, 64, 2, 23, 5, 7, 10, 0]
5_5_410_36_0_50_31_64_0_0_0_0_6_34_41_null_[0, 64, 2, 23, 5, 7, 10, 0]
6_6_410_36_0_50_31_64_0_0_0_0_6_34_41_null_[0, 64, 2, 23, 5, 7, 10, 0]
7_7_410_36_0_50_31_64_0_0_0_0_6_34_41_null_[0, 64, 2, 23, 5, 7, 10, 0]
8_8_410_36_0_50_31_64_0_0_0_0_6_34_41_null_[0, 64, 2, 23, 5, 7, 10, 0]
9_9_410_36_0_50_31_64_0_0_0_0_6_34_41_null_[0, 64, 2, 23, 5, 7, 10, 0]
10_10_410_36_0_50_31_64_0_0_0_0_6_34_41_null_[0, 64, 2, 23, 5, 7, 10, 0]
11_11_410_36_0_50_31_64_0_0_0_0_6_34_41_null_[0, 64, 2, 23, 5, 7, 10, 0]
12_12_410_36_0_50_31_64_0_0_0_0_6_34_41_null_[0, 64, 2, 23, 5, 7, 10, 0]
13_13_410_36_0_50_31_64_0_0_0_0_6_34_41_null_[0, 64, 2, 23, 5, 7, 10, 0]
14_14_410_36_0_50_31_64_0_0_0_0_6_34_41_null_[0, 64, 2, 23, 5, 7, 10, 0]
15_15_410_36_0_50_31_64_0_0_0_0_6_34_41_null_[0, 64, 2, 23, 5, 7, 10, 0]
16_16_410_36_0_50_31_64_0_0_0_0_6_34_41_null_[0, 64, 2, 23, 5, 7, 10, 0]
17_17_410_36_0_50_31_64_0_0_0_0_6_34_41_null_[0, 64, 2, 23, 5, 7, 10, 0]
18_18_410_36_0_50_31_64_0_0_0_0_6_34_41_null_[0, 64, 2, 23, 5, 7, 10, 0]
19_19_410_36_0_50_31_64_0_0_0_0_6_34_41_null_[0, 64, 2, 23, 5, 7, 10, 0]
20_20_410_36_0_50_31_64_0_0_0_0_6_34_41_null_[0, 64, 2, 23, 5, 7, 10, 0]
21_21_410_36_0_50_31_64_0_0_0_0_6_34_41_null_[0, 64, 2, 23, 5, 7, 10, 0]
22_22_410_36_0_50_31_64_0_0_0_0_6_34_41_null_[0, 64, 2, 23, 5, 7, 10, 0]
23_23_410_36_0_50_31_64_0_0_0_0_6_34_41_null_[0, 64, 2, 23, 5, 7, 10, 0]
24_24_410_36_0_50_31_64_0_0_0_0_6_34_41_null_[0, 64, 2, 23, 5, 7, 10, 0]
25_25_410_36_0_50_31_64_0_0_0_0_6_34_41_null_[0, 64, 2, 23, 5, 7, 10, 0]
26_26_410_36_0_50_31_64_0_0_0_0_6_34_41_null_[0, 64, 2, 23, 5, 7, 10, 0]
27_27_410_36_0_50_31_64_0_0_0_0_6_34_41_null_[0, 64, 2, 23, 5, 7, 10, 0]
28_28_410_36_0_50_31_64_0_0_0_0_6_34_41_null_[0, 64, 2, 23, 5, 7, 10, 0]
29_29_410_36_0_50_31_64_0_0_0_0_6_34_41_null_[0, 64, 2, 23, 5, 7, 10, 0]
30_30_410_36_0_50_31_64_0_0_0_0_6_34_41_null_[0, 64, 2, 23, 5, 7, 10, 0]
31_31_410_36_0_50_31_64_0_0_0_0_6_34_41_null_[0, 64, 2, 23, 5, 7, 10, 0]
32_32_410_36_0_50_31_64_0_0_0_0_6_34_41_null_[0, 64, 2, 23, 5, 7, 10, 0]
33_33_410_36_0_50_31_64_0_0_0_0_6_34_41_null_[0, 64, 2, 23, 5, 7, 10, 0]
34_34_410_36_0_50_31_64_0_0_0_0_6_34_41_null_[0, 64, 2, 23, 5, 7, 10, 0]
35_35_410_36_0_50_31_64_0_0_0_0_6_34_41_null_[0, 64, 2, 23, 5, 7, 10, 0]
36_36_410_36_0_50_31_64_0_0_0_0_6_34_41_null_[0, 64, 2, 23, 5, 7, 10, 0]
37_37_410_36_0_50_31_64_0_0_0_0_6_34_41_null_[0, 64, 2, 23, 5, 7, 10, 0]
38_38_410_36_0_50_31_64_0_0_0_0_6_34_41_null_[0, 64, 2, 23, 5, 7, 10, 0]
39_39_410_36_0_50_31_64_0_0_0_0_6_34_41_null_[0, 64, 2, 23, 5, 7, 10, 0]
40_40_410_36_0_50_31_64_0_0_0_0_6_34_41_null_[0, 64, 2, 23, 5, 7, 10, 0]
41_41_410_36_0_50_31_64_0_0_0_0_6_34_41_null_[0, 64, 2, 23, 5, 7, 10, 0]
42_42_410_36_0_50_31_64_0_0_0_0_6_34_41_null_[0, 64, 2, 23, 5, 7, 10, 0]
43_43_410_36_0_50_31_64_0_0_0_0_6_34_41_null_[0, 64, 2, 23, 5, 7, 10, 0]
44_44_410_36_0_50_31_64_0_0_0_0_6_34_41_null_[0, 64, 2, 23, 5, 7, 10, 0]
45_45_410_36_0_50_19_64_0_0_0_0_6_34_41_null_[0, 64, 2, 23, 5, 7, 10, 0]
46_46_410_36_0_50_19_64_0_0_0_0_6_34_41_null_[0, 64, 2, 23, 5, 7, 10, 0]
47_47_483_49_0_50_19_64_0_0_0_0_6_34_41_null_[0, 64, 2, 23, 5, 7, 10, 0]
48_48_483_49_0_50_19_64_0_0_0_0_6_34_41_null_[0, 64, 2, 23, 5, 7, 10, 0]
49_49_483_49_0_50_19_64_0_0_0_0_6_34_41_null_[0, 64, 2, 23, 5, 7, 10, 0]
50_50_483_49_0_50_19_64_0_0_0_0_6_34_41_null_[0, 64, 2, 23, 5, 7, 10, 0]
51_51_483_49_0_50_19_64_0_0_0_0_6_34_41_null_[0, 64, 2, 23, 5, 7, 10, 0]
52_52_483_49_0_50_19_64_0_0_0_0_6_34_41_null_[0, 64, 2, 23, 5, 7, 10, 0]
53_53_483_49_0_50_19_64_0_0_0_0_6_34_41_null_[0, 64, 2, 23, 5, 7, 10, 0]
54_54_483_49_0_50_55_64_0_0_0_0_6_34_41_null_[0, 64, 2, 23, 5, 7, 10, 0]
55_55_483_49_0_50_55_64_0_0_0_0_6_34_41_null_[0, 64, 2, 23, 5, 7, 10, 0]
56_56_533_60_0_50_55_64_0_0_0_0_6_34_41_null_[0, 64, 2, 23, 5, 7, 10, 0]
57_57_533_60_0_50_55_64_0_0_0_0_6_34_41_null_[0, 64, 2, 23, 5, 7, 10, 0]
58_58_533_60_0_50_55_64_0_0_0_0_6_34_41_null_[0, 64, 2, 23, 5, 7, 10, 0]
59_59_533_60_0_50_55_64_0_0_0_0_6_34_41_null_[0, 64, 2, 23, 5, 7, 10, 0]
60_60_533_60_0_50_55_64_0_0_0_0_6_34_41_null_[0, 64, 2, 23, 5, 7, 10, 0]
61_61_533_60_0_50_55_64_0_0_0_0_6_34_41_null_[0, 64, 2, 23, 5, 7, 10, 0]
62_62_533_60_0_50_55_64_0_0_0_0_6_34_41_null_[0, 64, 2, 23, 5, 7, 10, 0]
63_63_533_60_0_50_55_64_0_0_0_0_6_34_41_null_[0, 64, 2, 23, 5, 7, 10, 0]
64_64_533_60_0_50_55_64_0_0_0_0_6_34_41_null_[0, 64, 2, 23, 5, 7, 10, 0]
65_65_533_60_0_50_55_64_0_0_0_0_6_34_41_null_[0, 64, 2, 23, 5, 7, 10, 0]
66_66_533_60_0_50_55_64_0_0_0_0_6_34_41_null_[0, 64, 2, 23, 5, 7, 10, 0]
67_67_533_60_0_50_55_64_0_0_0_0_6_34_41_null_[0, 64, 2, 23, 5, 7, 10, 0]
68_68_533_60_0_50_55_64_0_0_0_0_6_34_41_null_[0, 64, 2, 23, 5, 7, 10, 0]
69_69_533_60_0_50_55_64_0_0_0_0_6_34_41_null_[0, 64, 2, 23, 5, 7, 10, 0]
70_70_533_60_0_50_55_64_0_0_0_0_6_34_41_null_[0, 64, 2, 23, 5, 7, 10, 0]
71_71_533_60_0_50_55_64_0_0_0_0_6_34_41_null_[0, 64, 2, 23, 5, 7, 10, 0]
72_72_533_60_0_50_55_64_0_0_0_0_6_34_41_null_[0, 64, 2, 23, 5, 7, 10, 0]
73_73_533_60_0_50_32_64_0_0_0_0_6_34_41_null_[0, 64, 2, 23, 5, 7, 10, 0]
74_74_533_60_0_50_32_64_0_0_0_0_6_34_41_null_[0, 64, 2, 23, 5, 7, 10, 0]
75_75_533_60_0_50_32_64_0_0_0_0_6_34_41_null_[0, 64, 2, 23, 5, 7, 10, 0]
76_76_533_60_0_50_32_64_0_0_0_0_6_34_41_null_[0, 64, 2, 23, 5, 7, 10, 0]
77_77_533_60_0_50_32_64_0_0_0_0_6_34_41_null_[0, 64, 2, 23, 5, 7, 10, 0]
78_78_533_60_0_50_32_64_0_0_0_0_6_34_41_null_[0, 64, 2, 23, 5, 7, 10, 0]
79_79_533_60_0_50_32_64_0_0_0_0_6_34_41_null_[0, 64, 2, 23, 5, 7, 10, 0]
80_80_533_60_0_50_32_64_0_0_0_0_6_34_41_null_[0, 64, 2, 23, 5, 7, 10, 0]
81_81_533_60_0_50_32_64_0_0_0_0_6_34_41_null_[0, 64, 2, 23, 5, 7, 10, 0]
82_82_533_60_0_50_32_64_0_0_0_0_6_34_41_null_[0, 64, 2, 23, 5, 7, 10, 0]
83_83_533_60_0_50_32_64_0_0_0_0_6_34_41_null_[0, 64, 2, 23, 5, 7, 10, 0]
84_84_533_60_0_50_32_64_0_0_0_0_6_34_41_null_[0, 64, 2, 23, 5, 7, 10, 0]
85_85_533_60_0_50_32_64_0_0_0_0_6_34_41_null_[0, 64, 2, 23, 5, 7, 10, 0]
86_86_533_60_0_50_32_64_0_0_0_0_6_34_41_null_[0, 64, 2, 23, 5, 7, 10, 0]
87_87_533_60_0_50_32_64_0_0_0_0_6_34_41_null_[0, 64, 2, 23, 5, 7, 10, 0]
88_88_533_60_0_50_32_64_0_0_0_0_6_34_41_null_[0, 64, 2, 23, 5, 7, 10, 0]
89_89_533_60_0_50_32_64_0_0_0_0_6_34_41_null_[0, 64, 2, 23, 5, 7, 10, 0]
90_90_533_60_0_50_32_64_0_0_0_0_6_34_41_null_[0, 64, 2, 23, 5, 7, 10, 0]
91_91_533_60_0_50_32_64_0_0_0_0_6_34_41_null_[0, 64, 2, 23, 5, 7, 10, 0]
92_92_533_60_0_50_32_64_0_0_0_0_6_34_41_null_[0, 64, 2, 23, 5, 7, 10, 0]
93_93_533_60_0_50_32_64_0_0_0_0_6_34_41_null_[0, 64, 2, 23, 5, 7, 10, 0]
94_94_533_60_0_50_32_64_0_0_0_0_6_34_41_null_[0, 64, 2, 23, 5, 7, 10, 0]
95_95_533_60_0_50_32_64_0_0_0_0_6_34_41_null_[0, 64, 2, 23, 5, 7, 10, 0]
96_96_533_60_0_50_32_64_0_0_0_0_6_34_41_null_[0, 64, 2, 23, 5, 7, 10, 0]
97_97_533_60_0_50_32_64_0_0_0_0_6_34_41_null_[0, 64, 2, 23, 5, 7, 10, 0]
98_98_533_60_0_50_32_64_0_0_0_0_6_34_41_null_[0, 64, 2, 23, 5, 7, 10, 0]
99_99_533_60_0_50_32_64_0_0_0_0_6_34_41_null_[0, 64, 2, 23, 5, 7, 10, 0]
100_100_533_60_0_50_32_64_0_0_0_0_6_34_41_null_[0, 64, 2, 23, 5, 7, 10, 0]
101_101_533_60_0_50_32_64_0_0_0_0_6_34_41_null_[0, 64, 2, 23, 5, 7, 10, 0]
102_102_533_60_0_50_32_64_0_0_0_0_6_34_41_null_[0, 64, 2, 23, 5, 7, 10, 0]
103_103_533_60_0_50_32_64_0_0_0_0_6_34_41_null_[0, 64, 2, 23, 5, 7, 10, 0]
104_104_533_60_0_50_32_64_0_0_0_0_6_34_41_null_[0, 64, 2, 23, 5, 7, 10, 0]
105_105_533_60_0_50_32_64_0_0_0_0_6_34_41_null_[0, 64, 2, 23, 5, 7, 10, 0]
106_106_533_60_0_50_32_64_0_0_0_0_6_34_41_null_[0, 64, 2, 23, 5, 7, 10, 0]
107_107_533_60_0_50_32_64_0_0_0_0_6_34_41_null_[0, 64, 2, 23, 5, 7, 10, 0]
108_108_533_60_0_50_32_64_0_0_0_0_6_34_41_null_[0, 64, 2, 23, 5, 7, 10, 0]
109_109_533_60_0_50_32_64_0_0_0_0_6_34_41_null_[0, 64, 2, 23, 5, 7, 10, 0]
110_110_533_60_0_50_32_64_0_0_0_0_6_34_41_null_[0, 64, 2, 23, 5, 7, 10, 0]
111_111_533_60_0_50_32_64_0_0_0_0_6_34_41_null_[0, 64, 2, 23, 5, 7, 10, 0]
112_112_533_60_0_50_32_64_0_0_0_0_6_34_41_null_[0, 64, 2, 23, 5, 7, 10, 0]
113_113_533_60_0_50_32_64_0_0_0_0_6_34_41_null_[0, 64, 2, 23, 5, 7, 10, 0]
114_114_533_60_0_50_32_64_0_0_0_0_6_34_41_null_[0, 64, 2, 23, 5, 7, 10, 0]
115_115_533_60_0_50_32_64_0_0_0_0_6_34_41_null_[0, 64, 2, 23, 5, 7, 10, 0]
116_116_533_60_0_50_32_64_0_0_0_0_6_34_41_null_[0, 64, 2, 23, 5, 7, 10, 0]
117_117_533_60_0_50_32_64_0_0_0_0_6_34_41_null_[0, 64, 2, 23, 5, 7, 10, 0]
118_118_533_60_0_50_32_64_0_0_0_0_6_34_41_null_[0, 64, 2, 23, 5, 7, 10, 0]
119_119_533_60_0_50_32_64_0_0_0_0_6_34_41_null_[0, 64, 2, 23, 5, 7, 10, 0]
120_120_533_60_0_50_32_64_0_0_0_0_6_34_41_null_[0, 64, 2, 23, 5, 7, 10, 0]
121_121_533_60_0_50_32_64_0_0_0_0_6_34_41_null_[0, 64, 2, 23, 5, 7, 10, 0]
122_122_533_60_0_50_32_64_0_0_0_0_6_34_41_null_[0, 64, 2, 23, 5, 7, 10, 0]
123_123_533_60_0_50_32_64_0_0_0_0_6_34_41_null_[0, 64, 2, 23, 5, 7, 10, 0]
124_124_533_60_0_50_32_64_0_0_0_0_6_34_41_null_[0, 64, 2, 23, 5, 7, 10, 0]
125_125_533_60_0_50_32_64_0_0_0_0_6_34_41_null_[0, 64, 2, 23, 5, 7, 10, 0]
126_126_533_60_0_50_32_64_0_0_0_0_6_34_41_null_[0, 64, 2, 23, 5, 7, 10, 0]
127_127_533_60_0_50_32_64_0_0_0_0_6_34_41_null_[0, 64, 2, 23, 5, 7, 10, 0]
