0_0_109_31_0_41_32_64_0_0_0_0_0_24_0_null_[0, 64, 1, 0]
1_1_109_31_0_41_32_64_0_0_0_0_0_24_0_null_[0, 64, 1, 0]
2_2_109_31_0_41_32_64_0_0_0_0_0_24_0_null_[0, 64, 1, 0]
3_3_109_31_0_41_32_64_0_0_0_0_0_24_0_null_[0, 64, 1, 0]
4_4_109_31_0_41_32_64_0_0_0_0_0_24_0_null_[0, 64, 1, 0]
5_5_109_31_0_41_32_64_0_0_0_0_0_24_0_null_[0, 64, 1, 0]
6_6_109_31_0_41_32_64_0_0_0_0_0_24_0_null_[0, 64, 1, 0]
7_7_109_31_0_41_32_64_0_0_0_0_0_24_0_null_[0, 64, 1, 0]
8_8_109_31_0_41_32_64_0_0_0_0_0_24_0_null_[0, 64, 1, 0]
9_9_109_31_0_41_32_64_0_0_0_0_0_24_0_null_[0, 64, 1, 0]
10_10_109_31_0_41_32_64_0_0_0_0_0_24_0_null_[0, 64, 1, 0]
11_11_109_31_0_41_32_64_0_0_0_0_0_24_0_null_[0, 64, 1, 0]
12_12_109_31_0_41_32_64_0_0_0_0_0_24_0_null_[0, 64, 1, 0]
13_13_109_31_0_41_32_64_0_0_0_0_0_24_0_null_[0, 64, 1, 0]
14_14_109_31_0_41_32_64_0_0_0_0_0_24_0_null_[0, 64, 1, 0]
15_15_109_31_0_41_32_64_0_0_0_0_0_24_0_null_[0, 64, 1, 0]
16_16_109_31_0_41_32_64_0_0_0_0_0_24_0_null_[0, 64, 1, 0]
17_17_109_31_0_41_32_64_0_0_0_0_0_24_0_null_[0, 64, 1, 0]
18_18_109_31_0_41_32_64_0_0_0_0_0_24_0_null_[0, 64, 1, 0]
19_19_109_31_0_41_32_64_0_0_0_0_0_24_0_null_[0, 64, 1, 0]
20_20_109_31_0_41_32_64_0_0_0_0_0_24_0_null_[0, 64, 1, 0]
21_21_109_31_0_41_32_64_0_0_0_0_0_24_0_null_[0, 64, 1, 0]
22_22_109_31_0_41_32_64_0_0_0_0_0_24_0_null_[0, 64, 1, 0]
23_23_109_31_0_41_32_64_0_0_0_0_0_24_0_null_[0, 64, 1, 0]
24_24_382_46_0_41_32_64_0_0_0_0_0_24_0_null_[0, 64, 1, 0]
25_25_382_46_0_41_32_64_0_0_0_0_0_24_0_null_[0, 64, 1, 0]
26_26_382_46_0_41_32_64_0_0_0_0_0_24_0_null_[0, 64, 1, 0]
27_27_382_46_0_41_32_64_0_0_0_0_0_24_0_null_[0, 64, 1, 0]
28_28_382_46_0_41_32_64_0_0_0_0_0_24_0_null_[0, 64, 1, 0]
29_29_382_46_0_41_32_64_0_0_0_0_0_24_0_null_[0, 64, 1, 0]
30_30_382_46_0_41_32_64_0_0_0_0_0_24_0_null_[0, 64, 1, 0]
31_31_382_46_0_41_32_64_0_0_0_0_0_24_0_null_[0, 64, 1, 0]
32_32_382_46_0_41_32_64_0_0_0_0_0_24_0_null_[0, 64, 1, 0]
33_33_382_46_0_41_32_64_0_0_0_0_0_24_0_null_[0, 64, 1, 0]
34_34_382_46_0_41_32_64_0_0_0_0_0_24_0_null_[0, 64, 1, 0]
35_35_382_46_0_41_32_64_0_0_0_0_0_24_0_null_[0, 64, 1, 0]
36_36_382_46_0_41_32_64_0_0_0_0_0_24_0_null_[0, 64, 1, 0]
37_37_382_46_0_41_32_64_0_0_0_0_0_24_0_null_[0, 64, 1, 0]
38_38_382_46_0_41_32_64_0_0_0_0_0_24_0_null_[0, 64, 1, 0]
39_39_382_46_0_41_32_64_0_0_0_0_0_24_0_null_[0, 64, 1, 0]
40_40_382_46_0_41_32_64_0_0_0_0_0_24_0_null_[0, 64, 1, 0]
41_41_382_46_0_41_32_64_0_0_0_0_0_24_0_null_[0, 64, 1, 0]
42_42_382_46_0_41_32_64_0_0_0_0_0_24_0_null_[0, 64, 1, 0]
43_43_382_46_0_41_32_64_0_0_0_0_0_24_0_null_[0, 64, 1, 0]
44_44_382_46_0_41_32_64_0_0_0_0_0_24_0_null_[0, 64, 1, 0]
45_45_382_46_0_41_32_64_0_0_0_0_0_24_0_null_[0, 64, 1, 0]
46_46_382_46_0_41_32_64_0_0_0_0_0_24_0_null_[0, 64, 1, 0]
47_47_382_46_0_41_32_64_0_0_0_0_0_24_0_null_[0, 64, 1, 0]
48_48_382_46_0_41_32_64_0_0_0_0_0_24_0_null_[0, 64, 1, 0]
49_49_382_46_0_41_32_64_0_0_0_0_0_24_0_null_[0, 64, 1, 0]
50_50_382_46_0_41_32_64_0_0_0_0_0_24_0_null_[0, 64, 1, 0]
51_51_382_46_0_41_32_64_0_0_0_0_0_24_0_null_[0, 64, 1, 0]
52_52_382_46_0_41_32_64_0_0_0_0_0_24_0_null_[0, 64, 1, 0]
53_53_382_46_0_41_32_64_0_0_0_0_0_24_0_null_[0, 64, 1, 0]
54_54_382_46_0_41_32_64_0_0_0_0_0_24_0_null_[0, 64, 1, 0]
55_55_382_46_0_41_32_64_0_0_0_0_0_24_0_null_[0, 64, 1, 0]
56_56_382_46_0_41_32_64_0_0_0_0_0_24_0_null_[0, 64, 1, 0]
57_57_382_46_0_41_32_64_0_0_0_0_0_24_0_null_[0, 64, 1, 0]
58_58_382_46_0_41_32_64_0_0_0_0_0_24_0_null_[0, 64, 1, 0]
59_59_382_46_0_41_32_64_0_0_0_0_0_24_0_null_[0, 64, 1, 0]
60_60_382_46_0_41_32_64_0_0_0_0_0_24_0_null_[0, 64, 1, 0]
61_61_382_46_0_41_32_64_0_0_0_0_0_24_0_null_[0, 64, 1, 0]
62_62_382_46_0_41_32_64_0_0_0_0_0_24_0_null_[0, 64, 1, 0]
63_63_382_46_0_41_32_64_0_0_0_0_0_24_0_null_[0, 64, 1, 0]
64_64_382_46_0_41_32_64_0_0_0_0_0_24_0_null_[0, 64, 1, 0]
65_65_382_46_0_41_32_64_0_0_0_0_0_24_0_null_[0, 64, 1, 0]
66_66_110_60_0_41_32_64_0_0_0_0_0_24_0_null_[0, 64, 1, 0]
67_67_110_60_0_41_32_64_0_0_0_0_0_24_0_null_[0, 64, 1, 0]
68_68_110_60_0_41_32_64_0_0_0_0_0_24_0_null_[0, 64, 1, 0]
69_69_110_60_0_41_32_64_0_0_0_0_0_24_0_null_[0, 64, 1, 0]
70_70_110_60_0_41_32_64_0_0_0_0_0_24_0_null_[0, 64, 1, 0]
71_71_110_60_0_41_32_64_0_0_0_0_0_24_0_null_[0, 64, 1, 0]
72_72_110_60_0_41_32_64_0_0_0_0_0_24_0_null_[0, 64, 1, 0]
73_73_110_60_0_41_32_64_0_0_0_0_0_24_0_null_[0, 64, 1, 0]
74_74_110_60_0_41_32_64_0_0_0_0_0_24_0_null_[0, 64, 1, 0]
75_75_110_60_0_41_32_64_0_0_0_0_0_24_0_null_[0, 64, 1, 0]
76_76_110_60_0_41_32_64_0_0_0_0_0_24_0_null_[0, 64, 1, 0]
77_77_110_60_0_41_32_64_0_0_0_0_0_24_0_null_[0, 64, 1, 0]
78_78_110_60_0_41_32_64_0_0_0_0_0_24_0_null_[0, 64, 1, 0]
79_79_110_60_0_41_32_64_0_0_0_0_0_24_0_null_[0, 64, 1, 0]
80_80_110_60_0_41_32_64_0_0_0_0_0_24_0_null_[0, 64, 1, 0]
81_81_110_60_0_41_32_64_0_0_0_0_0_24_0_null_[0, 64, 1, 0]
82_82_110_60_0_41_32_64_0_0_0_0_0_24_0_null_[0, 64, 1, 0]
83_83_110_60_0_41_32_64_0_0_0_0_0_24_0_null_[0, 64, 1, 0]
84_84_110_60_0_41_32_64_0_0_0_0_0_24_0_null_[0, 64, 1, 0]
85_85_110_60_0_41_32_64_0_0_0_0_0_24_0_null_[0, 64, 1, 0]
86_86_110_60_0_41_32_64_0_0_0_0_0_24_0_null_[0, 64, 1, 0]
87_87_110_60_0_41_32_64_0_0_0_0_0_24_0_null_[0, 64, 1, 0]
88_88_110_60_0_41_32_64_0_0_0_0_0_24_0_null_[0, 64, 1, 0]
89_89_110_60_0_41_32_64_0_0_0_0_0_24_0_null_[0, 64, 1, 0]
90_90_110_60_0_41_32_64_0_0_0_0_0_24_0_null_[0, 64, 1, 0]
91_91_110_60_0_41_32_64_0_0_0_0_0_24_0_null_[0, 64, 1, 0]
92_92_110_60_0_41_32_64_0_0_0_0_0_24_0_null_[0, 64, 1, 0]
93_93_110_60_0_41_32_64_0_0_0_0_0_24_0_null_[0, 64, 1, 0]
94_94_110_60_0_41_32_64_0_0_0_0_0_24_0_null_[0, 64, 1, 0]
95_95_110_60_0_41_32_64_0_0_0_0_0_24_0_null_[0, 64, 1, 0]
96_96_110_60_0_41_32_64_0_0_0_0_0_24_0_null_[0, 64, 1, 0]
97_97_110_60_0_41_32_64_0_0_0_0_0_24_0_null_[0, 64, 1, 0]
98_98_110_60_0_41_32_64_0_0_0_0_0_24_0_null_[0, 64, 1, 0]
99_99_110_60_0_41_32_64_0_0_0_0_0_24_0_null_[0, 64, 1, 0]
100_100_110_60_0_41_32_64_0_0_0_0_0_24_0_null_[0, 64, 1, 0]
101_101_110_60_0_41_32_64_0_0_0_0_0_24_0_null_[0, 64, 1, 0]
102_102_110_60_0_41_32_64_0_0_0_0_0_24_0_null_[0, 64, 1, 0]
103_103_110_60_0_41_32_64_0_0_0_0_0_24_0_null_[0, 64, 1, 0]
104_104_110_60_0_41_32_64_0_0_0_0_0_24_0_null_[0, 64, 1, 0]
105_105_110_60_0_41_32_64_0_0_0_0_0_24_0_null_[0, 64, 1, 0]
106_106_110_60_0_41_32_64_0_0_0_0_0_24_0_null_[0, 64, 1, 0]
107_107_110_60_0_41_32_64_0_0_0_0_0_24_0_null_[0, 64, 1, 0]
108_108_110_60_0_41_32_64_0_0_0_0_0_24_0_null_[0, 64, 1, 0]
109_109_110_60_0_41_32_64_0_0_0_0_0_24_0_null_[0, 64, 1, 0]
110_110_110_60_0_41_32_64_0_0_0_0_0_24_0_null_[0, 64, 1, 0]
111_111_110_60_0_41_32_64_0_0_0_0_0_24_0_null_[0, 64, 1, 0]
112_112_110_60_0_41_32_64_0_0_0_0_0_24_0_null_[0, 64, 1, 0]
113_113_110_60_0_41_32_64_0_0_0_0_0_24_0_null_[0, 64, 1, 0]
114_114_110_60_0_41_32_64_0_0_0_0_0_24_0_null_[0, 64, 1, 0]
115_115_110_60_0_41_32_64_0_0_0_0_0_24_0_null_[0, 64, 1, 0]
116_116_110_60_0_41_32_64_0_0_0_0_0_24_0_null_[0, 64, 1, 0]
117_117_110_60_0_41_32_64_0_0_0_0_0_24_0_null_[0, 64, 1, 0]
118_118_110_60_0_41_32_64_0_0_0_0_0_24_0_null_[0, 64, 1, 0]
119_119_110_60_0_41_32_64_0_0_0_0_0_24_0_null_[0, 64, 1, 0]
120_120_110_60_0_41_32_64_0_0_0_0_0_24_0_null_[0, 64, 1, 0]
121_121_110_60_0_41_32_64_0_0_0_0_0_24_0_null_[0, 64, 1, 0]
122_122_110_60_0_41_32_64_0_0_0_0_0_24_0_null_[0, 64, 1, 0]
123_123_110_60_0_41_32_64_0_0_0_0_0_24_0_null_[0, 64, 1, 0]
124_124_110_60_0_41_32_64_0_0_0_0_0_24_0_null_[0, 64, 1, 0]
125_125_110_60_0_41_32_64_0_0_0_0_0_24_0_null_[0, 64, 1, 0]
126_126_110_60_0_41_32_64_0_0_0_0_0_24_0_null_[0, 64, 1, 0]
127_127_110_60_0_41_32_64_0_0_0_0_0_24_0_null_[0, 64, 1, 0]
