0_0_111_35_0_31_32_64_0_0_0_0_0_24_0_null_[0, 64, 8, 19, 26, 0]
1_1_111_35_0_31_32_64_0_0_0_0_0_24_0_null_[0, 64, 8, 19, 26, 0]
2_2_111_35_0_31_32_64_0_0_0_0_0_24_0_null_[0, 64, 8, 19, 26, 0]
3_3_111_35_0_31_32_64_0_0_0_0_0_24_0_null_[0, 64, 8, 19, 26, 0]
4_4_111_35_0_31_32_64_0_0_0_0_0_24_0_null_[0, 64, 8, 19, 26, 0]
5_5_111_35_0_31_32_64_0_0_0_0_0_24_0_null_[0, 64, 8, 19, 26, 0]
6_6_111_35_0_31_32_64_0_0_0_0_0_24_0_null_[0, 64, 8, 19, 26, 0]
7_7_111_35_0_31_32_64_0_0_0_0_0_24_0_null_[0, 64, 8, 19, 26, 0]
8_8_111_35_0_31_32_64_0_0_0_0_0_24_0_null_[0, 64, 8, 19, 26, 0]
9_9_111_35_0_31_32_64_0_0_0_0_0_24_0_null_[0, 64, 8, 19, 26, 0]
10_10_111_35_0_31_32_64_0_0_0_0_0_24_0_null_[0, 64, 8, 19, 26, 0]
11_11_111_35_0_31_32_64_0_0_0_0_0_24_0_null_[0, 64, 8, 19, 26, 0]
12_12_111_35_0_31_32_64_0_0_0_0_0_24_0_null_[0, 64, 8, 19, 26, 0]
13_13_111_35_0_31_32_64_0_0_0_0_0_24_0_null_[0, 64, 8, 19, 26, 0]
14_14_111_35_0_31_32_64_0_0_0_0_0_24_0_null_[0, 64, 8, 19, 26, 0]
15_15_111_35_0_31_32_64_0_0_0_0_0_24_0_null_[0, 64, 8, 19, 26, 0]
16_16_111_35_0_31_32_64_0_0_0_0_0_24_0_null_[0, 64, 8, 19, 26, 0]
17_17_111_35_0_31_32_64_0_0_0_0_0_24_0_null_[0, 64, 8, 19, 26, 0]
18_18_111_35_0_31_32_64_0_0_0_0_0_24_0_null_[0, 64, 8, 19, 26, 0]
19_19_111_35_0_31_32_64_0_0_0_0_0_24_0_null_[0, 64, 8, 19, 26, 0]
20_20_111_35_0_31_32_64_0_0_0_0_0_24_0_null_[0, 64, 8, 19, 26, 0]
21_21_111_35_0_31_32_64_0_0_0_0_0_24_0_null_[0, 64, 8, 19, 26, 0]
22_22_111_35_0_31_32_64_0_0_0_0_0_24_0_null_[0, 64, 8, 19, 26, 0]
23_23_111_35_0_31_32_64_0_0_0_0_0_24_0_null_[0, 64, 8, 19, 26, 0]
24_24_111_35_0_31_32_64_0_0_0_0_0_24_0_null_[0, 64, 8, 19, 26, 0]
25_25_111_35_0_31_32_64_0_0_0_0_0_24_0_null_[0, 64, 8, 19, 26, 0]
26_26_111_35_0_31_32_64_0_0_0_0_0_24_0_null_[0, 64, 8, 19, 26, 0]
27_27_111_35_0_31_32_64_0_0_0_0_0_24_0_null_[0, 64, 8, 19, 26, 0]
28_28_111_35_0_31_32_64_0_0_0_0_0_24_0_null_[0, 64, 8, 19, 26, 0]
29_29_111_35_0_31_32_64_0_0_0_0_0_24_0_null_[0, 64, 8, 19, 26, 0]
30_30_111_35_0_31_32_64_0_0_0_0_0_24_0_null_[0, 64, 8, 19, 26, 0]
31_31_111_35_0_31_32_64_0_0_0_0_0_24_0_null_[0, 64, 8, 19, 26, 0]
32_32_111_35_0_31_32_64_0_0_0_0_0_24_0_null_[0, 64, 8, 19, 26, 0]
33_33_111_35_0_31_32_64_0_0_0_0_0_24_0_null_[0, 64, 8, 19, 26, 0]
34_34_111_35_0_31_32_64_0_0_0_0_0_24_0_null_[0, 64, 8, 19, 26, 0]
35_35_111_35_0_31_32_64_0_0_0_0_0_24_0_null_[0, 64, 8, 19, 26, 0]
36_36_111_35_0_31_32_64_0_0_0_0_0_24_0_null_[0, 64, 8, 19, 26, 0]
37_37_111_35_0_31_32_64_0_0_0_0_0_24_0_null_[0, 64, 8, 19, 26, 0]
38_38_111_35_0_31_32_64_0_0_0_0_0_24_0_null_[0, 64, 8, 19, 26, 0]
39_39_111_35_0_31_32_64_0_0_0_0_0_24_0_null_[0, 64, 8, 19, 26, 0]
40_40_111_35_0_31_32_64_0_0_0_0_0_24_0_null_[0, 64, 8, 19, 26, 0]
41_41_111_35_0_31_32_64_0_0_0_0_0_24_0_null_[0, 64, 8, 19, 26, 0]
42_42_111_35_0_31_32_64_0_0_0_0_0_24_0_null_[0, 64, 8, 19, 26, 0]
43_43_111_35_0_31_32_64_0_0_0_0_0_24_0_null_[0, 64, 8, 19, 26, 0]
44_44_111_35_0_31_32_64_0_0_0_0_0_24_0_null_[0, 64, 8, 19, 26, 0]
45_45_111_35_0_31_32_64_0_0_0_0_0_24_0_null_[0, 64, 8, 19, 26, 0]
46_46_111_35_0_31_32_64_0_0_0_0_0_24_0_null_[0, 64, 8, 19, 26, 0]
47_47_111_35_0_31_32_64_0_0_0_0_0_24_0_null_[0, 64, 8, 19, 26, 0]
48_48_111_35_0_31_32_64_0_0_0_0_0_24_0_null_[0, 64, 8, 19, 26, 0]
49_49_112_61_0_31_32_64_0_0_0_0_0_24_0_null_[0, 64, 8, 19, 26, 0]
50_50_112_61_0_31_32_64_0_0_0_0_0_24_0_null_[0, 64, 8, 19, 26, 0]
51_51_112_61_0_31_32_64_0_0_0_0_0_24_0_null_[0, 64, 8, 19, 26, 0]
52_52_112_61_0_31_32_64_0_0_0_0_0_24_0_null_[0, 64, 8, 19, 26, 0]
53_53_112_61_0_31_32_64_0_0_0_0_0_24_0_null_[0, 64, 8, 19, 26, 0]
54_54_112_61_0_31_32_64_0_0_0_0_0_24_0_null_[0, 64, 8, 19, 26, 0]
55_55_112_61_0_31_32_64_0_0_0_0_0_24_0_null_[0, 64, 8, 19, 26, 0]
56_56_112_61_0_31_32_64_0_0_0_0_0_24_0_null_[0, 64, 8, 19, 26, 0]
57_57_112_61_0_31_32_64_0_0_0_0_0_24_0_null_[0, 64, 8, 19, 26, 0]
58_58_112_61_0_31_32_64_0_0_0_0_0_24_0_null_[0, 64, 8, 19, 26, 0]
59_59_112_61_0_31_32_64_0_0_0_0_0_24_0_null_[0, 64, 8, 19, 26, 0]
60_60_112_61_0_31_32_64_0_0_0_0_0_24_0_null_[0, 64, 8, 19, 26, 0]
61_61_112_61_0_31_32_64_0_0_0_0_0_24_0_null_[0, 64, 8, 19, 26, 0]
62_62_112_61_0_31_32_64_0_0_0_0_0_24_0_null_[0, 64, 8, 19, 26, 0]
63_63_112_61_0_31_32_64_0_0_0_0_0_24_0_null_[0, 64, 8, 19, 26, 0]
64_64_112_61_0_31_32_64_0_0_0_0_0_24_0_null_[0, 64, 8, 19, 26, 0]
65_65_171_66_0_31_32_64_0_0_0_0_0_24_0_null_[0, 64, 8, 19, 26, 0]
66_66_171_66_0_31_32_64_0_0_0_0_0_24_0_null_[0, 64, 8, 19, 26, 0]
67_67_171_66_0_31_32_64_0_0_0_0_0_24_0_null_[0, 64, 8, 19, 26, 0]
68_68_171_66_0_31_32_64_0_0_0_0_0_24_0_null_[0, 64, 8, 19, 26, 0]
69_69_171_66_0_31_32_64_0_0_0_0_0_24_0_null_[0, 64, 8, 19, 26, 0]
70_70_171_66_0_31_32_64_0_0_0_0_0_24_0_null_[0, 64, 8, 19, 26, 0]
71_71_171_66_0_31_32_64_0_0_0_0_0_24_0_null_[0, 64, 8, 19, 26, 0]
72_72_171_66_0_31_32_64_0_0_0_0_0_24_0_null_[0, 64, 8, 19, 26, 0]
73_73_171_66_0_31_32_64_0_0_0_0_0_24_0_null_[0, 64, 8, 19, 26, 0]
74_74_171_66_0_31_32_64_0_0_0_0_0_24_0_null_[0, 64, 8, 19, 26, 0]
75_75_171_66_0_31_32_64_0_0_0_0_0_24_0_null_[0, 64, 8, 19, 26, 0]
76_76_113_76_0_31_32_64_0_0_0_0_0_24_0_null_[0, 64, 8, 19, 26, 0]
77_77_113_76_0_31_32_64_0_0_0_0_0_24_0_null_[0, 64, 8, 19, 26, 0]
78_78_113_76_0_31_32_64_0_0_0_0_0_24_0_null_[0, 64, 8, 19, 26, 0]
79_79_113_76_0_31_32_64_0_0_0_0_0_24_0_null_[0, 64, 8, 19, 26, 0]
80_80_113_76_0_31_32_64_0_0_0_0_0_24_0_null_[0, 64, 8, 19, 26, 0]
81_81_113_76_0_31_32_64_0_0_0_0_0_24_0_null_[0, 64, 8, 19, 26, 0]
82_82_113_76_0_31_32_64_0_0_0_0_0_24_0_null_[0, 64, 8, 19, 26, 0]
83_83_113_76_0_31_32_64_0_0_0_0_0_24_0_null_[0, 64, 8, 19, 26, 0]
84_84_113_76_0_31_32_64_0_0_0_0_0_24_0_null_[0, 64, 8, 19, 26, 0]
85_85_113_76_0_31_32_64_0_0_0_0_0_24_0_null_[0, 64, 8, 19, 26, 0]
86_86_113_76_0_31_32_64_0_0_0_0_0_24_0_null_[0, 64, 8, 19, 26, 0]
87_87_398_87_0_31_32_64_0_0_0_0_0_24_0_null_[0, 64, 8, 19, 26, 0]
88_88_398_87_0_31_32_64_0_0_0_0_0_24_0_null_[0, 64, 8, 19, 26, 0]
89_89_398_87_0_31_32_64_0_0_0_0_0_24_0_null_[0, 64, 8, 19, 26, 0]
90_90_398_87_0_31_32_64_0_0_0_0_0_24_0_null_[0, 64, 8, 19, 26, 0]
91_91_398_87_0_31_32_64_0_0_0_0_0_24_0_null_[0, 64, 8, 19, 26, 0]
92_92_398_87_0_31_32_64_0_0_0_0_0_24_0_null_[0, 64, 8, 19, 26, 0]
93_93_398_87_0_31_32_64_0_0_0_0_0_24_0_null_[0, 64, 8, 19, 26, 0]
94_94_556_100_0_31_32_64_0_0_0_0_0_24_0_null_[0, 64, 8, 19, 26, 0]
95_95_556_100_0_31_32_64_0_0_0_0_0_24_0_null_[0, 64, 8, 19, 26, 0]
96_96_556_100_0_31_32_64_0_0_0_0_0_24_0_null_[0, 64, 8, 19, 26, 0]
97_97_556_100_0_31_32_64_0_0_0_0_0_24_0_null_[0, 64, 8, 19, 26, 0]
98_98_556_100_0_31_32_64_0_0_0_0_0_24_0_null_[0, 64, 8, 19, 26, 0]
99_99_556_100_0_31_32_64_0_0_0_0_0_24_0_null_[0, 64, 8, 19, 26, 0]
100_100_556_100_0_31_32_64_0_0_0_0_0_24_0_null_[0, 64, 8, 19, 26, 0]
101_101_556_100_0_31_32_64_0_0_0_0_0_24_0_null_[0, 64, 8, 19, 26, 0]
102_102_556_100_0_31_32_64_0_0_0_0_0_24_0_null_[0, 64, 8, 19, 26, 0]
103_103_556_100_0_31_32_64_0_0_0_0_0_24_0_null_[0, 64, 8, 19, 26, 0]
104_104_556_100_0_31_32_64_0_0_0_0_0_24_0_null_[0, 64, 8, 19, 26, 0]
105_105_556_100_0_31_32_64_0_0_0_0_0_24_0_null_[0, 64, 8, 19, 26, 0]
106_106_556_100_0_31_32_64_0_0_0_0_0_24_0_null_[0, 64, 8, 19, 26, 0]
107_107_556_100_0_31_32_64_0_0_0_0_0_24_0_null_[0, 64, 8, 19, 26, 0]
108_108_556_100_0_31_32_64_0_0_0_0_0_24_0_null_[0, 64, 8, 19, 26, 0]
109_109_556_100_0_31_32_64_0_0_0_0_0_24_0_null_[0, 64, 8, 19, 26, 0]
110_110_556_100_0_31_32_64_0_0_0_0_0_24_0_null_[0, 64, 8, 19, 26, 0]
111_111_556_100_0_31_32_64_0_0_0_0_0_24_0_null_[0, 64, 8, 19, 26, 0]
112_112_556_100_0_31_32_64_0_0_0_0_0_24_0_null_[0, 64, 8, 19, 26, 0]
113_113_556_100_0_31_32_64_0_0_0_0_0_24_0_null_[0, 64, 8, 19, 26, 0]
114_114_556_100_0_31_32_64_0_0_0_0_0_24_0_null_[0, 64, 8, 19, 26, 0]
115_115_556_100_0_31_32_64_0_0_0_0_0_24_0_null_[0, 64, 8, 19, 26, 0]
116_116_556_100_0_31_32_64_0_0_0_0_0_24_0_null_[0, 64, 8, 19, 26, 0]
117_117_556_100_0_31_32_64_0_0_0_0_0_24_0_null_[0, 64, 8, 19, 26, 0]
118_118_556_100_0_31_32_64_0_0_0_0_0_24_0_null_[0, 64, 8, 19, 26, 0]
119_119_556_100_0_31_32_64_0_0_0_0_0_24_0_null_[0, 64, 8, 19, 26, 0]
120_120_556_100_0_31_32_64_0_0_0_0_0_24_0_null_[0, 64, 8, 19, 26, 0]
121_121_556_100_0_31_32_64_0_0_0_0_0_24_0_null_[0, 64, 8, 19, 26, 0]
122_122_556_100_0_31_32_64_0_0_0_0_0_24_0_null_[0, 64, 8, 19, 26, 0]
123_123_556_100_0_31_32_64_0_0_0_0_0_24_0_null_[0, 64, 8, 19, 26, 0]
124_124_556_100_0_31_32_64_0_0_0_0_0_24_0_null_[0, 64, 8, 19, 26, 0]
125_125_556_100_0_31_32_64_0_0_0_0_0_24_0_null_[0, 64, 8, 19, 26, 0]
126_126_556_100_0_31_32_64_0_0_0_0_0_24_0_null_[0, 64, 8, 19, 26, 0]
127_127_556_100_0_31_32_64_0_0_0_0_0_24_0_null_[0, 64, 8, 19, 26, 0]
