0_0_122_41_0_39_43_64_0_20_0_0_0_24_0_null_[0, 64, 101, 0]
1_1_122_41_0_39_43_64_0_20_0_0_0_24_0_null_[0, 64, 101, 0]
2_2_122_41_0_39_43_64_0_20_0_0_0_24_0_null_[0, 64, 101, 0]
3_3_122_41_0_39_43_64_0_20_0_0_0_24_0_null_[0, 64, 101, 0]
4_4_122_41_0_39_43_64_0_20_0_0_0_24_0_null_[0, 64, 101, 0]
5_5_122_41_0_39_43_64_0_20_0_0_0_24_0_null_[0, 64, 101, 0]
6_6_122_41_0_39_43_64_0_20_0_0_0_24_0_null_[0, 64, 101, 0]
7_7_122_41_0_39_43_64_0_20_0_0_0_24_0_null_[0, 64, 101, 0]
8_8_122_41_0_39_43_64_0_20_0_0_0_24_0_null_[0, 64, 101, 0]
9_9_122_41_0_39_43_64_0_20_0_0_0_24_0_null_[0, 64, 101, 0]
10_10_122_41_0_39_43_64_0_20_0_0_0_24_0_null_[0, 64, 101, 0]
11_11_122_41_0_39_43_64_0_20_0_0_0_24_0_null_[0, 64, 101, 0]
12_12_122_41_0_39_43_64_0_20_0_0_0_24_0_null_[0, 64, 101, 0]
13_13_122_41_0_39_43_64_0_20_0_0_0_24_0_null_[0, 64, 101, 0]
14_14_122_41_0_39_43_64_0_20_0_0_0_24_0_null_[0, 64, 101, 0]
15_15_122_41_0_39_43_64_0_20_0_0_0_24_0_null_[0, 64, 101, 0]
16_16_122_41_0_39_43_64_0_20_0_0_0_24_0_null_[0, 64, 101, 0]
17_17_122_41_0_39_43_64_0_20_0_0_0_24_0_null_[0, 64, 101, 0]
18_18_122_41_0_39_43_64_0_20_0_0_0_24_0_null_[0, 64, 101, 0]
19_19_122_41_0_39_43_64_0_20_0_0_0_24_0_null_[0, 64, 101, 0]
20_20_122_41_0_39_43_64_0_20_0_0_0_24_0_null_[0, 64, 101, 0]
21_21_122_41_0_39_43_64_0_20_0_0_0_24_0_null_[0, 64, 101, 0]
22_22_122_41_0_39_43_64_0_20_0_0_0_24_0_null_[0, 64, 101, 0]
23_23_122_41_0_39_43_64_0_20_0_0_0_24_0_null_[0, 64, 101, 0]
24_24_122_41_0_39_43_64_0_20_0_0_0_24_0_null_[0, 64, 101, 0]
25_25_122_41_0_39_43_64_0_20_0_0_0_24_0_null_[0, 64, 101, 0]
26_26_122_41_0_39_43_64_0_20_0_0_0_24_0_null_[0, 64, 101, 0]
27_27_122_41_0_39_43_64_0_20_0_0_0_24_0_null_[0, 64, 101, 0]
28_28_122_41_0_39_43_64_0_20_0_0_0_24_0_null_[0, 64, 101, 0]
29_29_122_41_0_39_43_64_0_20_0_0_0_24_0_null_[0, 64, 101, 0]
30_30_122_41_0_39_43_64_0_20_0_0_0_24_0_null_[0, 64, 101, 0]
31_31_122_41_0_39_43_64_0_20_0_0_0_24_0_null_[0, 64, 101, 0]
32_32_122_41_0_39_43_64_0_20_0_0_0_24_0_null_[0, 64, 101, 0]
33_33_122_41_0_39_43_64_0_20_0_0_0_24_0_null_[0, 64, 101, 0]
34_34_122_41_0_39_43_64_0_20_0_0_0_24_0_null_[0, 64, 101, 0]
35_35_122_41_0_39_43_64_0_20_0_0_0_24_0_null_[0, 64, 101, 0]
36_36_122_41_0_39_43_64_0_20_0_0_0_24_0_null_[0, 64, 101, 0]
37_37_122_41_0_39_43_64_0_20_0_0_0_24_0_null_[0, 64, 101, 0]
38_38_122_41_0_39_43_64_0_20_0_0_0_24_0_null_[0, 64, 101, 0]
39_39_122_41_0_39_43_64_0_20_0_0_0_24_0_null_[0, 64, 101, 0]
40_40_122_41_0_39_43_64_0_20_0_0_0_24_0_null_[0, 64, 101, 0]
41_41_122_41_0_39_43_64_0_20_0_0_0_24_0_null_[0, 64, 101, 0]
42_42_122_41_0_39_44_64_0_20_0_0_0_24_0_null_[0, 64, 101, 0]
43_43_122_41_0_39_44_64_0_20_0_0_0_24_0_null_[0, 64, 101, 0]
44_44_123_49_0_39_44_64_0_20_0_0_0_24_0_null_[0, 64, 101, 0]
45_45_123_49_0_39_44_64_0_20_0_0_0_24_0_null_[0, 64, 101, 0]
46_46_123_49_0_39_44_64_0_20_0_0_0_24_0_null_[0, 64, 101, 0]
47_47_123_49_0_39_44_64_0_20_0_0_0_24_0_null_[0, 64, 101, 0]
48_48_123_49_0_39_44_64_0_20_0_0_0_24_0_null_[0, 64, 101, 0]
49_49_123_49_0_39_44_64_0_20_0_0_0_24_0_null_[0, 64, 101, 0]
50_50_123_49_0_39_44_64_0_20_0_0_0_24_0_null_[0, 64, 101, 0]
51_51_123_49_0_39_44_64_0_20_0_0_0_24_0_null_[0, 64, 101, 0]
52_52_123_49_0_39_44_64_0_20_0_0_0_24_0_null_[0, 64, 101, 0]
53_53_123_49_0_39_44_64_0_20_0_0_0_24_0_null_[0, 64, 101, 0]
54_54_123_49_0_39_44_64_0_20_0_0_0_24_0_null_[0, 64, 101, 0]
55_55_123_49_0_39_44_64_0_20_0_0_0_24_0_null_[0, 64, 101, 0]
56_56_123_49_0_39_44_64_0_20_0_0_0_24_0_null_[0, 64, 101, 0]
57_57_124_57_0_39_44_64_0_20_0_0_0_24_0_null_[0, 64, 101, 0]
58_58_124_57_0_39_44_64_0_20_0_0_0_24_0_null_[0, 64, 101, 0]
59_59_124_57_0_39_44_64_0_20_0_0_0_24_0_null_[0, 64, 101, 0]
60_60_124_57_0_39_44_64_0_20_0_0_0_24_0_null_[0, 64, 101, 0]
61_61_124_57_0_39_44_64_0_20_0_0_0_24_0_null_[0, 64, 101, 0]
62_62_124_57_0_39_44_64_0_20_0_0_0_24_0_null_[0, 64, 101, 0]
63_63_124_57_0_39_44_64_0_20_0_0_0_24_0_null_[0, 64, 101, 0]
64_64_124_57_0_39_44_64_0_20_0_0_0_24_0_null_[0, 64, 101, 0]
65_65_124_57_0_39_44_64_0_20_0_0_0_24_0_null_[0, 64, 101, 0]
66_66_124_57_0_39_44_64_0_20_0_0_0_24_0_null_[0, 64, 101, 0]
67_67_124_57_0_39_44_64_0_20_0_0_0_24_0_null_[0, 64, 101, 0]
68_68_124_57_0_39_44_64_0_20_0_0_0_24_0_null_[0, 64, 101, 0]
69_69_124_57_0_39_44_64_0_20_0_0_0_24_0_null_[0, 64, 101, 0]
70_70_124_57_0_39_44_64_0_20_0_0_0_24_0_null_[0, 64, 101, 0]
71_71_124_57_0_39_44_64_0_20_0_0_0_24_0_null_[0, 64, 101, 0]
72_72_124_57_0_39_44_64_0_20_0_0_0_24_0_null_[0, 64, 101, 0]
73_73_124_57_0_39_44_64_0_20_0_0_0_24_0_null_[0, 64, 101, 0]
74_74_124_57_0_39_44_64_0_20_0_0_0_24_0_null_[0, 64, 101, 0]
75_75_124_57_0_39_44_64_0_20_0_0_0_24_0_null_[0, 64, 101, 0]
76_76_124_57_0_39_44_64_0_20_0_0_0_24_0_null_[0, 64, 101, 0]
77_77_124_57_0_39_44_64_0_20_0_0_0_24_0_null_[0, 64, 101, 0]
78_78_124_57_0_39_44_64_0_20_0_0_0_24_0_null_[0, 64, 101, 0]
79_79_124_57_0_39_44_64_0_20_0_0_0_24_0_null_[0, 64, 101, 0]
80_80_124_57_0_39_44_64_0_20_0_0_0_24_0_null_[0, 64, 101, 0]
81_81_124_57_0_39_44_64_0_20_0_0_0_24_0_null_[0, 64, 101, 0]
82_82_124_57_0_39_44_64_0_20_0_0_0_24_0_null_[0, 64, 101, 0]
83_83_124_57_0_39_44_64_0_20_0_0_0_24_0_null_[0, 64, 101, 0]
84_84_124_57_0_39_44_64_0_20_0_0_0_24_0_null_[0, 64, 101, 0]
85_85_124_57_0_39_44_64_0_20_0_0_0_24_0_null_[0, 64, 101, 0]
86_86_124_57_0_39_44_64_0_20_0_0_0_24_0_null_[0, 64, 101, 0]
87_87_124_57_0_39_44_64_0_20_0_0_0_24_0_null_[0, 64, 101, 0]
88_88_124_57_0_39_44_64_0_20_0_0_0_24_0_null_[0, 64, 101, 0]
89_89_124_57_0_39_44_64_0_20_0_0_0_24_0_null_[0, 64, 101, 0]
90_90_124_57_0_39_44_64_0_20_0_0_0_24_0_null_[0, 64, 101, 0]
91_91_124_57_0_39_44_64_0_20_0_0_0_24_0_null_[0, 64, 101, 0]
92_92_124_57_0_39_44_64_0_20_0_0_0_24_0_null_[0, 64, 101, 0]
93_93_124_57_0_39_44_64_0_20_0_0_0_24_0_null_[0, 64, 101, 0]
94_94_124_57_0_39_44_64_0_20_0_0_0_24_0_null_[0, 64, 101, 0]
95_95_124_57_0_39_44_64_0_20_0_0_0_24_0_null_[0, 64, 101, 0]
96_96_124_57_0_39_44_64_0_20_0_0_0_24_0_null_[0, 64, 101, 0]
97_97_124_57_0_39_44_64_0_20_0_0_0_24_0_null_[0, 64, 101, 0]
98_98_124_57_0_39_44_64_0_20_0_0_0_24_0_null_[0, 64, 101, 0]
99_99_124_57_0_39_44_64_0_20_0_0_0_24_0_null_[0, 64, 101, 0]
100_100_124_57_0_39_44_64_0_20_0_0_0_24_0_null_[0, 64, 101, 0]
101_101_124_57_0_39_44_64_0_20_0_0_0_24_0_null_[0, 64, 101, 0]
102_102_124_57_0_39_44_64_0_20_0_0_0_24_0_null_[0, 64, 101, 0]
103_103_124_57_0_39_44_64_0_20_0_0_0_24_0_null_[0, 64, 101, 0]
104_104_124_57_0_39_44_64_0_20_0_0_0_24_0_null_[0, 64, 101, 0]
105_105_124_57_0_39_44_64_0_20_0_0_0_24_0_null_[0, 64, 101, 0]
106_106_124_57_0_39_44_64_0_20_0_0_0_24_0_null_[0, 64, 101, 0]
107_107_124_57_0_39_44_64_0_20_0_0_0_24_0_null_[0, 64, 101, 0]
108_108_124_57_0_39_44_64_0_20_0_0_0_24_0_null_[0, 64, 101, 0]
109_109_124_57_0_39_44_64_0_20_0_0_0_24_0_null_[0, 64, 101, 0]
110_110_124_57_0_39_44_64_0_20_0_0_0_24_0_null_[0, 64, 101, 0]
111_111_124_57_0_39_44_64_0_20_0_0_0_24_0_null_[0, 64, 101, 0]
112_112_124_57_0_39_44_64_0_20_0_0_0_24_0_null_[0, 64, 101, 0]
113_113_124_57_0_39_44_64_0_20_0_0_0_24_0_null_[0, 64, 101, 0]
114_114_124_57_0_39_44_64_0_20_0_0_0_24_0_null_[0, 64, 101, 0]
115_115_124_57_0_39_44_64_0_20_0_0_0_24_0_null_[0, 64, 101, 0]
116_116_124_57_0_39_44_64_0_20_0_0_0_24_0_null_[0, 64, 101, 0]
117_117_124_57_0_39_44_64_0_20_0_0_0_24_0_null_[0, 64, 101, 0]
118_118_124_57_0_39_44_64_0_20_0_0_0_24_0_null_[0, 64, 101, 0]
119_119_124_57_0_39_44_64_0_20_0_0_0_24_0_null_[0, 64, 101, 0]
120_120_360_120_0_39_44_64_0_20_0_0_0_24_0_null_[0, 64, 101, 0]
121_121_360_120_0_39_44_64_0_20_0_0_0_24_0_null_[0, 64, 101, 0]
122_122_124_57_0_39_44_64_0_20_0_0_0_24_0_null_[0, 64, 101, 0]
123_123_124_57_0_39_44_64_0_20_0_0_0_24_0_null_[0, 64, 101, 0]
124_124_124_57_0_39_44_64_0_20_0_0_0_24_0_null_[0, 64, 101, 0]
125_125_124_57_0_39_44_64_0_20_0_0_0_24_0_null_[0, 64, 101, 0]
126_126_124_57_0_39_44_64_0_20_0_0_0_24_0_null_[0, 64, 101, 0]
127_127_360_127_0_39_44_64_0_20_0_0_0_24_0_null_[0, 64, 101, 0]
