0_0_386_31_0_27_35_64_0_0_0_0_0_24_0_[0, 0, 13, 9, 26, 22, 37, 38, 46, 54]_[0, 64, 12, 38, 28, 18, 43, 8, 64, 0]
1_1_386_31_0_27_35_64_0_0_0_0_0_24_0_[0, 0, 13, 9, 26, 22, 37, 38, 46, 54]_[0, 64, 12, 38, 28, 18, 43, 8, 64, 0]
2_2_386_31_0_27_35_64_0_0_0_0_0_24_0_[0, 0, 13, 9, 26, 22, 37, 38, 46, 54]_[0, 64, 12, 38, 28, 18, 43, 8, 64, 0]
3_3_386_31_0_27_35_64_0_0_0_0_0_24_0_[0, 0, 13, 9, 26, 22, 37, 38, 46, 54]_[0, 64, 12, 38, 28, 18, 43, 8, 64, 0]
4_4_386_31_0_27_35_64_0_0_0_0_0_24_0_[0, 0, 13, 9, 26, 22, 37, 38, 46, 54]_[0, 64, 12, 38, 28, 18, 43, 8, 64, 0]
5_5_386_31_0_27_35_64_0_0_0_0_0_24_0_[0, 0, 13, 9, 26, 22, 37, 38, 46, 54]_[0, 64, 12, 38, 28, 18, 43, 8, 64, 0]
6_6_386_31_0_27_35_64_0_0_0_0_0_24_0_[0, 0, 13, 9, 26, 22, 37, 38, 46, 54]_[0, 64, 12, 38, 28, 18, 43, 8, 64, 0]
7_7_386_31_0_27_35_64_0_0_0_0_0_24_0_[0, 0, 13, 9, 26, 22, 37, 38, 46, 54]_[0, 64, 12, 38, 28, 18, 43, 8, 64, 0]
8_8_386_31_0_27_35_64_0_0_0_0_0_24_0_[0, 0, 13, 9, 26, 22, 37, 38, 46, 54]_[0, 64, 12, 38, 28, 18, 43, 8, 64, 0]
9_9_386_31_0_27_35_64_0_0_0_0_0_24_0_[0, 0, 13, 9, 26, 22, 37, 38, 46, 54]_[0, 64, 12, 38, 28, 18, 43, 8, 64, 0]
10_10_386_31_0_27_35_64_0_0_0_0_0_24_0_[0, 0, 13, 9, 26, 22, 37, 38, 46, 54]_[0, 64, 12, 38, 28, 18, 43, 8, 64, 0]
11_11_386_31_0_27_35_64_0_0_0_0_0_24_0_[0, 0, 13, 9, 26, 22, 37, 38, 46, 54]_[0, 64, 12, 38, 28, 18, 43, 8, 64, 0]
12_12_386_31_0_27_35_64_0_0_0_0_0_24_0_[0, 0, 13, 9, 26, 22, 37, 38, 46, 54]_[0, 64, 12, 38, 28, 18, 43, 8, 64, 0]
13_13_386_31_0_27_35_64_0_0_0_0_0_24_0_[0, 0, 13, 9, 26, 22, 37, 38, 46, 54]_[0, 64, 12, 38, 28, 18, 43, 8, 64, 0]
14_14_386_31_0_27_35_64_0_0_0_0_0_24_0_[0, 0, 13, 9, 26, 22, 37, 38, 46, 54]_[0, 64, 12, 38, 28, 18, 43, 8, 64, 0]
15_15_386_31_0_27_35_64_0_0_0_0_0_24_0_[0, 0, 13, 9, 26, 22, 37, 38, 46, 54]_[0, 64, 12, 38, 28, 18, 43, 8, 64, 0]
16_16_386_31_0_27_35_64_0_0_0_0_0_24_0_[0, 0, 13, 9, 26, 22, 37, 38, 46, 54]_[0, 64, 12, 38, 28, 18, 43, 8, 64, 0]
17_17_386_31_0_27_35_64_0_0_0_0_0_24_0_[0, 0, 13, 9, 26, 22, 37, 38, 46, 54]_[0, 64, 12, 38, 28, 18, 43, 8, 64, 0]
18_18_386_31_0_27_35_64_0_0_0_0_0_24_0_[0, 0, 13, 9, 26, 22, 37, 38, 46, 54]_[0, 64, 12, 38, 28, 18, 43, 8, 64, 0]
19_19_386_31_0_27_35_64_0_0_0_0_0_24_0_[0, 0, 13, 9, 26, 22, 37, 38, 46, 54]_[0, 64, 12, 38, 28, 18, 43, 8, 64, 0]
20_20_386_31_0_27_35_64_0_0_0_0_0_24_0_[0, 0, 13, 9, 26, 22, 37, 38, 46, 54]_[0, 64, 12, 38, 28, 18, 43, 8, 64, 0]
21_21_386_31_0_27_35_64_0_0_0_0_0_24_0_[0, 0, 13, 9, 26, 22, 37, 38, 46, 54]_[0, 64, 12, 38, 28, 18, 43, 8, 64, 0]
22_22_386_31_0_27_35_64_0_0_0_0_0_24_0_[0, 0, 13, 9, 26, 22, 37, 38, 46, 54]_[0, 64, 12, 38, 28, 18, 43, 8, 64, 0]
23_23_386_31_0_27_35_64_0_0_0_0_0_24_0_[0, 0, 13, 9, 26, 22, 37, 38, 46, 54]_[0, 64, 12, 38, 28, 18, 43, 8, 64, 0]
24_24_386_31_0_27_35_64_0_0_0_0_0_24_0_[0, 0, 13, 9, 26, 22, 37, 38, 46, 54]_[0, 64, 12, 38, 28, 18, 43, 8, 64, 0]
25_25_386_31_0_27_35_64_0_0_0_0_0_24_0_[0, 0, 13, 9, 26, 22, 37, 38, 46, 54]_[0, 64, 12, 38, 28, 18, 43, 8, 64, 0]
26_26_386_31_0_27_35_64_0_0_0_0_0_24_0_[0, 0, 13, 9, 26, 22, 37, 38, 46, 54]_[0, 64, 12, 38, 28, 18, 43, 8, 64, 0]
27_27_386_31_0_27_35_64_0_0_0_0_0_24_0_[0, 0, 13, 9, 26, 22, 37, 38, 46, 54]_[0, 64, 12, 38, 28, 18, 43, 8, 64, 0]
28_28_386_31_0_27_35_64_0_0_0_0_0_24_0_[0, 0, 13, 9, 26, 22, 37, 38, 46, 54]_[0, 64, 12, 38, 28, 18, 43, 8, 64, 0]
29_29_386_31_0_27_35_64_0_0_0_0_0_24_0_[0, 0, 13, 9, 26, 22, 37, 38, 46, 54]_[0, 64, 12, 38, 28, 18, 43, 8, 64, 0]
30_30_386_31_0_27_35_64_0_0_0_0_0_24_0_[0, 0, 13, 9, 26, 22, 37, 38, 46, 54]_[0, 64, 12, 38, 28, 18, 43, 8, 64, 0]
31_31_386_31_0_27_35_64_0_0_0_0_0_24_0_[0, 0, 13, 9, 26, 22, 37, 38, 46, 54]_[0, 64, 12, 38, 28, 18, 43, 8, 64, 0]
32_32_125_36_0_27_35_64_0_0_0_0_0_24_0_[0, 0, 13, 9, 26, 22, 37, 38, 46, 54]_[0, 64, 12, 38, 28, 18, 43, 8, 64, 0]
33_33_125_36_0_27_35_64_0_0_0_0_0_24_0_[0, 0, 13, 9, 26, 22, 37, 38, 46, 54]_[0, 64, 12, 38, 28, 18, 43, 8, 64, 0]
34_34_125_36_0_27_35_64_0_0_0_0_0_24_0_[0, 0, 13, 9, 26, 22, 37, 38, 46, 54]_[0, 64, 12, 38, 28, 18, 43, 8, 64, 0]
35_35_125_36_0_27_35_64_0_0_0_0_0_24_0_[0, 0, 13, 9, 26, 22, 37, 38, 46, 54]_[0, 64, 12, 38, 28, 18, 43, 8, 64, 0]
36_36_125_36_0_27_35_64_0_0_0_0_0_24_0_[0, 0, 13, 9, 26, 22, 37, 38, 46, 54]_[0, 64, 12, 38, 28, 18, 43, 8, 64, 0]
37_37_125_36_0_27_35_64_0_0_0_0_0_24_0_[0, 0, 13, 9, 26, 22, 37, 38, 46, 54]_[0, 64, 12, 38, 28, 18, 43, 8, 64, 0]
38_38_125_36_0_27_35_64_0_0_0_0_0_24_0_[0, 0, 13, 9, 26, 22, 37, 38, 46, 54]_[0, 64, 12, 38, 28, 18, 43, 8, 64, 0]
39_39_125_36_0_27_35_64_0_0_0_0_0_24_0_[0, 0, 13, 9, 26, 22, 37, 38, 46, 54]_[0, 64, 12, 38, 28, 18, 43, 8, 64, 0]
40_40_125_36_0_27_35_64_0_0_0_0_0_24_0_[0, 0, 13, 9, 26, 22, 37, 38, 46, 54]_[0, 64, 12, 38, 28, 18, 43, 8, 64, 0]
41_41_125_36_0_27_35_64_0_0_0_0_0_24_0_[0, 0, 13, 9, 26, 22, 37, 38, 46, 54]_[0, 64, 12, 38, 28, 18, 43, 8, 64, 0]
42_42_420_48_0_27_35_64_0_0_0_0_0_24_0_[0, 0, 13, 9, 26, 22, 37, 38, 46, 54]_[0, 64, 12, 38, 28, 18, 43, 8, 64, 0]
43_43_420_48_0_27_35_64_0_0_0_0_0_24_0_[0, 0, 13, 9, 26, 22, 37, 38, 46, 54]_[0, 64, 12, 38, 28, 18, 43, 8, 64, 0]
44_44_420_48_0_27_35_64_0_0_0_0_0_24_0_[0, 0, 13, 9, 26, 22, 37, 38, 46, 54]_[0, 64, 12, 38, 28, 18, 43, 8, 64, 0]
45_45_420_48_0_27_35_64_0_0_0_0_0_24_0_[0, 0, 13, 9, 26, 22, 37, 38, 46, 54]_[0, 64, 12, 38, 28, 18, 43, 8, 64, 0]
46_46_420_48_0_27_35_64_0_0_0_0_0_24_0_[0, 0, 13, 9, 26, 22, 37, 38, 46, 54]_[0, 64, 12, 38, 28, 18, 43, 8, 64, 0]
47_47_420_48_0_27_35_64_0_0_0_0_0_24_0_[0, 0, 13, 9, 26, 22, 37, 38, 46, 54]_[0, 64, 12, 38, 28, 18, 43, 8, 64, 0]
48_48_464_53_0_27_35_64_0_0_0_0_0_24_0_[0, 0, 13, 9, 26, 22, 37, 38, 46, 54]_[0, 64, 12, 38, 28, 18, 43, 8, 64, 0]
49_49_464_53_0_27_35_64_0_0_0_0_0_24_0_[0, 0, 13, 9, 26, 22, 37, 38, 46, 54]_[0, 64, 12, 38, 28, 18, 43, 8, 64, 0]
50_50_464_53_0_27_35_64_0_0_0_0_0_24_0_[0, 0, 13, 9, 26, 22, 37, 38, 46, 54]_[0, 64, 12, 38, 28, 18, 43, 8, 64, 0]
51_51_464_53_0_27_35_64_0_0_0_0_0_24_0_[0, 0, 13, 9, 26, 22, 37, 38, 46, 54]_[0, 64, 12, 38, 28, 18, 43, 8, 64, 0]
52_52_464_53_0_27_35_64_0_0_0_0_0_24_0_[0, 0, 13, 9, 26, 22, 37, 38, 46, 54]_[0, 64, 12, 38, 28, 18, 43, 8, 64, 0]
53_53_464_53_0_27_35_64_0_0_0_0_0_24_0_[0, 0, 13, 9, 26, 22, 37, 38, 46, 54]_[0, 64, 12, 38, 28, 18, 43, 8, 64, 0]
54_54_464_53_0_27_35_64_0_0_0_0_0_24_0_[0, 0, 13, 9, 26, 22, 37, 38, 46, 54]_[0, 64, 12, 38, 28, 18, 43, 8, 64, 0]
55_55_464_53_0_27_35_64_0_0_0_0_0_24_0_[0, 0, 13, 9, 26, 22, 37, 38, 46, 54]_[0, 64, 12, 38, 28, 18, 43, 8, 64, 0]
56_56_464_53_0_27_35_64_0_0_0_0_0_24_0_[0, 0, 13, 9, 26, 22, 37, 38, 46, 54]_[0, 64, 12, 38, 28, 18, 43, 8, 64, 0]
57_57_126_60_0_27_35_64_0_0_0_0_0_24_0_[0, 0, 13, 9, 26, 22, 37, 38, 46, 54]_[0, 64, 12, 38, 28, 18, 43, 8, 64, 0]
58_58_126_60_0_27_35_64_0_0_0_0_0_24_0_[0, 0, 13, 9, 26, 22, 37, 38, 46, 54]_[0, 64, 12, 38, 28, 18, 43, 8, 64, 0]
59_59_126_60_0_27_35_64_0_0_0_0_0_24_0_[0, 0, 13, 9, 26, 22, 37, 38, 46, 54]_[0, 64, 12, 38, 28, 18, 43, 8, 64, 0]
60_60_126_60_0_27_35_64_0_0_0_0_0_24_0_[0, 0, 13, 9, 26, 22, 37, 38, 46, 54]_[0, 64, 12, 38, 28, 18, 43, 8, 64, 0]
61_61_126_60_0_27_35_64_0_0_0_0_0_24_0_[0, 0, 13, 9, 26, 22, 37, 38, 46, 54]_[0, 64, 12, 38, 28, 18, 43, 8, 64, 0]
62_62_126_60_0_27_35_64_0_0_0_0_0_24_0_[0, 0, 13, 9, 26, 22, 37, 38, 46, 54]_[0, 64, 12, 38, 28, 18, 43, 8, 64, 0]
63_63_126_60_0_27_35_64_0_0_0_0_0_24_0_[0, 0, 13, 9, 26, 22, 37, 38, 46, 54]_[0, 64, 12, 38, 28, 18, 43, 8, 64, 0]
64_64_126_60_0_27_35_64_0_0_0_0_0_24_0_[0, 0, 13, 9, 26, 22, 37, 38, 46, 54]_[0, 64, 12, 38, 28, 18, 43, 8, 64, 0]
65_65_126_60_0_27_35_64_0_0_0_0_0_24_0_[0, 0, 13, 9, 26, 22, 37, 38, 46, 54]_[0, 64, 12, 38, 28, 18, 43, 8, 64, 0]
66_66_126_60_0_27_35_64_0_0_0_0_0_24_0_[0, 0, 13, 9, 26, 22, 37, 38, 46, 54]_[0, 64, 12, 38, 28, 18, 43, 8, 64, 0]
67_67_127_72_0_27_35_64_0_0_0_0_0_24_0_[0, 0, 13, 9, 26, 22, 37, 38, 46, 54]_[0, 64, 12, 38, 28, 18, 43, 8, 64, 0]
68_68_127_72_0_27_35_64_0_0_0_0_0_24_0_[0, 0, 13, 9, 26, 22, 37, 38, 46, 54]_[0, 64, 12, 38, 28, 18, 43, 8, 64, 0]
69_69_127_72_0_27_35_64_0_0_0_0_0_24_0_[0, 0, 13, 9, 26, 22, 37, 38, 46, 54]_[0, 64, 12, 38, 28, 18, 43, 8, 64, 0]
70_70_127_72_0_27_35_64_0_0_0_0_0_24_0_[0, 0, 13, 9, 26, 22, 37, 38, 46, 54]_[0, 64, 12, 38, 28, 18, 43, 8, 64, 0]
71_71_127_72_0_27_35_64_0_0_0_0_0_24_0_[0, 0, 13, 9, 26, 22, 37, 38, 46, 54]_[0, 64, 12, 38, 28, 18, 43, 8, 64, 0]
72_72_127_72_0_27_35_64_0_0_0_0_0_24_0_[0, 0, 13, 9, 26, 22, 37, 38, 46, 54]_[0, 64, 12, 38, 28, 18, 43, 8, 64, 0]
73_73_127_72_0_27_35_64_0_0_0_0_0_24_0_[0, 0, 13, 9, 26, 22, 37, 38, 46, 54]_[0, 64, 12, 38, 28, 18, 43, 8, 64, 0]
74_74_127_72_0_27_35_64_0_0_0_0_0_24_0_[0, 0, 13, 9, 26, 22, 37, 38, 46, 54]_[0, 64, 12, 38, 28, 18, 43, 8, 64, 0]
75_75_127_72_0_27_35_64_0_0_0_0_0_24_0_[0, 0, 13, 9, 26, 22, 37, 38, 46, 54]_[0, 64, 12, 38, 28, 18, 43, 8, 64, 0]
76_76_127_72_0_27_35_64_0_0_0_0_0_24_0_[0, 0, 13, 9, 26, 22, 37, 38, 46, 54]_[0, 64, 12, 38, 28, 18, 43, 8, 64, 0]
77_77_127_72_0_27_35_64_0_0_0_0_0_24_0_[0, 0, 13, 9, 26, 22, 37, 38, 46, 54]_[0, 64, 12, 38, 28, 18, 43, 8, 64, 0]
78_78_127_72_0_27_35_64_0_0_0_0_0_24_0_[0, 0, 13, 9, 26, 22, 37, 38, 46, 54]_[0, 64, 12, 38, 28, 18, 43, 8, 64, 0]
79_79_127_72_0_27_35_64_0_0_0_0_0_24_0_[0, 0, 13, 9, 26, 22, 37, 38, 46, 54]_[0, 64, 12, 38, 28, 18, 43, 8, 64, 0]
80_80_127_72_0_27_35_64_0_0_0_0_0_24_0_[0, 0, 13, 9, 26, 22, 37, 38, 46, 54]_[0, 64, 12, 38, 28, 18, 43, 8, 64, 0]
81_81_127_72_0_27_35_64_0_0_0_0_0_24_0_[0, 0, 13, 9, 26, 22, 37, 38, 46, 54]_[0, 64, 12, 38, 28, 18, 43, 8, 64, 0]
82_82_127_72_0_27_35_64_0_0_0_0_0_24_0_[0, 0, 13, 9, 26, 22, 37, 38, 46, 54]_[0, 64, 12, 38, 28, 18, 43, 8, 64, 0]
83_83_127_72_0_27_35_64_0_0_0_0_0_24_0_[0, 0, 13, 9, 26, 22, 37, 38, 46, 54]_[0, 64, 12, 38, 28, 18, 43, 8, 64, 0]
84_84_128_84_0_27_35_64_0_0_0_0_0_24_0_[0, 0, 13, 9, 26, 22, 37, 38, 46, 54]_[0, 64, 12, 38, 28, 18, 43, 8, 64, 0]
85_85_128_84_0_27_35_64_0_0_0_0_0_24_0_[0, 0, 13, 9, 26, 22, 37, 38, 46, 54]_[0, 64, 12, 38, 28, 18, 43, 8, 64, 0]
86_86_128_84_0_27_35_64_0_0_0_0_0_24_0_[0, 0, 13, 9, 26, 22, 37, 38, 46, 54]_[0, 64, 12, 38, 28, 18, 43, 8, 64, 0]
87_87_128_84_0_27_35_64_0_0_0_0_0_24_0_[0, 0, 13, 9, 26, 22, 37, 38, 46, 54]_[0, 64, 12, 38, 28, 18, 43, 8, 64, 0]
88_88_128_84_0_27_35_64_0_0_0_0_0_24_0_[0, 0, 13, 9, 26, 22, 37, 38, 46, 54]_[0, 64, 12, 38, 28, 18, 43, 8, 64, 0]
89_89_128_84_0_27_35_64_0_0_0_0_0_24_0_[0, 0, 13, 9, 26, 22, 37, 38, 46, 54]_[0, 64, 12, 38, 28, 18, 43, 8, 64, 0]
90_90_128_84_0_27_35_64_0_0_0_0_0_24_0_[0, 0, 13, 9, 26, 22, 37, 38, 46, 54]_[0, 64, 12, 38, 28, 18, 43, 8, 64, 0]
91_91_128_84_0_27_35_64_0_0_0_0_0_24_0_[0, 0, 13, 9, 26, 22, 37, 38, 46, 54]_[0, 64, 12, 38, 28, 18, 43, 8, 64, 0]
92_92_128_84_0_27_35_64_0_0_0_0_0_24_0_[0, 0, 13, 9, 26, 22, 37, 38, 46, 54]_[0, 64, 12, 38, 28, 18, 43, 8, 64, 0]
93_93_128_84_0_27_35_64_0_0_0_0_0_24_0_[0, 0, 13, 9, 26, 22, 37, 38, 46, 54]_[0, 64, 12, 38, 28, 18, 43, 8, 64, 0]
94_94_128_84_0_27_35_64_0_0_0_0_0_24_0_[0, 0, 13, 9, 26, 22, 37, 38, 46, 54]_[0, 64, 12, 38, 28, 18, 43, 8, 64, 0]
95_95_128_84_0_27_35_64_0_0_0_0_0_24_0_[0, 0, 13, 9, 26, 22, 37, 38, 46, 54]_[0, 64, 12, 38, 28, 18, 43, 8, 64, 0]
96_96_129_96_0_27_35_64_0_0_0_0_0_24_0_[0, 0, 13, 9, 26, 22, 37, 38, 46, 54]_[0, 64, 12, 38, 28, 18, 43, 8, 64, 0]
97_97_129_96_0_27_35_64_0_0_0_0_0_24_0_[0, 0, 13, 9, 26, 22, 37, 38, 46, 54]_[0, 64, 12, 38, 28, 18, 43, 8, 64, 0]
98_98_129_96_0_27_35_64_0_0_0_0_0_24_0_[0, 0, 13, 9, 26, 22, 37, 38, 46, 54]_[0, 64, 12, 38, 28, 18, 43, 8, 64, 0]
99_99_129_96_0_27_35_64_0_0_0_0_0_24_0_[0, 0, 13, 9, 26, 22, 37, 38, 46, 54]_[0, 64, 12, 38, 28, 18, 43, 8, 64, 0]
100_100_129_96_0_27_35_64_0_0_0_0_0_24_0_[0, 0, 13, 9, 26, 22, 37, 38, 46, 54]_[0, 64, 12, 38, 28, 18, 43, 8, 64, 0]
101_101_129_96_0_27_35_64_0_0_0_0_0_24_0_[0, 0, 13, 9, 26, 22, 37, 38, 46, 54]_[0, 64, 12, 38, 28, 18, 43, 8, 64, 0]
102_102_129_96_0_27_35_64_0_0_0_0_0_24_0_[0, 0, 13, 9, 26, 22, 37, 38, 46, 54]_[0, 64, 12, 38, 28, 18, 43, 8, 64, 0]
103_103_129_96_0_27_35_64_0_0_0_0_0_24_0_[0, 0, 13, 9, 26, 22, 37, 38, 46, 54]_[0, 64, 12, 38, 28, 18, 43, 8, 64, 0]
104_104_129_96_0_27_35_64_0_0_0_0_0_24_0_[0, 0, 13, 9, 26, 22, 37, 38, 46, 54]_[0, 64, 12, 38, 28, 18, 43, 8, 64, 0]
105_105_129_96_0_27_35_64_0_0_0_0_0_24_0_[0, 0, 13, 9, 26, 22, 37, 38, 46, 54]_[0, 64, 12, 38, 28, 18, 43, 8, 64, 0]
106_106_129_96_0_27_35_64_0_0_0_0_0_24_0_[0, 0, 13, 9, 26, 22, 37, 38, 46, 54]_[0, 64, 12, 38, 28, 18, 43, 8, 64, 0]
107_107_129_96_0_27_35_64_0_0_0_0_0_24_0_[0, 0, 13, 9, 26, 22, 37, 38, 46, 54]_[0, 64, 12, 38, 28, 18, 43, 8, 64, 0]
108_108_129_96_0_27_35_64_0_0_0_0_0_24_0_[0, 0, 13, 9, 26, 22, 37, 38, 46, 54]_[0, 64, 12, 38, 28, 18, 43, 8, 64, 0]
109_109_129_96_0_27_35_64_0_0_0_0_0_24_0_[0, 0, 13, 9, 26, 22, 37, 38, 46, 54]_[0, 64, 12, 38, 28, 18, 43, 8, 64, 0]
110_110_129_96_0_27_35_64_0_0_0_0_0_24_0_[0, 0, 13, 9, 26, 22, 37, 38, 46, 54]_[0, 64, 12, 38, 28, 18, 43, 8, 64, 0]
111_111_129_96_0_27_35_64_0_0_0_0_0_24_0_[0, 0, 13, 9, 26, 22, 37, 38, 46, 54]_[0, 64, 12, 38, 28, 18, 43, 8, 64, 0]
112_112_129_96_0_27_35_64_0_0_0_0_0_24_0_[0, 0, 13, 9, 26, 22, 37, 38, 46, 54]_[0, 64, 12, 38, 28, 18, 43, 8, 64, 0]
113_113_129_96_0_27_35_64_0_0_0_0_0_24_0_[0, 0, 13, 9, 26, 22, 37, 38, 46, 54]_[0, 64, 12, 38, 28, 18, 43, 8, 64, 0]
114_114_129_96_0_27_35_64_0_0_0_0_0_24_0_[0, 0, 13, 9, 26, 22, 37, 38, 46, 54]_[0, 64, 12, 38, 28, 18, 43, 8, 64, 0]
115_115_129_96_0_27_35_64_0_0_0_0_0_24_0_[0, 0, 13, 9, 26, 22, 37, 38, 46, 54]_[0, 64, 12, 38, 28, 18, 43, 8, 64, 0]
116_116_129_96_0_27_35_64_0_0_0_0_0_24_0_[0, 0, 13, 9, 26, 22, 37, 38, 46, 54]_[0, 64, 12, 38, 28, 18, 43, 8, 64, 0]
117_117_129_96_0_27_35_64_0_0_0_0_0_24_0_[0, 0, 13, 9, 26, 22, 37, 38, 46, 54]_[0, 64, 12, 38, 28, 18, 43, 8, 64, 0]
118_118_129_96_0_27_35_64_0_0_0_0_0_24_0_[0, 0, 13, 9, 26, 22, 37, 38, 46, 54]_[0, 64, 12, 38, 28, 18, 43, 8, 64, 0]
119_119_129_96_0_27_35_64_0_0_0_0_0_24_0_[0, 0, 13, 9, 26, 22, 37, 38, 46, 54]_[0, 64, 12, 38, 28, 18, 43, 8, 64, 0]
120_120_129_96_0_27_35_64_0_0_0_0_0_24_0_[0, 0, 13, 9, 26, 22, 37, 38, 46, 54]_[0, 64, 12, 38, 28, 18, 43, 8, 64, 0]
121_121_129_96_0_27_35_64_0_0_0_0_0_24_0_[0, 0, 13, 9, 26, 22, 37, 38, 46, 54]_[0, 64, 12, 38, 28, 18, 43, 8, 64, 0]
122_122_129_96_0_27_35_64_0_0_0_0_0_24_0_[0, 0, 13, 9, 26, 22, 37, 38, 46, 54]_[0, 64, 12, 38, 28, 18, 43, 8, 64, 0]
123_123_129_96_0_27_35_64_0_0_0_0_0_24_0_[0, 0, 13, 9, 26, 22, 37, 38, 46, 54]_[0, 64, 12, 38, 28, 18, 43, 8, 64, 0]
124_124_129_96_0_27_35_64_0_0_0_0_0_24_0_[0, 0, 13, 9, 26, 22, 37, 38, 46, 54]_[0, 64, 12, 38, 28, 18, 43, 8, 64, 0]
125_125_129_96_0_27_35_64_0_0_0_0_0_24_0_[0, 0, 13, 9, 26, 22, 37, 38, 46, 54]_[0, 64, 12, 38, 28, 18, 43, 8, 64, 0]
126_126_129_96_0_27_35_64_0_0_0_0_0_24_0_[0, 0, 13, 9, 26, 22, 37, 38, 46, 54]_[0, 64, 12, 38, 28, 18, 43, 8, 64, 0]
127_127_129_96_0_27_35_64_0_0_0_0_0_24_0_[0, 0, 13, 9, 26, 22, 37, 38, 46, 54]_[0, 64, 12, 38, 28, 18, 43, 8, 64, 0]
