0_0_18_60_0_37_32_64_0_0_0_0_0_24_0_[0, 64, 6, 50, 15, 40, -1, 0]_[0, 64, 7, 23, 19, 0]
1_1_18_60_0_37_32_64_0_0_0_0_0_24_0_[0, 64, 6, 50, 15, 40, -1, 0]_[0, 64, 7, 23, 19, 0]
2_2_18_60_0_37_32_64_0_0_0_0_0_24_0_[0, 64, 6, 50, 15, 40, -1, 0]_[0, 64, 7, 23, 19, 0]
3_3_18_60_0_37_32_64_0_0_0_0_0_24_0_[0, 64, 6, 50, 15, 40, -1, 0]_[0, 64, 7, 23, 19, 0]
4_4_18_60_0_37_32_64_0_0_0_0_0_24_0_[0, 64, 6, 50, 15, 40, -1, 0]_[0, 64, 7, 23, 19, 0]
5_5_18_60_0_37_32_64_0_0_0_0_0_24_0_[0, 64, 6, 50, 15, 40, -1, 0]_[0, 64, 7, 23, 19, 0]
6_6_18_60_0_37_32_64_0_0_0_0_0_24_0_[0, 64, 6, 50, 15, 40, -1, 0]_[0, 64, 7, 23, 19, 0]
7_7_18_60_0_37_32_64_0_0_0_0_0_24_0_[0, 64, 6, 50, 15, 40, -1, 0]_[0, 64, 7, 23, 19, 0]
8_8_18_60_0_37_32_64_0_0_0_0_0_24_0_[0, 64, 6, 50, 15, 40, -1, 0]_[0, 64, 7, 23, 19, 0]
9_9_18_60_0_37_32_64_0_0_0_0_0_24_0_[0, 64, 6, 50, 15, 40, -1, 0]_[0, 64, 7, 23, 19, 0]
10_10_18_60_0_37_32_64_0_0_0_0_0_24_0_[0, 64, 6, 50, 15, 40, -1, 0]_[0, 64, 7, 23, 19, 0]
11_11_18_60_0_37_32_64_0_0_0_0_0_24_0_[0, 64, 6, 50, 15, 40, -1, 0]_[0, 64, 7, 23, 19, 0]
12_12_18_60_0_37_32_64_0_0_0_0_0_24_0_[0, 64, 6, 50, 15, 40, -1, 0]_[0, 64, 7, 23, 19, 0]
13_13_18_60_0_37_32_64_0_0_0_0_0_24_0_[0, 64, 6, 50, 15, 40, -1, 0]_[0, 64, 7, 23, 19, 0]
14_14_18_60_0_37_32_64_0_0_0_0_0_24_0_[0, 64, 6, 50, 15, 40, -1, 0]_[0, 64, 7, 23, 19, 0]
15_15_18_60_0_37_32_64_0_0_0_0_0_24_0_[0, 64, 6, 50, 15, 40, -1, 0]_[0, 64, 7, 23, 19, 0]
16_16_18_60_0_37_32_64_0_0_0_0_0_24_0_[0, 64, 6, 50, 15, 40, -1, 0]_[0, 64, 7, 23, 19, 0]
17_17_18_60_0_37_32_64_0_0_0_0_0_24_0_[0, 64, 6, 50, 15, 40, -1, 0]_[0, 64, 7, 23, 19, 0]
18_18_18_60_0_37_32_64_0_0_0_0_0_24_0_[0, 64, 6, 50, 15, 40, -1, 0]_[0, 64, 7, 23, 19, 0]
19_19_18_60_0_37_32_64_0_0_0_0_0_24_0_[0, 64, 6, 50, 15, 40, -1, 0]_[0, 64, 7, 23, 19, 0]
20_20_18_60_0_37_32_64_0_0_0_0_0_24_0_[0, 64, 6, 50, 15, 40, -1, 0]_[0, 64, 7, 23, 19, 0]
21_21_18_60_0_37_32_64_0_0_0_0_0_24_0_[0, 64, 6, 50, 15, 40, -1, 0]_[0, 64, 7, 23, 19, 0]
22_22_18_60_0_37_32_64_0_0_0_0_0_24_0_[0, 64, 6, 50, 15, 40, -1, 0]_[0, 64, 7, 23, 19, 0]
23_23_18_60_0_37_32_64_0_0_0_0_0_24_0_[0, 64, 6, 50, 15, 40, -1, 0]_[0, 64, 7, 23, 19, 0]
24_24_18_60_0_37_32_64_0_0_0_0_0_24_0_[0, 64, 6, 50, 15, 40, -1, 0]_[0, 64, 7, 23, 19, 0]
25_25_18_60_0_37_32_64_0_0_0_0_0_24_0_[0, 64, 6, 50, 15, 40, -1, 0]_[0, 64, 7, 23, 19, 0]
26_26_18_60_0_37_32_64_0_0_0_0_0_24_0_[0, 64, 6, 50, 15, 40, -1, 0]_[0, 64, 7, 23, 19, 0]
27_27_18_60_0_37_32_64_0_0_0_0_0_24_0_[0, 64, 6, 50, 15, 40, -1, 0]_[0, 64, 7, 23, 19, 0]
28_28_18_60_0_37_32_64_0_0_0_0_0_24_0_[0, 64, 6, 50, 15, 40, -1, 0]_[0, 64, 7, 23, 19, 0]
29_29_18_60_0_37_32_64_0_0_0_0_0_24_0_[0, 64, 6, 50, 15, 40, -1, 0]_[0, 64, 7, 23, 19, 0]
30_30_18_60_0_37_32_64_0_0_0_0_0_24_0_[0, 64, 6, 50, 15, 40, -1, 0]_[0, 64, 7, 23, 19, 0]
31_31_18_60_0_37_32_64_0_0_0_0_0_24_0_[0, 64, 6, 50, 15, 40, -1, 0]_[0, 64, 7, 23, 19, 0]
32_32_18_60_0_37_32_64_0_0_0_0_0_24_0_[0, 64, 6, 50, 15, 40, -1, 0]_[0, 64, 7, 23, 19, 0]
33_33_18_60_0_37_32_64_0_0_0_0_0_24_0_[0, 64, 6, 50, 15, 40, -1, 0]_[0, 64, 7, 23, 19, 0]
34_34_18_60_0_37_32_64_0_0_0_0_0_24_0_[0, 64, 6, 50, 15, 40, -1, 0]_[0, 64, 7, 23, 19, 0]
35_35_18_60_0_37_32_64_0_0_0_0_0_24_0_[0, 64, 6, 50, 15, 40, -1, 0]_[0, 64, 7, 23, 19, 0]
36_36_18_60_0_37_32_64_0_0_0_0_0_24_0_[0, 64, 6, 50, 15, 40, -1, 0]_[0, 64, 7, 23, 19, 0]
37_37_18_60_0_37_32_64_0_0_0_0_0_24_0_[0, 64, 6, 50, 15, 40, -1, 0]_[0, 64, 7, 23, 19, 0]
38_38_18_60_0_37_32_64_0_0_0_0_0_24_0_[0, 64, 6, 50, 15, 40, -1, 0]_[0, 64, 7, 23, 19, 0]
39_39_18_60_0_37_32_64_0_0_0_0_0_24_0_[0, 64, 6, 50, 15, 40, -1, 0]_[0, 64, 7, 23, 19, 0]
40_40_18_60_0_37_32_64_0_0_0_0_0_24_0_[0, 64, 6, 50, 15, 40, -1, 0]_[0, 64, 7, 23, 19, 0]
41_41_18_60_0_37_32_64_0_0_0_0_0_24_0_[0, 64, 6, 50, 15, 40, -1, 0]_[0, 64, 7, 23, 19, 0]
42_42_18_60_0_37_32_64_0_0_0_0_0_24_0_[0, 64, 6, 50, 15, 40, -1, 0]_[0, 64, 7, 23, 19, 0]
43_43_18_60_0_37_32_64_0_0_0_0_0_24_0_[0, 64, 6, 50, 15, 40, -1, 0]_[0, 64, 7, 23, 19, 0]
44_44_18_60_0_37_32_64_0_0_0_0_0_24_0_[0, 64, 6, 50, 15, 40, -1, 0]_[0, 64, 7, 23, 19, 0]
45_45_18_60_0_37_32_64_0_0_0_0_0_24_0_[0, 64, 6, 50, 15, 40, -1, 0]_[0, 64, 7, 23, 19, 0]
46_46_18_60_0_37_32_64_0_0_0_0_0_24_0_[0, 64, 6, 50, 15, 40, -1, 0]_[0, 64, 7, 23, 19, 0]
47_47_18_60_0_37_32_64_0_0_0_0_0_24_0_[0, 64, 6, 50, 15, 40, -1, 0]_[0, 64, 7, 23, 19, 0]
48_48_18_60_0_37_32_64_0_0_0_0_0_24_0_[0, 64, 6, 50, 15, 40, -1, 0]_[0, 64, 7, 23, 19, 0]
49_49_18_60_0_37_32_64_0_0_0_0_0_24_0_[0, 64, 6, 50, 15, 40, -1, 0]_[0, 64, 7, 23, 19, 0]
50_50_18_60_0_37_32_64_0_0_0_0_0_24_0_[0, 64, 6, 50, 15, 40, -1, 0]_[0, 64, 7, 23, 19, 0]
51_51_18_60_0_37_32_64_0_0_0_0_0_24_0_[0, 64, 6, 50, 15, 40, -1, 0]_[0, 64, 7, 23, 19, 0]
52_52_18_60_0_37_32_64_0_0_0_0_0_24_0_[0, 64, 6, 50, 15, 40, -1, 0]_[0, 64, 7, 23, 19, 0]
53_53_18_60_0_37_32_64_0_0_0_0_0_24_0_[0, 64, 6, 50, 15, 40, -1, 0]_[0, 64, 7, 23, 19, 0]
54_54_18_60_0_37_32_64_0_0_0_0_0_24_0_[0, 64, 6, 50, 15, 40, -1, 0]_[0, 64, 7, 23, 19, 0]
55_55_18_60_0_37_32_64_0_0_0_0_0_24_0_[0, 64, 6, 50, 15, 40, -1, 0]_[0, 64, 7, 23, 19, 0]
56_56_18_60_0_37_32_64_0_0_0_0_0_24_0_[0, 64, 6, 50, 15, 40, -1, 0]_[0, 64, 7, 23, 19, 0]
57_57_18_60_0_37_32_64_0_0_0_0_0_24_0_[0, 64, 6, 50, 15, 40, -1, 0]_[0, 64, 7, 23, 19, 0]
58_58_18_60_0_37_32_64_0_0_0_0_0_24_0_[0, 64, 6, 50, 15, 40, -1, 0]_[0, 64, 7, 23, 19, 0]
59_59_18_60_0_37_32_64_0_0_0_0_0_24_0_[0, 64, 6, 50, 15, 40, -1, 0]_[0, 64, 7, 23, 19, 0]
60_60_18_60_0_37_32_64_0_0_0_0_0_24_0_[0, 64, 6, 50, 15, 40, -1, 0]_[0, 64, 7, 23, 19, 0]
61_61_18_60_0_37_32_64_0_0_0_0_0_24_0_[0, 64, 6, 50, 15, 40, -1, 0]_[0, 64, 7, 23, 19, 0]
62_62_18_60_0_37_32_64_0_0_0_0_0_24_0_[0, 64, 6, 50, 15, 40, -1, 0]_[0, 64, 7, 23, 19, 0]
63_63_18_60_0_37_32_64_0_0_0_0_0_24_0_[0, 64, 6, 50, 15, 40, -1, 0]_[0, 64, 7, 23, 19, 0]
64_64_18_60_0_37_32_64_0_0_0_0_0_24_0_[0, 64, 6, 50, 15, 40, -1, 0]_[0, 64, 7, 23, 19, 0]
65_65_18_60_0_37_32_64_0_0_0_0_0_24_0_[0, 64, 6, 50, 15, 40, -1, 0]_[0, 64, 7, 23, 19, 0]
66_66_18_60_0_37_32_64_0_0_0_0_0_24_0_[0, 64, 6, 50, 15, 40, -1, 0]_[0, 64, 7, 23, 19, 0]
67_67_18_60_0_37_32_64_0_0_0_0_0_24_0_[0, 64, 6, 50, 15, 40, -1, 0]_[0, 64, 7, 23, 19, 0]
68_68_18_60_0_37_32_64_0_0_0_0_0_24_0_[0, 64, 6, 50, 15, 40, -1, 0]_[0, 64, 7, 23, 19, 0]
69_69_18_60_0_37_32_64_0_0_0_0_0_24_0_[0, 64, 6, 50, 15, 40, -1, 0]_[0, 64, 7, 23, 19, 0]
70_70_18_60_0_37_32_64_0_0_0_0_0_24_0_[0, 64, 6, 50, 15, 40, -1, 0]_[0, 64, 7, 23, 19, 0]
71_71_18_60_0_37_32_64_0_0_0_0_0_24_0_[0, 64, 6, 50, 15, 40, -1, 0]_[0, 64, 7, 23, 19, 0]
72_72_19_72_0_37_32_64_0_0_0_0_0_24_0_[0, 64, 6, 50, 15, 40, -1, 0]_[0, 64, 7, 23, 19, 0]
73_73_19_72_0_37_32_64_0_0_0_0_0_24_0_[0, 64, 6, 50, 15, 40, -1, 0]_[0, 64, 7, 23, 19, 0]
74_74_19_72_0_37_32_64_0_0_0_0_0_24_0_[0, 64, 6, 50, 15, 40, -1, 0]_[0, 64, 7, 23, 19, 0]
75_75_19_72_0_37_32_64_0_0_0_0_0_24_0_[0, 64, 6, 50, 15, 40, -1, 0]_[0, 64, 7, 23, 19, 0]
76_76_19_72_0_37_32_64_0_0_0_0_0_24_0_[0, 64, 6, 50, 15, 40, -1, 0]_[0, 64, 7, 23, 19, 0]
77_77_19_72_0_37_32_64_0_0_0_0_0_24_0_[0, 64, 6, 50, 15, 40, -1, 0]_[0, 64, 7, 23, 19, 0]
78_78_19_72_0_37_32_64_0_0_0_0_0_24_0_[0, 64, 6, 50, 15, 40, -1, 0]_[0, 64, 7, 23, 19, 0]
79_79_19_72_0_37_32_64_0_0_0_0_0_24_0_[0, 64, 6, 50, 15, 40, -1, 0]_[0, 64, 7, 23, 19, 0]
80_80_19_72_0_37_32_64_0_0_0_0_0_24_0_[0, 64, 6, 50, 15, 40, -1, 0]_[0, 64, 7, 23, 19, 0]
81_81_19_72_0_37_32_64_0_0_0_0_0_24_0_[0, 64, 6, 50, 15, 40, -1, 0]_[0, 64, 7, 23, 19, 0]
82_82_19_72_0_37_32_64_0_0_0_0_0_24_0_[0, 64, 6, 50, 15, 40, -1, 0]_[0, 64, 7, 23, 19, 0]
83_83_19_72_0_37_32_64_0_0_0_0_0_24_0_[0, 64, 6, 50, 15, 40, -1, 0]_[0, 64, 7, 23, 19, 0]
84_84_20_84_0_37_32_64_0_0_0_0_0_24_0_[0, 64, 6, 50, 15, 40, -1, 0]_[0, 64, 7, 23, 19, 0]
85_85_20_84_0_37_32_64_0_0_0_0_0_24_0_[0, 64, 6, 50, 15, 40, -1, 0]_[0, 64, 7, 23, 19, 0]
86_86_20_84_0_37_32_64_0_0_0_0_0_24_0_[0, 64, 6, 50, 15, 40, -1, 0]_[0, 64, 7, 23, 19, 0]
87_87_20_84_0_37_32_64_0_0_0_0_0_24_0_[0, 64, 6, 50, 15, 40, -1, 0]_[0, 64, 7, 23, 19, 0]
88_88_20_84_0_37_32_64_0_0_0_0_0_24_0_[0, 64, 6, 50, 15, 40, -1, 0]_[0, 64, 7, 23, 19, 0]
89_89_20_84_0_37_32_64_0_0_0_0_0_24_0_[0, 64, 6, 50, 15, 40, -1, 0]_[0, 64, 7, 23, 19, 0]
90_90_20_84_0_37_32_64_0_0_0_0_0_24_0_[0, 64, 6, 50, 15, 40, -1, 0]_[0, 64, 7, 23, 19, 0]
91_91_20_84_0_37_32_64_0_0_0_0_0_24_0_[0, 64, 6, 50, 15, 40, -1, 0]_[0, 64, 7, 23, 19, 0]
92_92_20_84_0_37_32_64_0_0_0_0_0_24_0_[0, 64, 6, 50, 15, 40, -1, 0]_[0, 64, 7, 23, 19, 0]
93_93_20_84_0_37_32_64_0_0_0_0_0_24_0_[0, 64, 6, 50, 15, 40, -1, 0]_[0, 64, 7, 23, 19, 0]
94_94_20_84_0_37_32_64_0_0_0_0_0_24_0_[0, 64, 6, 50, 15, 40, -1, 0]_[0, 64, 7, 23, 19, 0]
95_95_20_84_0_37_32_64_0_0_0_0_0_24_0_[0, 64, 6, 50, 15, 40, -1, 0]_[0, 64, 7, 23, 19, 0]
96_96_20_84_0_37_32_64_0_0_0_0_0_24_0_[0, 64, 6, 50, 15, 40, -1, 0]_[0, 64, 7, 23, 19, 0]
97_97_20_84_0_37_32_64_0_0_0_0_0_24_0_[0, 64, 6, 50, 15, 40, -1, 0]_[0, 64, 7, 23, 19, 0]
98_98_20_84_0_37_32_64_0_0_0_0_0_24_0_[0, 64, 6, 50, 15, 40, -1, 0]_[0, 64, 7, 23, 19, 0]
99_99_20_84_0_37_32_64_0_0_0_0_0_24_0_[0, 64, 6, 50, 15, 40, -1, 0]_[0, 64, 7, 23, 19, 0]
100_100_20_84_0_37_32_64_0_0_0_0_0_24_0_[0, 64, 6, 50, 15, 40, -1, 0]_[0, 64, 7, 23, 19, 0]
101_101_20_84_0_37_32_64_0_0_0_0_0_24_0_[0, 64, 6, 50, 15, 40, -1, 0]_[0, 64, 7, 23, 19, 0]
102_102_20_84_0_37_32_64_0_0_0_0_0_24_0_[0, 64, 6, 50, 15, 40, -1, 0]_[0, 64, 7, 23, 19, 0]
103_103_20_84_0_37_32_64_0_0_0_0_0_24_0_[0, 64, 6, 50, 15, 40, -1, 0]_[0, 64, 7, 23, 19, 0]
104_104_20_84_0_37_32_64_0_0_0_0_0_24_0_[0, 64, 6, 50, 15, 40, -1, 0]_[0, 64, 7, 23, 19, 0]
105_105_20_84_0_37_32_64_0_0_0_0_0_24_0_[0, 64, 6, 50, 15, 40, -1, 0]_[0, 64, 7, 23, 19, 0]
106_106_20_84_0_37_32_64_0_0_0_0_0_24_0_[0, 64, 6, 50, 15, 40, -1, 0]_[0, 64, 7, 23, 19, 0]
107_107_20_84_0_37_32_64_0_0_0_0_0_24_0_[0, 64, 6, 50, 15, 40, -1, 0]_[0, 64, 7, 23, 19, 0]
108_108_20_84_0_37_32_64_0_0_0_0_0_24_0_[0, 64, 6, 50, 15, 40, -1, 0]_[0, 64, 7, 23, 19, 0]
109_109_20_84_0_37_32_64_0_0_0_0_0_24_0_[0, 64, 6, 50, 15, 40, -1, 0]_[0, 64, 7, 23, 19, 0]
110_110_20_84_0_37_32_64_0_0_0_0_0_24_0_[0, 64, 6, 50, 15, 40, -1, 0]_[0, 64, 7, 23, 19, 0]
111_111_20_84_0_37_32_64_0_0_0_0_0_24_0_[0, 64, 6, 50, 15, 40, -1, 0]_[0, 64, 7, 23, 19, 0]
112_112_20_84_0_37_32_64_0_0_0_0_0_24_0_[0, 64, 6, 50, 15, 40, -1, 0]_[0, 64, 7, 23, 19, 0]
113_113_20_84_0_37_32_64_0_0_0_0_0_24_0_[0, 64, 6, 50, 15, 40, -1, 0]_[0, 64, 7, 23, 19, 0]
114_114_20_84_0_37_32_64_0_0_0_0_0_24_0_[0, 64, 6, 50, 15, 40, -1, 0]_[0, 64, 7, 23, 19, 0]
115_115_20_84_0_37_32_64_0_0_0_0_0_24_0_[0, 64, 6, 50, 15, 40, -1, 0]_[0, 64, 7, 23, 19, 0]
116_116_20_84_0_37_32_64_0_0_0_0_0_24_0_[0, 64, 6, 50, 15, 40, -1, 0]_[0, 64, 7, 23, 19, 0]
117_117_20_84_0_37_32_64_0_0_0_0_0_24_0_[0, 64, 6, 50, 15, 40, -1, 0]_[0, 64, 7, 23, 19, 0]
118_118_20_84_0_37_32_64_0_0_0_0_0_24_0_[0, 64, 6, 50, 15, 40, -1, 0]_[0, 64, 7, 23, 19, 0]
119_119_20_84_0_37_32_64_0_0_0_0_0_24_0_[0, 64, 6, 50, 15, 40, -1, 0]_[0, 64, 7, 23, 19, 0]
120_120_20_84_0_37_32_64_0_0_0_0_0_24_0_[0, 64, 6, 50, 15, 40, -1, 0]_[0, 64, 7, 23, 19, 0]
121_121_20_84_0_37_32_64_0_0_0_0_0_24_0_[0, 64, 6, 50, 15, 40, -1, 0]_[0, 64, 7, 23, 19, 0]
122_122_20_84_0_37_32_64_0_0_0_0_0_24_0_[0, 64, 6, 50, 15, 40, -1, 0]_[0, 64, 7, 23, 19, 0]
123_123_20_84_0_37_32_64_0_0_0_0_0_24_0_[0, 64, 6, 50, 15, 40, -1, 0]_[0, 64, 7, 23, 19, 0]
124_124_20_84_0_37_32_64_0_0_0_0_0_24_0_[0, 64, 6, 50, 15, 40, -1, 0]_[0, 64, 7, 23, 19, 0]
125_125_20_84_0_37_32_64_0_0_0_0_0_24_0_[0, 64, 6, 50, 15, 40, -1, 0]_[0, 64, 7, 23, 19, 0]
126_126_20_84_0_37_32_64_0_0_0_0_0_24_0_[0, 64, 6, 50, 15, 40, -1, 0]_[0, 64, 7, 23, 19, 0]
127_127_20_84_0_37_32_64_0_0_0_0_0_24_0_[0, 64, 6, 50, 15, 40, -1, 0]_[0, 64, 7, 23, 19, 0]
