0_0_130_60_0_23_32_64_0_0_0_0_0_24_0_null_[0, 64, 7, 14, 25, 0]
1_1_130_60_0_23_32_64_0_0_0_0_0_24_0_null_[0, 64, 7, 14, 25, 0]
2_2_130_60_0_23_32_64_0_0_0_0_0_24_0_null_[0, 64, 7, 14, 25, 0]
3_3_130_60_0_23_32_64_0_0_0_0_0_24_0_null_[0, 64, 7, 14, 25, 0]
4_4_130_60_0_23_32_64_0_0_0_0_0_24_0_null_[0, 64, 7, 14, 25, 0]
5_5_130_60_0_23_32_64_0_0_0_0_0_24_0_null_[0, 64, 7, 14, 25, 0]
6_6_130_60_0_23_32_64_0_0_0_0_0_24_0_null_[0, 64, 7, 14, 25, 0]
7_7_130_60_0_23_32_64_0_0_0_0_0_24_0_null_[0, 64, 7, 14, 25, 0]
8_8_130_60_0_23_32_64_0_0_0_0_0_24_0_null_[0, 64, 7, 14, 25, 0]
9_9_130_60_0_23_32_64_0_0_0_0_0_24_0_null_[0, 64, 7, 14, 25, 0]
10_10_130_60_0_23_32_64_0_0_0_0_0_24_0_null_[0, 64, 7, 14, 25, 0]
11_11_130_60_0_23_32_64_0_0_0_0_0_24_0_null_[0, 64, 7, 14, 25, 0]
12_12_130_60_0_23_32_64_0_0_0_0_0_24_0_null_[0, 64, 7, 14, 25, 0]
13_13_130_60_0_23_32_64_0_0_0_0_0_24_0_null_[0, 64, 7, 14, 25, 0]
14_14_130_60_0_23_32_64_0_0_0_0_0_24_0_null_[0, 64, 7, 14, 25, 0]
15_15_130_60_0_23_32_64_0_0_0_0_0_24_0_null_[0, 64, 7, 14, 25, 0]
16_16_130_60_0_23_32_64_0_0_0_0_0_24_0_null_[0, 64, 7, 14, 25, 0]
17_17_130_60_0_23_32_64_0_0_0_0_0_24_0_null_[0, 64, 7, 14, 25, 0]
18_18_130_60_0_23_32_64_0_0_0_0_0_24_0_null_[0, 64, 7, 14, 25, 0]
19_19_130_60_0_23_32_64_0_0_0_0_0_24_0_null_[0, 64, 7, 14, 25, 0]
20_20_130_60_0_23_32_64_0_0_0_0_0_24_0_null_[0, 64, 7, 14, 25, 0]
21_21_130_60_0_23_32_64_0_0_0_0_0_24_0_null_[0, 64, 7, 14, 25, 0]
22_22_130_60_0_23_32_64_0_0_0_0_0_24_0_null_[0, 64, 7, 14, 25, 0]
23_23_130_60_0_23_32_64_0_0_0_0_0_24_0_null_[0, 64, 7, 14, 25, 0]
24_24_130_60_0_23_32_64_0_0_0_0_0_24_0_null_[0, 64, 7, 14, 25, 0]
25_25_130_60_0_23_32_64_0_0_0_0_0_24_0_null_[0, 64, 7, 14, 25, 0]
26_26_130_60_0_23_32_64_0_0_0_0_0_24_0_null_[0, 64, 7, 14, 25, 0]
27_27_130_60_0_23_32_64_0_0_0_0_0_24_0_null_[0, 64, 7, 14, 25, 0]
28_28_130_60_0_23_32_64_0_0_0_0_0_24_0_null_[0, 64, 7, 14, 25, 0]
29_29_130_60_0_23_32_64_0_0_0_0_0_24_0_null_[0, 64, 7, 14, 25, 0]
30_30_130_60_0_23_32_64_0_0_0_0_0_24_0_null_[0, 64, 7, 14, 25, 0]
31_31_130_60_0_23_32_64_0_0_0_0_0_24_0_null_[0, 64, 7, 14, 25, 0]
32_32_130_60_0_23_32_64_0_0_0_0_0_24_0_null_[0, 64, 7, 14, 25, 0]
33_33_130_60_0_23_32_64_0_0_0_0_0_24_0_null_[0, 64, 7, 14, 25, 0]
34_34_130_60_0_23_32_64_0_0_0_0_0_24_0_null_[0, 64, 7, 14, 25, 0]
35_35_130_60_0_23_32_64_0_0_0_0_0_24_0_null_[0, 64, 7, 14, 25, 0]
36_36_130_60_0_23_32_64_0_0_0_0_0_24_0_null_[0, 64, 7, 14, 25, 0]
37_37_130_60_0_23_32_64_0_0_0_0_0_24_0_null_[0, 64, 7, 14, 25, 0]
38_38_130_60_0_23_32_64_0_0_0_0_0_24_0_null_[0, 64, 7, 14, 25, 0]
39_39_130_60_0_23_32_64_0_0_0_0_0_24_0_null_[0, 64, 7, 14, 25, 0]
40_40_130_60_0_23_32_64_0_0_0_0_0_24_0_null_[0, 64, 7, 14, 25, 0]
41_41_130_60_0_23_32_64_0_0_0_0_0_24_0_null_[0, 64, 7, 14, 25, 0]
42_42_130_60_0_23_32_64_0_0_0_0_0_24_0_null_[0, 64, 7, 14, 25, 0]
43_43_130_60_0_23_32_64_0_0_0_0_0_24_0_null_[0, 64, 7, 14, 25, 0]
44_44_130_60_0_23_32_64_0_0_0_0_0_24_0_null_[0, 64, 7, 14, 25, 0]
45_45_130_60_0_23_32_64_0_0_0_0_0_24_0_null_[0, 64, 7, 14, 25, 0]
46_46_130_60_0_23_32_64_0_0_0_0_0_24_0_null_[0, 64, 7, 14, 25, 0]
47_47_130_60_0_23_32_64_0_0_0_0_0_24_0_null_[0, 64, 7, 14, 25, 0]
48_48_130_60_0_23_32_64_0_0_0_0_0_24_0_null_[0, 64, 7, 14, 25, 0]
49_49_130_60_0_23_32_64_0_0_0_0_0_24_0_null_[0, 64, 7, 14, 25, 0]
50_50_130_60_0_23_32_64_0_0_0_0_0_24_0_null_[0, 64, 7, 14, 25, 0]
51_51_130_60_0_23_32_64_0_0_0_0_0_24_0_null_[0, 64, 7, 14, 25, 0]
52_52_130_60_0_23_32_64_0_0_0_0_0_24_0_null_[0, 64, 7, 14, 25, 0]
53_53_130_60_0_23_32_64_0_0_0_0_0_24_0_null_[0, 64, 7, 14, 25, 0]
54_54_130_60_0_23_32_64_0_0_0_0_0_24_0_null_[0, 64, 7, 14, 25, 0]
55_55_130_60_0_23_32_64_0_0_0_0_0_24_0_null_[0, 64, 7, 14, 25, 0]
56_56_130_60_0_23_32_64_0_0_0_0_0_24_0_null_[0, 64, 7, 14, 25, 0]
57_57_130_60_0_23_32_64_0_0_0_0_0_24_0_null_[0, 64, 7, 14, 25, 0]
58_58_130_60_0_23_32_64_0_0_0_0_0_24_0_null_[0, 64, 7, 14, 25, 0]
59_59_130_60_0_23_32_64_0_0_0_0_0_24_0_null_[0, 64, 7, 14, 25, 0]
60_60_130_60_0_23_32_64_0_0_0_0_0_24_0_null_[0, 64, 7, 14, 25, 0]
61_61_130_60_0_23_32_64_0_0_0_0_0_24_0_null_[0, 64, 7, 14, 25, 0]
62_62_130_60_0_23_32_64_0_0_0_0_0_24_0_null_[0, 64, 7, 14, 25, 0]
63_63_130_60_0_23_32_64_0_0_0_0_0_24_0_null_[0, 64, 7, 14, 25, 0]
64_64_130_60_0_23_32_64_0_0_0_0_0_24_0_null_[0, 64, 7, 14, 25, 0]
65_65_130_60_0_23_32_64_0_0_0_0_0_24_0_null_[0, 64, 7, 14, 25, 0]
66_66_130_60_0_23_32_64_0_0_0_0_0_24_0_null_[0, 64, 7, 14, 25, 0]
67_67_130_60_0_23_32_64_0_0_0_0_0_24_0_null_[0, 64, 7, 14, 25, 0]
68_68_130_60_0_23_32_64_0_0_0_0_0_24_0_null_[0, 64, 7, 14, 25, 0]
69_69_130_60_0_23_32_64_0_0_0_0_0_24_0_null_[0, 64, 7, 14, 25, 0]
70_70_130_60_0_23_32_64_0_0_0_0_0_24_0_null_[0, 64, 7, 14, 25, 0]
71_71_130_60_0_23_32_64_0_0_0_0_0_24_0_null_[0, 64, 7, 14, 25, 0]
72_72_130_60_0_23_32_64_0_0_0_0_0_24_0_null_[0, 64, 7, 14, 25, 0]
73_73_130_60_0_23_32_64_0_0_0_0_0_24_0_null_[0, 64, 7, 14, 25, 0]
74_74_130_60_0_23_32_64_0_0_0_0_0_24_0_null_[0, 64, 7, 14, 25, 0]
75_75_130_60_0_23_32_64_0_0_0_0_0_24_0_null_[0, 64, 7, 14, 25, 0]
76_76_130_60_0_23_32_64_0_0_0_0_0_24_0_null_[0, 64, 7, 14, 25, 0]
77_77_130_60_0_23_32_64_0_0_0_0_0_24_0_null_[0, 64, 7, 14, 25, 0]
78_78_130_60_0_23_32_64_0_0_0_0_0_24_0_null_[0, 64, 7, 14, 25, 0]
79_79_130_60_0_23_32_64_0_0_0_0_0_24_0_null_[0, 64, 7, 14, 25, 0]
80_80_130_60_0_23_32_64_0_0_0_0_0_24_0_null_[0, 64, 7, 14, 25, 0]
81_81_130_60_0_23_32_64_0_0_0_0_0_24_0_null_[0, 64, 7, 14, 25, 0]
82_82_130_60_0_23_32_64_0_0_0_0_0_24_0_null_[0, 64, 7, 14, 25, 0]
83_83_130_60_0_23_32_64_0_0_0_0_0_24_0_null_[0, 64, 7, 14, 25, 0]
84_84_130_60_0_23_32_64_0_0_0_0_0_24_0_null_[0, 64, 7, 14, 25, 0]
85_85_130_60_0_23_32_64_0_0_0_0_0_24_0_null_[0, 64, 7, 14, 25, 0]
86_86_130_60_0_23_32_64_0_0_0_0_0_24_0_null_[0, 64, 7, 14, 25, 0]
87_87_130_60_0_23_32_64_0_0_0_0_0_24_0_null_[0, 64, 7, 14, 25, 0]
88_88_130_60_0_23_32_64_0_0_0_0_0_24_0_null_[0, 64, 7, 14, 25, 0]
89_89_130_60_0_23_32_64_0_0_0_0_0_24_0_null_[0, 64, 7, 14, 25, 0]
90_90_130_60_0_23_32_64_0_0_0_0_0_24_0_null_[0, 64, 7, 14, 25, 0]
91_91_130_60_0_23_32_64_0_0_0_0_0_24_0_null_[0, 64, 7, 14, 25, 0]
92_92_130_60_0_23_32_64_0_0_0_0_0_24_0_null_[0, 64, 7, 14, 25, 0]
93_93_130_60_0_23_32_64_0_0_0_0_0_24_0_null_[0, 64, 7, 14, 25, 0]
94_94_130_60_0_23_32_64_0_0_0_0_0_24_0_null_[0, 64, 7, 14, 25, 0]
95_95_130_60_0_23_32_64_0_0_0_0_0_24_0_null_[0, 64, 7, 14, 25, 0]
96_96_130_60_0_23_32_64_0_0_0_0_0_24_0_null_[0, 64, 7, 14, 25, 0]
97_97_130_60_0_23_32_64_0_0_0_0_0_24_0_null_[0, 64, 7, 14, 25, 0]
98_98_130_60_0_23_32_64_0_0_0_0_0_24_0_null_[0, 64, 7, 14, 25, 0]
99_99_130_60_0_23_32_64_0_0_0_0_0_24_0_null_[0, 64, 7, 14, 25, 0]
100_100_130_60_0_23_32_64_0_0_0_0_0_24_0_null_[0, 64, 7, 14, 25, 0]
101_101_130_60_0_23_32_64_0_0_0_0_0_24_0_null_[0, 64, 7, 14, 25, 0]
102_102_130_60_0_23_32_64_0_0_0_0_0_24_0_null_[0, 64, 7, 14, 25, 0]
103_103_130_60_0_23_32_64_0_0_0_0_0_24_0_null_[0, 64, 7, 14, 25, 0]
104_104_130_60_0_23_32_64_0_0_0_0_0_24_0_null_[0, 64, 7, 14, 25, 0]
105_105_130_60_0_23_32_64_0_0_0_0_0_24_0_null_[0, 64, 7, 14, 25, 0]
106_106_130_60_0_23_32_64_0_0_0_0_0_24_0_null_[0, 64, 7, 14, 25, 0]
107_107_130_60_0_23_32_64_0_0_0_0_0_24_0_null_[0, 64, 7, 14, 25, 0]
108_108_130_60_0_23_32_64_0_0_0_0_0_24_0_null_[0, 64, 7, 14, 25, 0]
109_109_130_60_0_23_32_64_0_0_0_0_0_24_0_null_[0, 64, 7, 14, 25, 0]
110_110_130_60_0_23_32_64_0_0_0_0_0_24_0_null_[0, 64, 7, 14, 25, 0]
111_111_130_60_0_23_32_64_0_0_0_0_0_24_0_null_[0, 64, 7, 14, 25, 0]
112_112_130_60_0_23_32_64_0_0_0_0_0_24_0_null_[0, 64, 7, 14, 25, 0]
113_113_130_60_0_23_32_64_0_0_0_0_0_24_0_null_[0, 64, 7, 14, 25, 0]
114_114_130_60_0_23_32_64_0_0_0_0_0_24_0_null_[0, 64, 7, 14, 25, 0]
115_115_130_60_0_23_32_64_0_0_0_0_0_24_0_null_[0, 64, 7, 14, 25, 0]
116_116_130_60_0_23_32_64_0_0_0_0_0_24_0_null_[0, 64, 7, 14, 25, 0]
117_117_130_60_0_23_32_64_0_0_0_0_0_24_0_null_[0, 64, 7, 14, 25, 0]
118_118_130_60_0_23_32_64_0_0_0_0_0_24_0_null_[0, 64, 7, 14, 25, 0]
119_119_130_60_0_23_32_64_0_0_0_0_0_24_0_null_[0, 64, 7, 14, 25, 0]
120_120_130_60_0_23_32_64_0_0_0_0_0_24_0_null_[0, 64, 7, 14, 25, 0]
121_121_130_60_0_23_32_64_0_0_0_0_0_24_0_null_[0, 64, 7, 14, 25, 0]
122_122_130_60_0_23_32_64_0_0_0_0_0_24_0_null_[0, 64, 7, 14, 25, 0]
123_123_130_60_0_23_32_64_0_0_0_0_0_24_0_null_[0, 64, 7, 14, 25, 0]
124_124_130_60_0_23_32_64_0_0_0_0_0_24_0_null_[0, 64, 7, 14, 25, 0]
125_125_130_60_0_23_32_64_0_0_0_0_0_24_0_null_[0, 64, 7, 14, 25, 0]
126_126_130_60_0_23_32_64_0_0_0_0_0_24_0_null_[0, 64, 7, 14, 25, 0]
127_127_130_60_0_23_32_64_0_0_0_0_0_24_0_null_[0, 64, 7, 14, 25, 0]
