0_0_378_48_0_53_20_64_0_0_0_0_0_24_0_null_[0, 64, 10, 24, 26, 0]
1_1_378_48_0_53_20_64_0_0_0_0_0_24_0_null_[0, 64, 10, 24, 26, 0]
2_2_378_48_0_53_20_64_0_0_0_0_0_24_0_null_[0, 64, 10, 24, 26, 0]
3_3_378_48_0_53_20_64_0_0_0_0_0_24_0_null_[0, 64, 10, 24, 26, 0]
4_4_378_48_0_53_20_64_0_0_0_0_0_24_0_null_[0, 64, 10, 24, 26, 0]
5_5_378_48_0_53_20_64_0_0_0_0_0_24_0_null_[0, 64, 10, 24, 26, 0]
6_6_378_48_0_53_20_64_0_0_0_0_0_24_0_null_[0, 64, 10, 24, 26, 0]
7_7_378_48_0_53_20_64_0_0_0_0_0_24_0_null_[0, 64, 10, 24, 26, 0]
8_8_378_48_0_53_20_64_0_0_0_0_0_24_0_null_[0, 64, 10, 24, 26, 0]
9_9_378_48_0_53_20_64_0_0_0_0_0_24_0_null_[0, 64, 10, 24, 26, 0]
10_10_378_48_0_53_20_64_0_0_0_0_0_24_0_null_[0, 64, 10, 24, 26, 0]
11_11_378_48_0_53_20_64_0_0_0_0_0_24_0_null_[0, 64, 10, 24, 26, 0]
12_12_378_48_0_53_20_64_0_0_0_0_0_24_0_null_[0, 64, 10, 24, 26, 0]
13_13_378_48_0_53_20_64_0_0_0_0_0_24_0_null_[0, 64, 10, 24, 26, 0]
14_14_378_48_0_53_20_64_0_0_0_0_0_24_0_null_[0, 64, 10, 24, 26, 0]
15_15_378_48_0_53_20_64_0_0_0_0_0_24_0_null_[0, 64, 10, 24, 26, 0]
16_16_378_48_0_53_20_64_0_0_0_0_0_24_0_null_[0, 64, 10, 24, 26, 0]
17_17_378_48_0_53_20_64_0_0_0_0_0_24_0_null_[0, 64, 10, 24, 26, 0]
18_18_378_48_0_53_20_64_0_0_0_0_0_24_0_null_[0, 64, 10, 24, 26, 0]
19_19_378_48_0_53_20_64_0_0_0_0_0_24_0_null_[0, 64, 10, 24, 26, 0]
20_20_378_48_0_53_20_64_0_0_0_0_0_24_0_null_[0, 64, 10, 24, 26, 0]
21_21_378_48_0_53_20_64_0_0_0_0_0_24_0_null_[0, 64, 10, 24, 26, 0]
22_22_378_48_0_53_20_64_0_0_0_0_0_24_0_null_[0, 64, 10, 24, 26, 0]
23_23_378_48_0_53_20_64_0_0_0_0_0_24_0_null_[0, 64, 10, 24, 26, 0]
24_24_378_48_0_53_20_64_0_0_0_0_0_24_0_null_[0, 64, 10, 24, 26, 0]
25_25_378_48_0_53_20_64_0_0_0_0_0_24_0_null_[0, 64, 10, 24, 26, 0]
26_26_378_48_0_53_20_64_0_0_0_0_0_24_0_null_[0, 64, 10, 24, 26, 0]
27_27_378_48_0_53_20_64_0_0_0_0_0_24_0_null_[0, 64, 10, 24, 26, 0]
28_28_378_48_0_53_20_64_0_0_0_0_0_24_0_null_[0, 64, 10, 24, 26, 0]
29_29_378_48_0_53_20_64_0_0_0_0_0_24_0_null_[0, 64, 10, 24, 26, 0]
30_30_378_48_0_53_20_64_0_0_0_0_0_24_0_null_[0, 64, 10, 24, 26, 0]
31_31_378_48_0_53_20_64_0_0_0_0_0_24_0_null_[0, 64, 10, 24, 26, 0]
32_32_378_48_0_53_20_64_0_0_0_0_0_24_0_null_[0, 64, 10, 24, 26, 0]
33_33_378_48_0_53_20_64_0_0_0_0_0_24_0_null_[0, 64, 10, 24, 26, 0]
34_34_378_48_0_53_20_64_0_0_0_0_0_24_0_null_[0, 64, 10, 24, 26, 0]
35_35_378_48_0_53_20_64_0_0_0_0_0_24_0_null_[0, 64, 10, 24, 26, 0]
36_36_378_48_0_53_20_64_0_0_0_0_0_24_0_null_[0, 64, 10, 24, 26, 0]
37_37_378_48_0_53_20_64_0_0_0_0_0_24_0_null_[0, 64, 10, 24, 26, 0]
38_38_378_48_0_53_20_64_0_0_0_0_0_24_0_null_[0, 64, 10, 24, 26, 0]
39_39_378_48_0_53_20_64_0_0_0_0_0_24_0_null_[0, 64, 10, 24, 26, 0]
40_40_378_48_0_53_20_64_0_0_0_0_0_24_0_null_[0, 64, 10, 24, 26, 0]
41_41_378_48_0_53_20_64_0_0_0_0_0_24_0_null_[0, 64, 10, 24, 26, 0]
42_42_378_48_0_53_20_64_0_0_0_0_0_24_0_null_[0, 64, 10, 24, 26, 0]
43_43_378_48_0_53_20_64_0_0_0_0_0_24_0_null_[0, 64, 10, 24, 26, 0]
44_44_378_48_0_53_25_64_0_0_0_0_0_24_0_null_[0, 64, 10, 24, 26, 0]
45_45_378_48_0_53_25_64_0_0_0_0_0_24_0_null_[0, 64, 10, 24, 26, 0]
46_46_378_48_0_53_25_64_0_0_0_0_0_24_0_null_[0, 64, 10, 24, 26, 0]
47_47_378_48_0_53_25_64_0_0_0_0_0_24_0_null_[0, 64, 10, 24, 26, 0]
48_48_378_48_0_53_25_64_0_0_0_0_0_24_0_null_[0, 64, 10, 24, 26, 0]
49_49_378_48_0_53_25_64_0_0_0_0_0_24_0_null_[0, 64, 10, 24, 26, 0]
50_50_378_48_0_53_25_64_0_0_0_0_0_24_0_null_[0, 64, 10, 24, 26, 0]
51_51_378_48_0_53_25_64_0_0_0_0_0_24_0_null_[0, 64, 10, 24, 26, 0]
52_52_378_48_0_53_25_64_0_0_0_0_0_24_0_null_[0, 64, 10, 24, 26, 0]
53_53_378_48_0_53_25_64_0_0_0_0_0_24_0_null_[0, 64, 10, 24, 26, 0]
54_54_378_48_0_53_29_64_0_0_0_0_0_24_0_null_[0, 64, 10, 24, 26, 0]
55_55_378_48_0_53_29_64_0_0_0_0_0_24_0_null_[0, 64, 10, 24, 26, 0]
56_56_378_48_0_53_29_64_0_0_0_0_0_24_0_null_[0, 64, 10, 24, 26, 0]
57_57_378_48_0_53_29_64_0_0_0_0_0_24_0_null_[0, 64, 10, 24, 26, 0]
58_58_378_48_0_53_29_64_0_0_0_0_0_24_0_null_[0, 64, 10, 24, 26, 0]
59_59_378_48_0_53_29_64_0_0_0_0_0_24_0_null_[0, 64, 10, 24, 26, 0]
60_60_444_72_0_53_29_64_0_0_0_0_0_24_0_null_[0, 64, 10, 24, 26, 0]
61_61_444_72_0_53_29_64_0_0_0_0_0_24_0_null_[0, 64, 10, 24, 26, 0]
62_62_444_72_0_53_29_64_0_0_0_0_0_24_0_null_[0, 64, 10, 24, 26, 0]
63_63_444_72_0_53_29_64_0_0_0_0_0_24_0_null_[0, 64, 10, 24, 26, 0]
64_64_444_72_0_53_29_64_0_0_0_0_0_24_0_null_[0, 64, 10, 24, 26, 0]
65_65_444_72_0_53_29_64_0_0_0_0_0_24_0_null_[0, 64, 10, 24, 26, 0]
66_66_444_72_0_53_29_64_0_0_0_0_0_24_0_null_[0, 64, 10, 24, 26, 0]
67_67_444_72_0_53_29_64_0_0_0_0_0_24_0_null_[0, 64, 10, 24, 26, 0]
68_68_444_72_0_53_29_64_0_0_0_0_0_24_0_null_[0, 64, 10, 24, 26, 0]
69_69_444_72_0_53_29_64_0_0_0_0_0_24_0_null_[0, 64, 10, 24, 26, 0]
70_70_444_72_0_53_29_64_0_0_0_0_0_24_0_null_[0, 64, 10, 24, 26, 0]
71_71_444_72_0_53_29_64_0_0_0_0_0_24_0_null_[0, 64, 10, 24, 26, 0]
72_72_444_72_0_53_29_64_0_0_0_0_0_24_0_null_[0, 64, 10, 24, 26, 0]
73_73_444_72_0_53_29_64_0_0_0_0_0_24_0_null_[0, 64, 10, 24, 26, 0]
74_74_444_72_0_53_51_64_0_0_0_0_0_24_0_null_[0, 64, 10, 24, 26, 0]
75_75_444_72_0_53_51_64_0_0_0_0_0_24_0_null_[0, 64, 10, 24, 26, 0]
76_76_444_72_0_53_51_64_0_0_0_0_0_24_0_null_[0, 64, 10, 24, 26, 0]
77_77_444_72_0_53_51_64_0_0_0_0_0_24_0_null_[0, 64, 10, 24, 26, 0]
78_78_444_72_0_53_51_64_0_0_0_0_0_24_0_null_[0, 64, 10, 24, 26, 0]
79_79_444_72_0_53_51_64_0_0_0_0_0_24_0_null_[0, 64, 10, 24, 26, 0]
80_80_501_84_0_53_51_64_0_0_0_0_0_24_0_null_[0, 64, 10, 24, 26, 0]
81_81_501_84_0_53_51_64_0_0_0_0_0_24_0_null_[0, 64, 10, 24, 26, 0]
82_82_501_84_0_53_51_64_0_0_0_0_0_24_0_null_[0, 64, 10, 24, 26, 0]
83_83_501_84_0_53_51_64_0_0_0_0_0_24_0_null_[0, 64, 10, 24, 26, 0]
84_84_501_84_0_53_51_64_0_0_0_0_0_24_0_null_[0, 64, 10, 24, 26, 0]
85_85_501_84_0_53_51_64_0_0_0_0_0_24_0_null_[0, 64, 10, 24, 26, 0]
86_86_501_84_0_53_51_64_0_0_0_0_0_24_0_null_[0, 64, 10, 24, 26, 0]
87_87_501_84_0_53_51_64_0_0_0_0_0_24_0_null_[0, 64, 10, 24, 26, 0]
88_88_501_84_0_53_51_64_0_0_0_0_0_24_0_null_[0, 64, 10, 24, 26, 0]
89_89_501_84_0_53_51_64_0_0_0_0_0_24_0_null_[0, 64, 10, 24, 26, 0]
90_90_501_84_0_53_51_64_0_0_0_0_0_24_0_null_[0, 64, 10, 24, 26, 0]
91_91_501_84_0_53_51_64_0_0_0_0_0_24_0_null_[0, 64, 10, 24, 26, 0]
92_92_501_84_0_53_51_64_0_0_0_0_0_24_0_null_[0, 64, 10, 24, 26, 0]
93_93_501_84_0_53_51_64_0_0_0_0_0_24_0_null_[0, 64, 10, 24, 26, 0]
94_94_501_84_0_53_51_64_0_0_0_0_0_24_0_null_[0, 64, 10, 24, 26, 0]
95_95_501_84_0_53_51_64_0_0_0_0_0_24_0_null_[0, 64, 10, 24, 26, 0]
96_96_501_84_0_53_51_64_0_0_0_0_0_24_0_null_[0, 64, 10, 24, 26, 0]
97_97_501_84_0_53_51_64_0_0_0_0_0_24_0_null_[0, 64, 10, 24, 26, 0]
98_98_501_84_0_53_51_64_0_0_0_0_0_24_0_null_[0, 64, 10, 24, 26, 0]
99_99_501_84_0_53_51_64_0_0_0_0_0_24_0_null_[0, 64, 10, 24, 26, 0]
100_100_501_84_0_53_51_64_0_0_0_0_0_24_0_null_[0, 64, 10, 24, 26, 0]
101_101_501_84_0_53_51_64_0_0_0_0_0_24_0_null_[0, 64, 10, 24, 26, 0]
102_102_501_84_0_53_51_64_0_0_0_0_0_24_0_null_[0, 64, 10, 24, 26, 0]
103_103_501_84_0_53_51_64_0_0_0_0_0_24_0_null_[0, 64, 10, 24, 26, 0]
104_104_501_84_0_53_51_64_0_0_0_0_0_24_0_null_[0, 64, 10, 24, 26, 0]
105_105_501_84_0_53_51_64_0_0_0_0_0_24_0_null_[0, 64, 10, 24, 26, 0]
106_106_501_84_0_53_51_64_0_0_0_0_0_24_0_null_[0, 64, 10, 24, 26, 0]
107_107_501_84_0_53_51_64_0_0_0_0_0_24_0_null_[0, 64, 10, 24, 26, 0]
108_108_501_84_0_53_51_64_0_0_0_0_0_24_0_null_[0, 64, 10, 24, 26, 0]
109_109_501_84_0_53_51_64_0_0_0_0_0_24_0_null_[0, 64, 10, 24, 26, 0]
110_110_501_84_0_53_51_64_0_0_0_0_0_24_0_null_[0, 64, 10, 24, 26, 0]
111_111_501_84_0_53_51_64_0_0_0_0_0_24_0_null_[0, 64, 10, 24, 26, 0]
112_112_501_84_0_53_51_64_0_0_0_0_0_24_0_null_[0, 64, 10, 24, 26, 0]
113_113_501_84_0_53_51_64_0_0_0_0_0_24_0_null_[0, 64, 10, 24, 26, 0]
114_114_501_84_0_53_51_64_0_0_0_0_0_24_0_null_[0, 64, 10, 24, 26, 0]
115_115_501_84_0_53_51_64_0_0_0_0_0_24_0_null_[0, 64, 10, 24, 26, 0]
116_116_501_84_0_53_51_64_0_0_0_0_0_24_0_null_[0, 64, 10, 24, 26, 0]
117_117_501_84_0_53_51_64_0_0_0_0_0_24_0_null_[0, 64, 10, 24, 26, 0]
118_118_501_84_0_53_51_64_0_0_0_0_0_24_0_null_[0, 64, 10, 24, 26, 0]
119_119_501_84_0_53_51_64_0_0_0_0_0_24_0_null_[0, 64, 10, 24, 26, 0]
120_120_501_84_0_53_51_64_0_0_0_0_0_24_0_null_[0, 64, 10, 24, 26, 0]
121_121_501_84_0_53_51_64_0_0_0_0_0_24_0_null_[0, 64, 10, 24, 26, 0]
122_122_501_84_0_53_51_64_0_0_0_0_0_24_0_null_[0, 64, 10, 24, 26, 0]
123_123_501_84_0_53_51_64_0_0_0_0_0_24_0_null_[0, 64, 10, 24, 26, 0]
124_124_501_84_0_53_51_64_0_0_0_0_0_24_0_null_[0, 64, 10, 24, 26, 0]
125_125_501_84_0_53_51_64_0_0_0_0_0_24_0_null_[0, 64, 10, 24, 26, 0]
126_126_501_84_0_53_51_64_0_0_0_0_0_24_0_null_[0, 64, 10, 24, 26, 0]
127_127_501_84_0_53_51_64_0_0_0_0_0_24_0_null_[0, 64, 10, 24, 26, 0]
