0_0_137_47_0_29_32_64_0_0_0_0_0_24_0_null_[0, 64, 5, 17, 11, 0]
1_1_137_47_0_29_32_64_0_0_0_0_0_24_0_null_[0, 64, 5, 17, 11, 0]
2_2_137_47_0_29_32_64_0_0_0_0_0_24_0_null_[0, 64, 5, 17, 11, 0]
3_3_137_47_0_29_32_64_0_0_0_0_0_24_0_null_[0, 64, 5, 17, 11, 0]
4_4_137_47_0_29_32_64_0_0_0_0_0_24_0_null_[0, 64, 5, 17, 11, 0]
5_5_137_47_0_29_32_64_0_0_0_0_0_24_0_null_[0, 64, 5, 17, 11, 0]
6_6_137_47_0_29_32_64_0_0_0_0_0_24_0_null_[0, 64, 5, 17, 11, 0]
7_7_137_47_0_29_32_64_0_0_0_0_0_24_0_null_[0, 64, 5, 17, 11, 0]
8_8_137_47_0_29_32_64_0_0_0_0_0_24_0_null_[0, 64, 5, 17, 11, 0]
9_9_137_47_0_29_32_64_0_0_0_0_0_24_0_null_[0, 64, 5, 17, 11, 0]
10_10_137_47_0_29_32_64_0_0_0_0_0_24_0_null_[0, 64, 5, 17, 11, 0]
11_11_137_47_0_29_32_64_0_0_0_0_0_24_0_null_[0, 64, 5, 17, 11, 0]
12_12_137_47_0_29_32_64_0_0_0_0_0_24_0_null_[0, 64, 5, 17, 11, 0]
13_13_137_47_0_29_32_64_0_0_0_0_0_24_0_null_[0, 64, 5, 17, 11, 0]
14_14_137_47_0_29_32_64_0_0_0_0_0_24_0_null_[0, 64, 5, 17, 11, 0]
15_15_137_47_0_29_32_64_0_0_0_0_0_24_0_null_[0, 64, 5, 17, 11, 0]
16_16_137_47_0_29_32_64_0_0_0_0_0_24_0_null_[0, 64, 5, 17, 11, 0]
17_17_137_47_0_29_32_64_0_0_0_0_0_24_0_null_[0, 64, 5, 17, 11, 0]
18_18_137_47_0_29_32_64_0_0_0_0_0_24_0_null_[0, 64, 5, 17, 11, 0]
19_19_137_47_0_29_32_64_0_0_0_0_0_24_0_null_[0, 64, 5, 17, 11, 0]
20_20_137_47_0_29_32_64_0_0_0_0_0_24_0_null_[0, 64, 5, 17, 11, 0]
21_21_137_47_0_29_32_64_0_0_0_0_0_24_0_null_[0, 64, 5, 17, 11, 0]
22_22_137_47_0_29_32_64_0_0_0_0_0_24_0_null_[0, 64, 5, 17, 11, 0]
23_23_137_47_0_29_32_64_0_0_0_0_0_24_0_null_[0, 64, 5, 17, 11, 0]
24_24_137_47_0_29_32_64_0_0_0_0_0_24_0_null_[0, 64, 5, 17, 11, 0]
25_25_137_47_0_29_32_64_0_0_0_0_0_24_0_null_[0, 64, 5, 17, 11, 0]
26_26_137_47_0_29_32_64_0_0_0_0_0_24_0_null_[0, 64, 5, 17, 11, 0]
27_27_137_47_0_29_32_64_0_0_0_0_0_24_0_null_[0, 64, 5, 17, 11, 0]
28_28_137_47_0_29_32_64_0_0_0_0_0_24_0_null_[0, 64, 5, 17, 11, 0]
29_29_137_47_0_29_32_64_0_0_0_0_0_24_0_null_[0, 64, 5, 17, 11, 0]
30_30_137_47_0_29_32_64_0_0_0_0_0_24_0_null_[0, 64, 5, 17, 11, 0]
31_31_137_47_0_29_32_64_0_0_0_0_0_24_0_null_[0, 64, 5, 17, 11, 0]
32_32_137_47_0_29_32_64_0_0_0_0_0_24_0_null_[0, 64, 5, 17, 11, 0]
33_33_137_47_0_29_32_64_0_0_0_0_0_24_0_null_[0, 64, 5, 17, 11, 0]
34_34_137_47_0_29_32_64_0_0_0_0_0_24_0_null_[0, 64, 5, 17, 11, 0]
35_35_137_47_0_29_32_64_0_0_0_0_0_24_0_null_[0, 64, 5, 17, 11, 0]
36_36_137_47_0_29_32_64_0_0_0_0_0_24_0_null_[0, 64, 5, 17, 11, 0]
37_37_137_47_0_29_32_64_0_0_0_0_0_24_0_null_[0, 64, 5, 17, 11, 0]
38_38_137_47_0_29_32_64_0_0_0_0_0_24_0_null_[0, 64, 5, 17, 11, 0]
39_39_137_47_0_29_32_64_0_0_0_0_0_24_0_null_[0, 64, 5, 17, 11, 0]
40_40_137_47_0_29_32_64_0_0_0_0_0_24_0_null_[0, 64, 5, 17, 11, 0]
41_41_137_47_0_29_32_64_0_0_0_0_0_24_0_null_[0, 64, 5, 17, 11, 0]
42_42_137_47_0_29_32_64_0_0_0_0_0_24_0_null_[0, 64, 5, 17, 11, 0]
43_43_137_47_0_29_32_64_0_0_0_0_0_24_0_null_[0, 64, 5, 17, 11, 0]
44_44_137_47_0_29_32_64_0_0_0_0_0_24_0_null_[0, 64, 5, 17, 11, 0]
45_45_137_47_0_29_32_64_0_0_0_0_0_24_0_null_[0, 64, 5, 17, 11, 0]
46_46_137_47_0_29_32_64_0_0_0_0_0_24_0_null_[0, 64, 5, 17, 11, 0]
47_47_137_47_0_29_32_64_0_0_0_0_0_24_0_null_[0, 64, 5, 17, 11, 0]
48_48_137_47_0_29_32_64_0_0_0_0_0_24_0_null_[0, 64, 5, 17, 11, 0]
49_49_137_47_0_29_32_64_0_0_0_0_0_24_0_null_[0, 64, 5, 17, 11, 0]
50_50_137_47_0_29_32_64_0_0_0_0_0_24_0_null_[0, 64, 5, 17, 11, 0]
51_51_138_60_0_29_32_64_0_0_0_0_0_24_0_null_[0, 64, 5, 17, 11, 0]
52_52_138_60_0_29_32_64_0_0_0_0_0_24_0_null_[0, 64, 5, 17, 11, 0]
53_53_138_60_0_29_32_64_0_0_0_0_0_24_0_null_[0, 64, 5, 17, 11, 0]
54_54_138_60_0_29_32_64_0_0_0_0_0_24_0_null_[0, 64, 5, 17, 11, 0]
55_55_138_60_0_29_32_64_0_0_0_0_0_24_0_null_[0, 64, 5, 17, 11, 0]
56_56_138_60_0_29_32_64_0_0_0_0_0_24_0_null_[0, 64, 5, 17, 11, 0]
57_57_138_60_0_29_32_64_0_0_0_0_0_24_0_null_[0, 64, 5, 17, 11, 0]
58_58_138_60_0_29_32_64_0_0_0_0_0_24_0_null_[0, 64, 5, 17, 11, 0]
59_59_138_60_0_29_32_64_0_0_0_0_0_24_0_null_[0, 64, 5, 17, 11, 0]
60_60_138_60_0_29_32_64_0_0_0_0_0_24_0_null_[0, 64, 5, 17, 11, 0]
61_61_138_60_0_29_32_64_0_0_0_0_0_24_0_null_[0, 64, 5, 17, 11, 0]
62_62_138_60_0_29_32_64_0_0_0_0_0_24_0_null_[0, 64, 5, 17, 11, 0]
63_63_138_60_0_29_32_64_0_0_0_0_0_24_0_null_[0, 64, 5, 17, 11, 0]
64_64_138_60_0_29_32_64_0_0_0_0_0_24_0_null_[0, 64, 5, 17, 11, 0]
65_65_138_60_0_29_32_64_0_0_0_0_0_24_0_null_[0, 64, 5, 17, 11, 0]
66_66_138_60_0_29_32_64_0_0_0_0_0_24_0_null_[0, 64, 5, 17, 11, 0]
67_67_138_60_0_29_32_64_0_0_0_0_0_24_0_null_[0, 64, 5, 17, 11, 0]
68_68_138_60_0_29_32_64_0_0_0_0_0_24_0_null_[0, 64, 5, 17, 11, 0]
69_69_138_60_0_29_32_64_0_0_0_0_0_24_0_null_[0, 64, 5, 17, 11, 0]
70_70_138_60_0_29_32_64_0_0_0_0_0_24_0_null_[0, 64, 5, 17, 11, 0]
71_71_138_60_0_29_32_64_0_0_0_0_0_24_0_null_[0, 64, 5, 17, 11, 0]
72_72_138_60_0_29_32_64_0_0_0_0_0_24_0_null_[0, 64, 5, 17, 11, 0]
73_73_138_60_0_29_32_64_0_0_0_0_0_24_0_null_[0, 64, 5, 17, 11, 0]
74_74_138_60_0_29_32_64_0_0_0_0_0_24_0_null_[0, 64, 5, 17, 11, 0]
75_75_139_84_0_29_32_64_0_0_0_0_0_24_0_null_[0, 64, 5, 17, 11, 0]
76_76_139_84_0_29_32_64_0_0_0_0_0_24_0_null_[0, 64, 5, 17, 11, 0]
77_77_139_84_0_29_32_64_0_0_0_0_0_24_0_null_[0, 64, 5, 17, 11, 0]
78_78_139_84_0_29_32_64_0_0_0_0_0_24_0_null_[0, 64, 5, 17, 11, 0]
79_79_139_84_0_29_32_64_0_0_0_0_0_24_0_null_[0, 64, 5, 17, 11, 0]
80_80_139_84_0_29_32_64_0_0_0_0_0_24_0_null_[0, 64, 5, 17, 11, 0]
81_81_139_84_0_29_32_64_0_0_0_0_0_24_0_null_[0, 64, 5, 17, 11, 0]
82_82_139_84_0_29_32_64_0_0_0_0_0_24_0_null_[0, 64, 5, 17, 11, 0]
83_83_139_84_0_29_32_64_0_0_0_0_0_24_0_null_[0, 64, 5, 17, 11, 0]
84_84_139_84_0_29_32_64_0_0_0_0_0_24_0_null_[0, 64, 5, 17, 11, 0]
85_85_139_84_0_29_32_64_0_0_0_0_0_24_0_null_[0, 64, 5, 17, 11, 0]
86_86_139_84_0_29_32_64_0_0_0_0_0_24_0_null_[0, 64, 5, 17, 11, 0]
87_87_139_84_0_29_32_64_0_0_0_0_0_24_0_null_[0, 64, 5, 17, 11, 0]
88_88_139_84_0_29_32_64_0_0_0_0_0_24_0_null_[0, 64, 5, 17, 11, 0]
89_89_139_84_0_29_32_64_0_0_0_0_0_24_0_null_[0, 64, 5, 17, 11, 0]
90_90_139_84_0_29_32_64_0_0_0_0_0_24_0_null_[0, 64, 5, 17, 11, 0]
91_91_139_84_0_29_32_64_0_0_0_0_0_24_0_null_[0, 64, 5, 17, 11, 0]
92_92_139_84_0_29_32_64_0_0_0_0_0_24_0_null_[0, 64, 5, 17, 11, 0]
93_93_139_84_0_29_32_64_0_0_0_0_0_24_0_null_[0, 64, 5, 17, 11, 0]
94_94_139_84_0_29_32_64_0_0_0_0_0_24_0_null_[0, 64, 5, 17, 11, 0]
95_95_139_84_0_29_32_64_0_0_0_0_0_24_0_null_[0, 64, 5, 17, 11, 0]
96_96_139_84_0_29_32_64_0_0_0_0_0_24_0_null_[0, 64, 5, 17, 11, 0]
97_97_139_84_0_29_32_64_0_0_0_0_0_24_0_null_[0, 64, 5, 17, 11, 0]
98_98_139_84_0_29_32_64_0_0_0_0_0_24_0_null_[0, 64, 5, 17, 11, 0]
99_99_139_84_0_29_32_64_0_0_0_0_0_24_0_null_[0, 64, 5, 17, 11, 0]
100_100_139_84_0_29_32_64_0_0_0_0_0_24_0_null_[0, 64, 5, 17, 11, 0]
101_101_139_84_0_29_32_64_0_0_0_0_0_24_0_null_[0, 64, 5, 17, 11, 0]
102_102_139_84_0_29_32_64_0_0_0_0_0_24_0_null_[0, 64, 5, 17, 11, 0]
103_103_139_84_0_29_32_64_0_0_0_0_0_24_0_null_[0, 64, 5, 17, 11, 0]
104_104_139_84_0_29_32_64_0_0_0_0_0_24_0_null_[0, 64, 5, 17, 11, 0]
105_105_139_84_0_29_32_64_0_0_0_0_0_24_0_null_[0, 64, 5, 17, 11, 0]
106_106_139_84_0_29_32_64_0_0_0_0_0_24_0_null_[0, 64, 5, 17, 11, 0]
107_107_139_84_0_29_32_64_0_0_0_0_0_24_0_null_[0, 64, 5, 17, 11, 0]
108_108_139_84_0_29_32_64_0_0_0_0_0_24_0_null_[0, 64, 5, 17, 11, 0]
109_109_139_84_0_29_32_64_0_0_0_0_0_24_0_null_[0, 64, 5, 17, 11, 0]
110_110_139_84_0_29_32_64_0_0_0_0_0_24_0_null_[0, 64, 5, 17, 11, 0]
111_111_139_84_0_29_32_64_0_0_0_0_0_24_0_null_[0, 64, 5, 17, 11, 0]
112_112_139_84_0_29_32_64_0_0_0_0_0_24_0_null_[0, 64, 5, 17, 11, 0]
113_113_139_84_0_29_32_64_0_0_0_0_0_24_0_null_[0, 64, 5, 17, 11, 0]
114_114_139_84_0_29_32_64_0_0_0_0_0_24_0_null_[0, 64, 5, 17, 11, 0]
115_115_139_84_0_29_32_64_0_0_0_0_0_24_0_null_[0, 64, 5, 17, 11, 0]
116_116_139_84_0_29_32_64_0_0_0_0_0_24_0_null_[0, 64, 5, 17, 11, 0]
117_117_139_84_0_29_32_64_0_0_0_0_0_24_0_null_[0, 64, 5, 17, 11, 0]
118_118_139_84_0_29_32_64_0_0_0_0_0_24_0_null_[0, 64, 5, 17, 11, 0]
119_119_139_84_0_29_32_64_0_0_0_0_0_24_0_null_[0, 64, 5, 17, 11, 0]
120_120_139_84_0_29_32_64_0_0_0_0_0_24_0_null_[0, 64, 5, 17, 11, 0]
121_121_139_84_0_29_32_64_0_0_0_0_0_24_0_null_[0, 64, 5, 17, 11, 0]
122_122_139_84_0_29_32_64_0_0_0_0_0_24_0_null_[0, 64, 5, 17, 11, 0]
123_123_139_84_0_29_32_64_0_0_0_0_0_24_0_null_[0, 64, 5, 17, 11, 0]
124_124_139_84_0_29_32_64_0_0_0_0_0_24_0_null_[0, 64, 5, 17, 11, 0]
125_125_139_84_0_29_32_64_0_0_0_0_0_24_0_null_[0, 64, 5, 17, 11, 0]
126_126_139_84_0_29_32_64_0_0_0_0_0_24_0_null_[0, 64, 5, 17, 11, 0]
127_127_139_84_0_29_32_64_0_0_0_0_0_24_0_null_[0, 64, 5, 17, 11, 0]
