0_0_140_69_0_40_43_64_0_0_0_0_0_24_0_null_[0, 64, 7, 19, 17, 0]
1_1_140_69_0_40_43_64_0_0_0_0_0_24_0_null_[0, 64, 7, 19, 17, 0]
2_2_140_69_0_40_43_64_0_0_0_0_0_24_0_null_[0, 64, 7, 19, 17, 0]
3_3_140_69_0_40_43_64_0_0_0_0_0_24_0_null_[0, 64, 7, 19, 17, 0]
4_4_140_69_0_40_43_64_0_0_0_0_0_24_0_null_[0, 64, 7, 19, 17, 0]
5_5_140_69_0_40_43_64_0_0_0_0_0_24_0_null_[0, 64, 7, 19, 17, 0]
6_6_140_69_0_40_43_64_0_0_0_0_0_24_0_null_[0, 64, 7, 19, 17, 0]
7_7_140_69_0_40_43_64_0_0_0_0_0_24_0_null_[0, 64, 7, 19, 17, 0]
8_8_140_69_0_40_43_64_0_0_0_0_0_24_0_null_[0, 64, 7, 19, 17, 0]
9_9_140_69_0_40_43_64_0_0_0_0_0_24_0_null_[0, 64, 7, 19, 17, 0]
10_10_140_69_0_40_43_64_0_0_0_0_0_24_0_null_[0, 64, 7, 19, 17, 0]
11_11_140_69_0_40_43_64_0_0_0_0_0_24_0_null_[0, 64, 7, 19, 17, 0]
12_12_140_69_0_40_43_64_0_0_0_0_0_24_0_null_[0, 64, 7, 19, 17, 0]
13_13_140_69_0_40_43_64_0_0_0_0_0_24_0_null_[0, 64, 7, 19, 17, 0]
14_14_140_69_0_40_43_64_0_0_0_0_0_24_0_null_[0, 64, 7, 19, 17, 0]
15_15_140_69_0_40_43_64_0_0_0_0_0_24_0_null_[0, 64, 7, 19, 17, 0]
16_16_140_69_0_40_43_64_0_0_0_0_0_24_0_null_[0, 64, 7, 19, 17, 0]
17_17_140_69_0_40_43_64_0_0_0_0_0_24_0_null_[0, 64, 7, 19, 17, 0]
18_18_140_69_0_40_43_64_0_0_0_0_0_24_0_null_[0, 64, 7, 19, 17, 0]
19_19_140_69_0_40_43_64_0_0_0_0_0_24_0_null_[0, 64, 7, 19, 17, 0]
20_20_140_69_0_40_43_64_0_0_0_0_0_24_0_null_[0, 64, 7, 19, 17, 0]
21_21_140_69_0_40_43_64_0_0_0_0_0_24_0_null_[0, 64, 7, 19, 17, 0]
22_22_140_69_0_40_43_64_0_0_0_0_0_24_0_null_[0, 64, 7, 19, 17, 0]
23_23_140_69_0_40_43_64_0_0_0_0_0_24_0_null_[0, 64, 7, 19, 17, 0]
24_24_140_69_0_40_43_64_0_0_0_0_0_24_0_null_[0, 64, 7, 19, 17, 0]
25_25_140_69_0_40_43_64_0_0_0_0_0_24_0_null_[0, 64, 7, 19, 17, 0]
26_26_140_69_0_40_43_64_0_0_0_0_0_24_0_null_[0, 64, 7, 19, 17, 0]
27_27_140_69_0_40_43_64_0_0_0_0_0_24_0_null_[0, 64, 7, 19, 17, 0]
28_28_140_69_0_40_43_64_0_0_0_0_0_24_0_null_[0, 64, 7, 19, 17, 0]
29_29_140_69_0_40_43_64_0_0_0_0_0_24_0_null_[0, 64, 7, 19, 17, 0]
30_30_140_69_0_40_43_64_0_0_0_0_0_24_0_null_[0, 64, 7, 19, 17, 0]
31_31_140_69_0_40_43_64_0_0_0_0_0_24_0_null_[0, 64, 7, 19, 17, 0]
32_32_140_69_0_40_43_64_0_0_0_0_0_24_0_null_[0, 64, 7, 19, 17, 0]
33_33_140_69_0_40_43_64_0_0_0_0_0_24_0_null_[0, 64, 7, 19, 17, 0]
34_34_140_69_0_40_43_64_0_0_0_0_0_24_0_null_[0, 64, 7, 19, 17, 0]
35_35_140_69_0_40_43_64_0_0_0_0_0_24_0_null_[0, 64, 7, 19, 17, 0]
36_36_140_69_0_40_43_64_0_0_0_0_0_24_0_null_[0, 64, 7, 19, 17, 0]
37_37_140_69_0_40_43_64_0_0_0_0_0_24_0_null_[0, 64, 7, 19, 17, 0]
38_38_140_69_0_40_43_64_0_0_0_0_0_24_0_null_[0, 64, 7, 19, 17, 0]
39_39_140_69_0_40_43_64_0_0_0_0_0_24_0_null_[0, 64, 7, 19, 17, 0]
40_40_140_69_0_40_43_64_0_0_0_0_0_24_0_null_[0, 64, 7, 19, 17, 0]
41_41_140_69_0_40_43_64_0_0_0_0_0_24_0_null_[0, 64, 7, 19, 17, 0]
42_42_140_69_0_40_43_64_0_0_0_0_0_24_0_null_[0, 64, 7, 19, 17, 0]
43_43_140_69_0_40_43_64_0_0_0_0_0_24_0_null_[0, 64, 7, 19, 17, 0]
44_44_140_69_0_40_43_64_0_0_0_0_0_24_0_null_[0, 64, 7, 19, 17, 0]
45_45_140_69_0_40_43_64_0_0_0_0_0_24_0_null_[0, 64, 7, 19, 17, 0]
46_46_140_69_0_40_43_64_0_0_0_0_0_24_0_null_[0, 64, 7, 19, 17, 0]
47_47_140_69_0_40_43_64_0_0_0_0_0_24_0_null_[0, 64, 7, 19, 17, 0]
48_48_140_69_0_40_43_64_0_0_0_0_0_24_0_null_[0, 64, 7, 19, 17, 0]
49_49_140_69_0_40_43_64_0_0_0_0_0_24_0_null_[0, 64, 7, 19, 17, 0]
50_50_140_69_0_40_43_64_0_0_0_0_0_24_0_null_[0, 64, 7, 19, 17, 0]
51_51_140_69_0_40_43_64_0_0_0_0_0_24_0_null_[0, 64, 7, 19, 17, 0]
52_52_140_69_0_40_43_64_0_0_0_0_0_24_0_null_[0, 64, 7, 19, 17, 0]
53_53_140_69_0_40_43_64_0_0_0_0_0_24_0_null_[0, 64, 7, 19, 17, 0]
54_54_140_69_0_40_43_64_0_0_0_0_0_24_0_null_[0, 64, 7, 19, 17, 0]
55_55_140_69_0_40_43_64_0_0_0_0_0_24_0_null_[0, 64, 7, 19, 17, 0]
56_56_140_69_0_40_43_64_0_0_0_0_0_24_0_null_[0, 64, 7, 19, 17, 0]
57_57_140_69_0_40_43_64_0_0_0_0_0_24_0_null_[0, 64, 7, 19, 17, 0]
58_58_140_69_0_40_43_64_0_0_0_0_0_24_0_null_[0, 64, 7, 19, 17, 0]
59_59_140_69_0_40_43_64_0_0_0_0_0_24_0_null_[0, 64, 7, 19, 17, 0]
60_60_140_69_0_40_43_64_0_0_0_0_0_24_0_null_[0, 64, 7, 19, 17, 0]
61_61_140_69_0_40_43_64_0_0_0_0_0_24_0_null_[0, 64, 7, 19, 17, 0]
62_62_140_69_0_40_43_64_0_0_0_0_0_24_0_null_[0, 64, 7, 19, 17, 0]
63_63_140_69_0_40_43_64_0_0_0_0_0_24_0_null_[0, 64, 7, 19, 17, 0]
64_64_140_69_0_40_43_64_0_0_0_0_0_24_0_null_[0, 64, 7, 19, 17, 0]
65_65_140_69_0_40_43_64_0_0_0_0_0_24_0_null_[0, 64, 7, 19, 17, 0]
66_66_140_69_0_40_43_64_0_0_0_0_0_24_0_null_[0, 64, 7, 19, 17, 0]
67_67_140_69_0_40_43_64_0_0_0_0_0_24_0_null_[0, 64, 7, 19, 17, 0]
68_68_140_69_0_40_43_64_0_0_0_0_0_24_0_null_[0, 64, 7, 19, 17, 0]
69_69_140_69_0_40_43_64_0_0_0_0_0_24_0_null_[0, 64, 7, 19, 17, 0]
70_70_140_69_0_40_43_64_0_0_0_0_0_24_0_null_[0, 64, 7, 19, 17, 0]
71_71_140_69_0_40_43_64_0_0_0_0_0_24_0_null_[0, 64, 7, 19, 17, 0]
72_72_140_69_0_40_43_64_0_0_0_0_0_24_0_null_[0, 64, 7, 19, 17, 0]
73_73_140_69_0_40_43_64_0_0_0_0_0_24_0_null_[0, 64, 7, 19, 17, 0]
74_74_140_69_0_40_43_64_0_0_0_0_0_24_0_null_[0, 64, 7, 19, 17, 0]
75_75_140_69_0_40_43_64_0_0_0_0_0_24_0_null_[0, 64, 7, 19, 17, 0]
76_76_140_69_0_40_43_64_0_0_0_0_0_24_0_null_[0, 64, 7, 19, 17, 0]
77_77_140_69_0_40_43_64_0_0_0_0_0_24_0_null_[0, 64, 7, 19, 17, 0]
78_78_140_69_0_40_43_64_0_0_0_0_0_24_0_null_[0, 64, 7, 19, 17, 0]
79_79_140_69_0_40_43_64_0_0_0_0_0_24_0_null_[0, 64, 7, 19, 17, 0]
80_80_140_69_0_40_43_64_0_0_0_0_0_24_0_null_[0, 64, 7, 19, 17, 0]
81_81_140_69_0_40_43_64_0_0_0_0_0_24_0_null_[0, 64, 7, 19, 17, 0]
82_82_140_69_0_40_43_64_0_0_0_0_0_24_0_null_[0, 64, 7, 19, 17, 0]
83_83_140_69_0_40_43_64_0_0_0_0_0_24_0_null_[0, 64, 7, 19, 17, 0]
84_84_140_69_0_40_43_64_0_0_0_0_0_24_0_null_[0, 64, 7, 19, 17, 0]
85_85_140_69_0_40_43_64_0_0_0_0_0_24_0_null_[0, 64, 7, 19, 17, 0]
86_86_140_69_0_40_43_64_0_0_0_0_0_24_0_null_[0, 64, 7, 19, 17, 0]
87_87_140_69_0_40_43_64_0_0_0_0_0_24_0_null_[0, 64, 7, 19, 17, 0]
88_88_140_69_0_40_43_64_0_0_0_0_0_24_0_null_[0, 64, 7, 19, 17, 0]
89_89_140_69_0_40_43_64_0_0_0_0_0_24_0_null_[0, 64, 7, 19, 17, 0]
90_90_140_69_0_40_43_64_0_0_0_0_0_24_0_null_[0, 64, 7, 19, 17, 0]
91_91_140_69_0_40_43_64_0_0_0_0_0_24_0_null_[0, 64, 7, 19, 17, 0]
92_92_140_69_0_40_43_64_0_0_0_0_0_24_0_null_[0, 64, 7, 19, 17, 0]
93_93_140_69_0_40_43_64_0_0_0_0_0_24_0_null_[0, 64, 7, 19, 17, 0]
94_94_140_69_0_40_43_64_0_0_0_0_0_24_0_null_[0, 64, 7, 19, 17, 0]
95_95_140_69_0_40_43_64_0_0_0_0_0_24_0_null_[0, 64, 7, 19, 17, 0]
96_96_140_69_0_40_43_64_0_0_0_0_0_24_0_null_[0, 64, 7, 19, 17, 0]
97_97_140_69_0_40_43_64_0_0_0_0_0_24_0_null_[0, 64, 7, 19, 17, 0]
98_98_140_69_0_40_43_64_0_0_0_0_0_24_0_null_[0, 64, 7, 19, 17, 0]
99_99_140_69_0_40_43_64_0_0_0_0_0_24_0_null_[0, 64, 7, 19, 17, 0]
100_100_140_69_0_40_43_64_0_0_0_0_0_24_0_null_[0, 64, 7, 19, 17, 0]
101_101_140_69_0_40_43_64_0_0_0_0_0_24_0_null_[0, 64, 7, 19, 17, 0]
102_102_140_69_0_40_43_64_0_0_0_0_0_24_0_null_[0, 64, 7, 19, 17, 0]
103_103_140_69_0_40_43_64_0_0_0_0_0_24_0_null_[0, 64, 7, 19, 17, 0]
104_104_140_69_0_40_43_64_0_0_0_0_0_24_0_null_[0, 64, 7, 19, 17, 0]
105_105_140_69_0_40_43_64_0_0_0_0_0_24_0_null_[0, 64, 7, 19, 17, 0]
106_106_140_69_0_40_43_64_0_0_0_0_0_24_0_null_[0, 64, 7, 19, 17, 0]
107_107_140_69_0_40_43_64_0_0_0_0_0_24_0_null_[0, 64, 7, 19, 17, 0]
108_108_140_69_0_40_43_64_0_0_0_0_0_24_0_null_[0, 64, 7, 19, 17, 0]
109_109_140_69_0_40_43_64_0_0_0_0_0_24_0_null_[0, 64, 7, 19, 17, 0]
110_110_140_69_0_40_43_64_0_0_0_0_0_24_0_null_[0, 64, 7, 19, 17, 0]
111_111_140_69_0_40_43_64_0_0_0_0_0_24_0_null_[0, 64, 7, 19, 17, 0]
112_112_140_69_0_40_43_64_0_0_0_0_0_24_0_null_[0, 64, 7, 19, 17, 0]
113_113_140_69_0_40_43_64_0_0_0_0_0_24_0_null_[0, 64, 7, 19, 17, 0]
114_114_140_69_0_40_43_64_0_0_0_0_0_24_0_null_[0, 64, 7, 19, 17, 0]
115_115_140_69_0_40_43_64_0_0_0_0_0_24_0_null_[0, 64, 7, 19, 17, 0]
116_116_140_69_0_40_43_64_0_0_0_0_0_24_0_null_[0, 64, 7, 19, 17, 0]
117_117_140_69_0_40_43_64_0_0_0_0_0_24_0_null_[0, 64, 7, 19, 17, 0]
118_118_140_69_0_40_43_64_0_0_0_0_0_24_0_null_[0, 64, 7, 19, 17, 0]
119_119_140_69_0_40_43_64_0_0_0_0_0_24_0_null_[0, 64, 7, 19, 17, 0]
120_120_140_69_0_40_43_64_0_0_0_0_0_24_0_null_[0, 64, 7, 19, 17, 0]
121_121_140_69_0_40_43_64_0_0_0_0_0_24_0_null_[0, 64, 7, 19, 17, 0]
122_122_140_69_0_40_43_64_0_0_0_0_0_24_0_null_[0, 64, 7, 19, 17, 0]
123_123_140_69_0_40_43_64_0_0_0_0_0_24_0_null_[0, 64, 7, 19, 17, 0]
124_124_140_69_0_40_43_64_0_0_0_0_0_24_0_null_[0, 64, 7, 19, 17, 0]
125_125_140_69_0_40_43_64_0_0_0_0_0_24_0_null_[0, 64, 7, 19, 17, 0]
126_126_140_69_0_40_43_64_0_0_0_0_0_24_0_null_[0, 64, 7, 19, 17, 0]
127_127_140_69_0_40_43_64_0_0_0_0_0_24_0_null_[0, 64, 7, 19, 17, 0]
