0_0_401_63_0_55_40_64_0_0_0_0_0_24_0_null_[0, 64, 25, 0]
1_1_401_63_0_55_40_64_0_0_0_0_0_24_0_null_[0, 64, 25, 0]
2_2_401_63_0_55_40_64_0_0_0_0_0_24_0_null_[0, 64, 25, 0]
3_3_401_63_0_55_40_64_0_0_0_0_0_24_0_null_[0, 64, 25, 0]
4_4_401_63_0_55_40_64_0_0_0_0_0_24_0_null_[0, 64, 25, 0]
5_5_401_63_0_55_40_64_0_0_0_0_0_24_0_null_[0, 64, 25, 0]
6_6_401_63_0_55_40_64_0_0_0_0_0_24_0_null_[0, 64, 25, 0]
7_7_401_63_0_55_40_64_0_0_0_0_0_24_0_null_[0, 64, 25, 0]
8_8_401_63_0_55_40_64_0_0_0_0_0_24_0_null_[0, 64, 25, 0]
9_9_401_63_0_55_40_64_0_0_0_0_0_24_0_null_[0, 64, 25, 0]
10_10_401_63_0_55_40_64_0_0_0_0_0_24_0_null_[0, 64, 25, 0]
11_11_401_63_0_55_40_64_0_0_0_0_0_24_0_null_[0, 64, 25, 0]
12_12_401_63_0_55_40_64_0_0_0_0_0_24_0_null_[0, 64, 25, 0]
13_13_401_63_0_55_40_64_0_0_0_0_0_24_0_null_[0, 64, 25, 0]
14_14_401_63_0_55_40_64_0_0_0_0_0_24_0_null_[0, 64, 25, 0]
15_15_401_63_0_55_40_64_0_0_0_0_0_24_0_null_[0, 64, 25, 0]
16_16_401_63_0_55_40_64_0_0_0_0_0_24_0_null_[0, 64, 25, 0]
17_17_401_63_0_55_40_64_0_0_0_0_0_24_0_null_[0, 64, 25, 0]
18_18_401_63_0_55_40_64_0_0_0_0_0_24_0_null_[0, 64, 25, 0]
19_19_401_63_0_55_40_64_0_0_0_0_0_24_0_null_[0, 64, 25, 0]
20_20_401_63_0_55_40_64_0_0_0_0_0_24_0_null_[0, 64, 25, 0]
21_21_401_63_0_55_40_64_0_0_0_0_0_24_0_null_[0, 64, 25, 0]
22_22_401_63_0_55_40_64_0_0_0_0_0_24_0_null_[0, 64, 25, 0]
23_23_401_63_0_55_40_64_0_0_0_0_0_24_0_null_[0, 64, 25, 0]
24_24_401_63_0_55_40_64_0_0_0_0_0_24_0_null_[0, 64, 25, 0]
25_25_401_63_0_55_40_64_0_0_0_0_0_24_0_null_[0, 64, 25, 0]
26_26_401_63_0_55_40_64_0_0_0_0_0_24_0_null_[0, 64, 25, 0]
27_27_401_63_0_55_40_64_0_0_0_0_0_24_0_null_[0, 64, 25, 0]
28_28_401_63_0_55_40_64_0_0_0_0_0_24_0_null_[0, 64, 25, 0]
29_29_401_63_0_55_40_64_0_0_0_0_0_24_0_null_[0, 64, 25, 0]
30_30_401_63_0_55_40_64_0_0_0_0_0_24_0_null_[0, 64, 25, 0]
31_31_401_63_0_55_40_64_0_0_0_0_0_24_0_null_[0, 64, 25, 0]
32_32_401_63_0_55_40_64_0_0_0_0_0_24_0_null_[0, 64, 25, 0]
33_33_401_63_0_55_40_64_0_0_0_0_0_24_0_null_[0, 64, 25, 0]
34_34_401_63_0_55_40_64_0_0_0_0_0_24_0_null_[0, 64, 25, 0]
35_35_401_63_0_55_40_64_0_0_0_0_0_24_0_null_[0, 64, 25, 0]
36_36_401_63_0_55_40_64_0_0_0_0_0_24_0_null_[0, 64, 25, 0]
37_37_401_63_0_55_40_64_0_0_0_0_0_24_0_null_[0, 64, 25, 0]
38_38_401_63_0_55_40_64_0_0_0_0_0_24_0_null_[0, 64, 25, 0]
39_39_401_63_0_55_40_64_0_0_0_0_0_24_0_null_[0, 64, 25, 0]
40_40_401_63_0_55_40_64_0_0_0_0_0_24_0_null_[0, 64, 25, 0]
41_41_401_63_0_55_40_64_0_0_0_0_0_24_0_null_[0, 64, 25, 0]
42_42_401_63_0_55_40_64_0_0_0_0_0_24_0_null_[0, 64, 25, 0]
43_43_401_63_0_55_40_64_0_0_0_0_0_24_0_null_[0, 64, 25, 0]
44_44_401_63_0_55_40_64_0_0_0_0_0_24_0_null_[0, 64, 25, 0]
45_45_401_63_0_55_40_64_0_0_0_0_0_24_0_null_[0, 64, 25, 0]
46_46_401_63_0_55_40_64_0_0_0_0_0_24_0_null_[0, 64, 25, 0]
47_47_401_63_0_55_40_64_0_0_0_0_0_24_0_null_[0, 64, 25, 0]
48_48_401_63_0_55_40_64_0_0_0_0_0_24_0_null_[0, 64, 25, 0]
49_49_401_63_0_55_40_64_0_0_0_0_0_24_0_null_[0, 64, 25, 0]
50_50_401_63_0_55_40_64_0_0_0_0_0_24_0_null_[0, 64, 25, 0]
51_51_401_63_0_55_40_64_0_0_0_0_0_24_0_null_[0, 64, 25, 0]
52_52_401_63_0_55_40_64_0_0_0_0_0_24_0_null_[0, 64, 25, 0]
53_53_401_63_0_55_40_64_0_0_0_0_0_24_0_null_[0, 64, 25, 0]
54_54_401_63_0_55_40_64_0_0_0_0_0_24_0_null_[0, 64, 25, 0]
55_55_401_63_0_55_40_64_0_0_0_0_0_24_0_null_[0, 64, 25, 0]
56_56_401_63_0_55_40_64_0_0_0_0_0_24_0_null_[0, 64, 25, 0]
57_57_401_63_0_55_40_64_0_0_0_0_0_24_0_null_[0, 64, 25, 0]
58_58_401_63_0_55_40_64_0_0_0_0_0_24_0_null_[0, 64, 25, 0]
59_59_401_63_0_55_40_64_0_0_0_0_0_24_0_null_[0, 64, 25, 0]
60_60_141_75_0_55_40_64_0_0_0_0_0_24_0_null_[0, 64, 25, 0]
61_61_141_75_0_55_40_64_0_0_0_0_0_24_0_null_[0, 64, 25, 0]
62_62_141_75_0_55_40_64_0_0_0_0_0_24_0_null_[0, 64, 25, 0]
63_63_141_75_0_55_40_64_0_0_0_0_0_24_0_null_[0, 64, 25, 0]
64_64_141_75_0_55_40_64_0_0_0_0_0_24_0_null_[0, 64, 25, 0]
65_65_141_75_0_55_40_64_0_0_0_0_0_24_0_null_[0, 64, 25, 0]
66_66_141_75_0_55_40_64_0_0_0_0_0_24_0_null_[0, 64, 25, 0]
67_67_141_75_0_55_40_64_0_0_0_0_0_24_0_null_[0, 64, 25, 0]
68_68_141_75_0_55_40_64_0_0_0_0_0_24_0_null_[0, 64, 25, 0]
69_69_141_75_0_55_40_64_0_0_0_0_0_24_0_null_[0, 64, 25, 0]
70_70_141_75_0_55_40_64_0_0_0_0_0_24_0_null_[0, 64, 25, 0]
71_71_141_75_0_55_40_64_0_0_0_0_0_24_0_null_[0, 64, 25, 0]
72_72_141_75_0_55_40_64_0_0_0_0_0_24_0_null_[0, 64, 25, 0]
73_73_141_75_0_55_40_64_0_0_0_0_0_24_0_null_[0, 64, 25, 0]
74_74_141_75_0_55_40_64_0_0_0_0_0_24_0_null_[0, 64, 25, 0]
75_75_141_75_0_55_40_64_0_0_0_0_0_24_0_null_[0, 64, 25, 0]
76_76_141_75_0_55_40_64_0_0_0_0_0_24_0_null_[0, 64, 25, 0]
77_77_141_75_0_55_40_64_0_0_0_0_0_24_0_null_[0, 64, 25, 0]
78_78_141_75_0_55_40_64_0_0_0_0_0_24_0_null_[0, 64, 25, 0]
79_79_141_75_0_55_40_64_0_0_0_0_0_24_0_null_[0, 64, 25, 0]
80_80_141_75_0_55_40_64_0_0_0_0_0_24_0_null_[0, 64, 25, 0]
81_81_141_75_0_55_40_64_0_0_0_0_0_24_0_null_[0, 64, 25, 0]
82_82_141_75_0_55_40_64_0_0_0_0_0_24_0_null_[0, 64, 25, 0]
83_83_141_75_0_55_40_64_0_0_0_0_0_24_0_null_[0, 64, 25, 0]
84_84_141_75_0_55_40_64_0_0_0_0_0_24_0_null_[0, 64, 25, 0]
85_85_141_75_0_55_40_64_0_0_0_0_0_24_0_null_[0, 64, 25, 0]
86_86_141_75_0_55_40_64_0_0_0_0_0_24_0_null_[0, 64, 25, 0]
87_87_141_75_0_55_40_64_0_0_0_0_0_24_0_null_[0, 64, 25, 0]
88_88_141_75_0_55_40_64_0_0_0_0_0_24_0_null_[0, 64, 25, 0]
89_89_141_75_0_55_40_64_0_0_0_0_0_24_0_null_[0, 64, 25, 0]
90_90_141_75_0_55_40_64_0_0_0_0_0_24_0_null_[0, 64, 25, 0]
91_91_141_75_0_55_40_64_0_0_0_0_0_24_0_null_[0, 64, 25, 0]
92_92_141_75_0_55_40_64_0_0_0_0_0_24_0_null_[0, 64, 25, 0]
93_93_141_75_0_55_40_64_0_0_0_0_0_24_0_null_[0, 64, 25, 0]
94_94_141_75_0_55_40_64_0_0_0_0_0_24_0_null_[0, 64, 25, 0]
95_95_141_75_0_55_40_64_0_0_0_0_0_24_0_null_[0, 64, 25, 0]
96_96_141_75_0_55_40_64_0_0_0_0_0_24_0_null_[0, 64, 25, 0]
97_97_141_75_0_55_40_64_0_0_0_0_0_24_0_null_[0, 64, 25, 0]
98_98_141_75_0_55_40_64_0_0_0_0_0_24_0_null_[0, 64, 25, 0]
99_99_141_75_0_55_40_64_0_0_0_0_0_24_0_null_[0, 64, 25, 0]
100_100_141_75_0_55_40_64_0_0_0_0_0_24_0_null_[0, 64, 25, 0]
101_101_141_75_0_55_40_64_0_0_0_0_0_24_0_null_[0, 64, 25, 0]
102_102_141_75_0_55_40_64_0_0_0_0_0_24_0_null_[0, 64, 25, 0]
103_103_141_75_0_55_40_64_0_0_0_0_0_24_0_null_[0, 64, 25, 0]
104_104_141_75_0_55_40_64_0_0_0_0_0_24_0_null_[0, 64, 25, 0]
105_105_141_75_0_55_40_64_0_0_0_0_0_24_0_null_[0, 64, 25, 0]
106_106_141_75_0_55_40_64_0_0_0_0_0_24_0_null_[0, 64, 25, 0]
107_107_141_75_0_55_40_64_0_0_0_0_0_24_0_null_[0, 64, 25, 0]
108_108_141_75_0_55_40_64_0_0_0_0_0_24_0_null_[0, 64, 25, 0]
109_109_141_75_0_55_40_64_0_0_0_0_0_24_0_null_[0, 64, 25, 0]
110_110_141_75_0_55_40_64_0_0_0_0_0_24_0_null_[0, 64, 25, 0]
111_111_141_75_0_55_40_64_0_0_0_0_0_24_0_null_[0, 64, 25, 0]
112_112_141_75_0_55_40_64_0_0_0_0_0_24_0_null_[0, 64, 25, 0]
113_113_141_75_0_55_40_64_0_0_0_0_0_24_0_null_[0, 64, 25, 0]
114_114_141_75_0_55_40_64_0_0_0_0_0_24_0_null_[0, 64, 25, 0]
115_115_141_75_0_55_40_64_0_0_0_0_0_24_0_null_[0, 64, 25, 0]
116_116_141_75_0_55_40_64_0_0_0_0_0_24_0_null_[0, 64, 25, 0]
117_117_141_75_0_55_40_64_0_0_0_0_0_24_0_null_[0, 64, 25, 0]
118_118_141_75_0_55_40_64_0_0_0_0_0_24_0_null_[0, 64, 25, 0]
119_119_141_75_0_55_40_64_0_0_0_0_0_24_0_null_[0, 64, 25, 0]
120_120_141_75_0_55_40_64_0_0_0_0_0_24_0_null_[0, 64, 25, 0]
121_121_141_75_0_55_40_64_0_0_0_0_0_24_0_null_[0, 64, 25, 0]
122_122_141_75_0_55_40_64_0_0_0_0_0_24_0_null_[0, 64, 25, 0]
123_123_141_75_0_55_40_64_0_0_0_0_0_24_0_null_[0, 64, 25, 0]
124_124_141_75_0_55_40_64_0_0_0_0_0_24_0_null_[0, 64, 25, 0]
125_125_141_75_0_55_40_64_0_0_0_0_0_24_0_null_[0, 64, 25, 0]
126_126_141_75_0_55_40_64_0_0_0_0_0_24_0_null_[0, 64, 25, 0]
127_127_141_75_0_55_40_64_0_0_0_0_0_24_0_null_[0, 64, 25, 0]
