0_0_612_52_0_33_32_64_0_0_0_0_0_24_0_null_[0, 64, 1, 0]
1_1_612_52_0_33_32_64_0_0_0_0_0_24_0_null_[0, 64, 1, 0]
2_2_612_52_0_33_32_64_0_0_0_0_0_24_0_null_[0, 64, 1, 0]
3_3_612_52_0_33_32_64_0_0_0_0_0_24_0_null_[0, 64, 1, 0]
4_4_612_52_0_33_32_64_0_0_0_0_0_24_0_null_[0, 64, 1, 0]
5_5_612_52_0_33_32_64_0_0_0_0_0_24_0_null_[0, 64, 1, 0]
6_6_612_52_0_33_32_64_0_0_0_0_0_24_0_null_[0, 64, 1, 0]
7_7_612_52_0_33_32_64_0_0_0_0_0_24_0_null_[0, 64, 1, 0]
8_8_612_52_0_33_32_64_0_0_0_0_0_24_0_null_[0, 64, 1, 0]
9_9_612_52_0_33_32_64_0_0_0_0_0_24_0_null_[0, 64, 1, 0]
10_10_612_52_0_33_32_64_0_0_0_0_0_24_0_null_[0, 64, 1, 0]
11_11_612_52_0_33_32_64_0_0_0_0_0_24_0_null_[0, 64, 1, 0]
12_12_612_52_0_33_32_64_0_0_0_0_0_24_0_null_[0, 64, 1, 0]
13_13_612_52_0_33_32_64_0_0_0_0_0_24_0_null_[0, 64, 1, 0]
14_14_612_52_0_33_32_64_0_0_0_0_0_24_0_null_[0, 64, 1, 0]
15_15_612_52_0_33_32_64_0_0_0_0_0_24_0_null_[0, 64, 1, 0]
16_16_612_52_0_33_32_64_0_0_0_0_0_24_0_null_[0, 64, 1, 0]
17_17_612_52_0_33_32_64_0_0_0_0_0_24_0_null_[0, 64, 1, 0]
18_18_612_52_0_33_32_64_0_0_0_0_0_24_0_null_[0, 64, 1, 0]
19_19_612_52_0_33_32_64_0_0_0_0_0_24_0_null_[0, 64, 1, 0]
20_20_612_52_0_33_32_64_0_0_0_0_0_24_0_null_[0, 64, 1, 0]
21_21_612_52_0_33_32_64_0_0_0_0_0_24_0_null_[0, 64, 1, 0]
22_22_612_52_0_33_32_64_0_0_0_0_0_24_0_null_[0, 64, 1, 0]
23_23_612_52_0_33_32_64_0_0_0_0_0_24_0_null_[0, 64, 1, 0]
24_24_612_52_0_33_32_64_0_0_0_0_0_24_0_null_[0, 64, 1, 0]
25_25_612_52_0_33_32_64_0_0_0_0_0_24_0_null_[0, 64, 1, 0]
26_26_612_52_0_33_32_64_0_0_0_0_0_24_0_null_[0, 64, 1, 0]
27_27_612_52_0_33_32_64_0_0_0_0_0_24_0_null_[0, 64, 1, 0]
28_28_612_52_0_33_32_64_0_0_0_0_0_24_0_null_[0, 64, 1, 0]
29_29_612_52_0_33_32_64_0_0_0_0_0_24_0_null_[0, 64, 1, 0]
30_30_612_52_0_33_32_64_0_0_0_0_0_24_0_null_[0, 64, 1, 0]
31_31_612_52_0_33_32_64_0_0_0_0_0_24_0_null_[0, 64, 1, 0]
32_32_612_52_0_33_32_64_0_0_0_0_0_24_0_null_[0, 64, 1, 0]
33_33_612_52_0_33_32_64_0_0_0_0_0_24_0_null_[0, 64, 1, 0]
34_34_612_52_0_33_32_64_0_0_0_0_0_24_0_null_[0, 64, 1, 0]
35_35_612_52_0_33_32_64_0_0_0_0_0_24_0_null_[0, 64, 1, 0]
36_36_612_52_0_33_32_64_0_0_0_0_0_24_0_null_[0, 64, 1, 0]
37_37_612_52_0_33_32_64_0_0_0_0_0_24_0_null_[0, 64, 1, 0]
38_38_612_52_0_33_32_64_0_0_0_0_0_24_0_null_[0, 64, 1, 0]
39_39_612_52_0_33_32_64_0_0_0_0_0_24_0_null_[0, 64, 1, 0]
40_40_612_52_0_33_32_64_0_0_0_0_0_24_0_null_[0, 64, 1, 0]
41_41_612_52_0_33_32_64_0_0_0_0_0_24_0_null_[0, 64, 1, 0]
42_42_612_52_0_33_32_64_0_0_0_0_0_24_0_null_[0, 64, 1, 0]
43_43_612_52_0_33_32_64_0_0_0_0_0_24_0_null_[0, 64, 1, 0]
44_44_612_52_0_33_32_64_0_0_0_0_0_24_0_null_[0, 64, 1, 0]
45_45_612_52_0_33_32_64_0_0_0_0_0_24_0_null_[0, 64, 1, 0]
46_46_612_52_0_33_32_64_0_0_0_0_0_24_0_null_[0, 64, 1, 0]
47_47_612_52_0_33_32_64_0_0_0_0_0_24_0_null_[0, 64, 1, 0]
48_48_612_52_0_33_32_64_0_0_0_0_0_24_0_null_[0, 64, 1, 0]
49_49_612_52_0_33_32_64_0_0_0_0_0_24_0_null_[0, 64, 1, 0]
50_50_612_52_0_33_32_64_0_0_0_0_0_24_0_null_[0, 64, 1, 0]
51_51_612_52_0_33_32_64_0_0_0_0_0_24_0_null_[0, 64, 1, 0]
52_52_612_52_0_33_32_64_0_0_0_0_0_24_0_null_[0, 64, 1, 0]
53_53_612_52_0_33_32_64_0_0_0_0_0_24_0_null_[0, 64, 1, 0]
54_54_612_52_0_33_32_64_0_0_0_0_0_24_0_null_[0, 64, 1, 0]
55_55_613_55_0_33_32_64_0_0_0_0_0_24_0_null_[0, 64, 1, 0]
56_56_613_55_0_33_32_64_0_0_0_0_0_24_0_null_[0, 64, 1, 0]
57_57_613_55_0_33_32_64_0_0_0_0_0_24_0_null_[0, 64, 1, 0]
58_58_613_55_0_33_32_64_0_0_0_0_0_24_0_null_[0, 64, 1, 0]
59_59_613_55_0_33_32_64_0_0_0_0_0_24_0_null_[0, 64, 1, 0]
60_60_592_60_0_33_32_64_0_0_0_0_0_24_0_null_[0, 64, 1, 0]
61_61_592_60_0_33_32_64_0_0_0_0_0_24_0_null_[0, 64, 1, 0]
62_62_592_60_0_33_32_64_0_0_0_0_0_24_0_null_[0, 64, 1, 0]
63_63_592_60_0_33_32_64_0_0_0_0_0_24_0_null_[0, 64, 1, 0]
64_64_605_64_0_33_32_64_0_0_0_0_0_24_0_null_[0, 64, 1, 0]
65_65_605_64_0_33_32_64_0_0_0_0_0_24_0_null_[0, 64, 1, 0]
66_66_605_64_0_33_32_64_0_0_0_0_0_24_0_null_[0, 64, 1, 0]
67_67_627_67_0_33_32_64_0_0_0_0_0_24_0_null_[0, 64, 1, 0]
68_68_627_67_0_33_32_64_0_0_0_0_0_24_0_null_[0, 64, 1, 0]
69_69_627_67_0_33_32_64_0_0_0_0_0_24_0_null_[0, 64, 1, 0]
70_70_627_67_0_33_32_64_0_0_0_0_0_24_0_null_[0, 64, 1, 0]
71_71_627_67_0_33_32_64_0_0_0_0_0_24_0_null_[0, 64, 1, 0]
72_72_614_72_0_33_32_64_0_0_0_0_0_24_0_null_[0, 64, 1, 0]
73_73_614_72_0_33_32_64_0_0_0_0_0_24_0_null_[0, 64, 1, 0]
74_74_614_72_0_33_32_64_0_0_0_0_0_24_0_null_[0, 64, 1, 0]
75_75_614_72_0_33_32_64_0_0_0_0_0_24_0_null_[0, 64, 1, 0]
76_76_614_72_0_33_32_64_0_0_0_0_0_24_0_null_[0, 64, 1, 0]
77_77_614_72_0_33_32_64_0_0_0_0_0_24_0_null_[0, 64, 1, 0]
78_78_614_72_0_33_32_64_0_0_0_0_0_24_0_null_[0, 64, 1, 0]
79_79_614_72_0_33_32_64_0_0_0_0_0_24_0_null_[0, 64, 1, 0]
80_80_614_72_0_33_32_64_0_0_0_0_0_24_0_null_[0, 64, 1, 0]
81_81_614_72_0_33_32_64_0_0_0_0_0_24_0_null_[0, 64, 1, 0]
82_82_614_72_0_33_32_64_0_0_0_0_0_24_0_null_[0, 64, 1, 0]
83_83_614_72_0_33_32_64_0_0_0_0_0_24_0_null_[0, 64, 1, 0]
84_84_614_72_0_33_32_64_0_0_0_0_0_24_0_null_[0, 64, 1, 0]
85_85_614_72_0_33_32_64_0_0_0_0_0_24_0_null_[0, 64, 1, 0]
86_86_590_86_0_33_32_64_0_0_0_0_0_24_0_null_[0, 64, 1, 0]
87_87_590_86_0_33_32_64_0_0_0_0_0_24_0_null_[0, 64, 1, 0]
88_88_590_86_0_33_32_64_0_0_0_0_0_24_0_null_[0, 64, 1, 0]
89_89_590_86_0_33_32_64_0_0_0_0_0_24_0_null_[0, 64, 1, 0]
90_90_590_86_0_33_32_64_0_0_0_0_0_24_0_null_[0, 64, 1, 0]
91_91_590_86_0_33_32_64_0_0_0_0_0_24_0_null_[0, 64, 1, 0]
92_92_590_86_0_33_32_64_0_0_0_0_0_24_0_null_[0, 64, 1, 0]
93_93_590_86_0_33_32_64_0_0_0_0_0_24_0_null_[0, 64, 1, 0]
94_94_590_86_0_33_32_64_0_0_0_0_0_24_0_null_[0, 64, 1, 0]
95_95_590_86_0_33_32_64_0_0_0_0_0_24_0_null_[0, 64, 1, 0]
96_96_590_86_0_33_32_64_0_0_0_0_0_24_0_null_[0, 64, 1, 0]
97_97_590_86_0_33_32_64_0_0_0_0_0_24_0_null_[0, 64, 1, 0]
98_98_590_86_0_33_32_64_0_0_0_0_0_24_0_null_[0, 64, 1, 0]
99_99_590_86_0_33_32_64_0_0_0_0_0_24_0_null_[0, 64, 1, 0]
100_100_590_86_0_33_32_64_0_0_0_0_0_24_0_null_[0, 64, 1, 0]
101_101_590_86_0_33_32_64_0_0_0_0_0_24_0_null_[0, 64, 1, 0]
102_102_590_86_0_33_32_64_0_0_0_0_0_24_0_null_[0, 64, 1, 0]
103_103_590_86_0_33_32_64_0_0_0_0_0_24_0_null_[0, 64, 1, 0]
104_104_590_86_0_33_32_64_0_0_0_0_0_24_0_null_[0, 64, 1, 0]
105_105_590_86_0_33_32_64_0_0_0_0_0_24_0_null_[0, 64, 1, 0]
106_106_590_86_0_33_32_64_0_0_0_0_0_24_0_null_[0, 64, 1, 0]
107_107_590_86_0_33_32_64_0_0_0_0_0_24_0_null_[0, 64, 1, 0]
108_108_590_86_0_33_32_64_0_0_0_0_0_24_0_null_[0, 64, 1, 0]
109_109_590_86_0_33_32_64_0_0_0_0_0_24_0_null_[0, 64, 1, 0]
110_110_590_86_0_33_32_64_0_0_0_0_0_24_0_null_[0, 64, 1, 0]
111_111_590_86_0_33_32_64_0_0_0_0_0_24_0_null_[0, 64, 1, 0]
112_112_590_86_0_33_32_64_0_0_0_0_0_24_0_null_[0, 64, 1, 0]
113_113_590_86_0_33_32_64_0_0_0_0_0_24_0_null_[0, 64, 1, 0]
114_114_590_86_0_33_32_64_0_0_0_0_0_24_0_null_[0, 64, 1, 0]
115_115_590_86_0_33_32_64_0_0_0_0_0_24_0_null_[0, 64, 1, 0]
116_116_590_86_0_33_32_64_0_0_0_0_0_24_0_null_[0, 64, 1, 0]
117_117_590_86_0_33_32_64_0_0_0_0_0_24_0_null_[0, 64, 1, 0]
118_118_590_86_0_33_32_64_0_0_0_0_0_24_0_null_[0, 64, 1, 0]
119_119_590_86_0_33_32_64_0_0_0_0_0_24_0_null_[0, 64, 1, 0]
120_120_590_86_0_33_32_64_0_0_0_0_0_24_0_null_[0, 64, 1, 0]
121_121_590_86_0_33_32_64_0_0_0_0_0_24_0_null_[0, 64, 1, 0]
122_122_590_86_0_33_32_64_0_0_0_0_0_24_0_null_[0, 64, 1, 0]
123_123_590_86_0_33_32_64_0_0_0_0_0_24_0_null_[0, 64, 1, 0]
124_124_590_86_0_33_32_64_0_0_0_0_0_24_0_null_[0, 64, 1, 0]
125_125_590_86_0_33_32_64_0_0_0_0_0_24_0_null_[0, 64, 1, 0]
126_126_590_86_0_33_32_64_0_0_0_0_0_24_0_null_[0, 64, 1, 0]
127_127_590_86_0_33_32_64_0_0_0_0_0_24_0_null_[0, 64, 1, 0]
