0_0_581_48_0_33_32_64_0_0_0_0_0_31_0_null_[0, 64, 1, 8, 5, 0]
1_1_581_48_0_33_32_64_0_0_0_0_0_31_0_null_[0, 64, 1, 8, 5, 0]
2_2_581_48_0_33_32_64_0_0_0_0_0_31_0_null_[0, 64, 1, 8, 5, 0]
3_3_581_48_0_33_32_64_0_0_0_0_0_31_0_null_[0, 64, 1, 8, 5, 0]
4_4_581_48_0_33_32_64_0_0_0_0_0_31_0_null_[0, 64, 1, 8, 5, 0]
5_5_581_48_0_33_32_64_0_0_0_0_0_31_0_null_[0, 64, 1, 8, 5, 0]
6_6_581_48_0_33_32_64_0_0_0_0_0_31_0_null_[0, 64, 1, 8, 5, 0]
7_7_581_48_0_33_32_64_0_0_0_0_0_31_0_null_[0, 64, 1, 8, 5, 0]
8_8_581_48_0_33_32_64_0_0_0_0_0_31_0_null_[0, 64, 1, 8, 5, 0]
9_9_581_48_0_33_32_64_0_0_0_0_0_31_0_null_[0, 64, 1, 8, 5, 0]
10_10_581_48_0_33_32_64_0_0_0_0_0_31_0_null_[0, 64, 1, 8, 5, 0]
11_11_581_48_0_33_32_64_0_0_0_0_0_31_0_null_[0, 64, 1, 8, 5, 0]
12_12_581_48_0_33_32_64_0_0_0_0_0_31_0_null_[0, 64, 1, 8, 5, 0]
13_13_581_48_0_33_32_64_0_0_0_0_0_31_0_null_[0, 64, 1, 8, 5, 0]
14_14_581_48_0_33_32_64_0_0_0_0_0_31_0_null_[0, 64, 1, 8, 5, 0]
15_15_581_48_0_33_32_64_0_0_0_0_0_31_0_null_[0, 64, 1, 8, 5, 0]
16_16_581_48_0_33_32_64_0_0_0_0_0_31_0_null_[0, 64, 1, 8, 5, 0]
17_17_581_48_0_33_32_64_0_0_0_0_0_31_0_null_[0, 64, 1, 8, 5, 0]
18_18_581_48_0_33_32_64_0_0_0_0_0_31_0_null_[0, 64, 1, 8, 5, 0]
19_19_581_48_0_33_32_64_0_0_0_0_0_31_0_null_[0, 64, 1, 8, 5, 0]
20_20_581_48_0_33_32_64_0_0_0_0_0_31_0_null_[0, 64, 1, 8, 5, 0]
21_21_581_48_0_33_32_64_0_0_0_0_0_31_0_null_[0, 64, 1, 8, 5, 0]
22_22_581_48_0_33_32_64_0_0_0_0_0_31_0_null_[0, 64, 1, 8, 5, 0]
23_23_581_48_0_33_32_64_0_0_0_0_0_31_0_null_[0, 64, 1, 8, 5, 0]
24_24_581_48_0_33_32_64_0_0_0_0_0_31_0_null_[0, 64, 1, 8, 5, 0]
25_25_581_48_0_33_32_64_0_0_0_0_0_31_0_null_[0, 64, 1, 8, 5, 0]
26_26_581_48_0_33_32_64_0_0_0_0_0_31_0_null_[0, 64, 1, 8, 5, 0]
27_27_581_48_0_33_32_64_0_0_0_0_0_31_0_null_[0, 64, 1, 8, 5, 0]
28_28_581_48_0_33_32_64_0_0_0_0_0_31_0_null_[0, 64, 1, 8, 5, 0]
29_29_581_48_0_33_32_64_0_0_0_0_0_31_0_null_[0, 64, 1, 8, 5, 0]
30_30_581_48_0_33_32_64_0_0_0_0_0_31_0_null_[0, 64, 1, 8, 5, 0]
31_31_581_48_0_33_32_64_0_0_0_0_0_31_0_null_[0, 64, 1, 8, 5, 0]
32_32_581_48_0_33_32_64_0_0_0_0_0_31_0_null_[0, 64, 1, 8, 5, 0]
33_33_581_48_0_33_32_64_0_0_0_0_0_31_0_null_[0, 64, 1, 8, 5, 0]
34_34_581_48_0_33_32_64_0_0_0_0_0_31_0_null_[0, 64, 1, 8, 5, 0]
35_35_581_48_0_33_32_64_0_0_0_0_0_31_0_null_[0, 64, 1, 8, 5, 0]
36_36_581_48_0_33_32_64_0_0_0_0_0_31_0_null_[0, 64, 1, 8, 5, 0]
37_37_581_48_0_33_32_64_0_0_0_0_0_31_0_null_[0, 64, 1, 8, 5, 0]
38_38_581_48_0_33_32_64_0_0_0_0_0_31_0_null_[0, 64, 1, 8, 5, 0]
39_39_581_48_0_33_32_64_0_0_0_0_0_31_0_null_[0, 64, 1, 8, 5, 0]
40_40_581_48_0_33_32_64_0_0_0_0_0_31_0_null_[0, 64, 1, 8, 5, 0]
41_41_581_48_0_33_32_64_0_0_0_0_0_31_0_null_[0, 64, 1, 8, 5, 0]
42_42_581_48_0_33_32_64_0_0_0_0_0_31_0_null_[0, 64, 1, 8, 5, 0]
43_43_581_48_0_33_32_64_0_0_0_0_0_31_0_null_[0, 64, 1, 8, 5, 0]
44_44_581_48_0_33_32_64_0_0_0_0_0_31_0_null_[0, 64, 1, 8, 5, 0]
45_45_581_48_0_33_32_64_0_0_0_0_0_31_0_null_[0, 64, 1, 8, 5, 0]
46_46_581_48_0_33_32_64_0_0_0_0_0_31_0_null_[0, 64, 1, 8, 5, 0]
47_47_581_48_0_33_32_64_0_0_0_0_0_31_0_null_[0, 64, 1, 8, 5, 0]
48_48_581_48_0_33_32_64_0_0_0_0_0_31_0_null_[0, 64, 1, 8, 5, 0]
49_49_581_48_0_33_32_64_0_0_0_0_0_31_0_null_[0, 64, 1, 8, 5, 0]
50_50_581_48_0_33_32_64_0_0_0_0_0_31_0_null_[0, 64, 1, 8, 5, 0]
51_51_581_48_0_33_32_64_0_0_0_0_0_31_0_null_[0, 64, 1, 8, 5, 0]
52_52_581_48_0_33_32_64_0_0_0_0_0_31_0_null_[0, 64, 1, 8, 5, 0]
53_53_581_48_0_33_32_64_0_0_0_0_0_31_0_null_[0, 64, 1, 8, 5, 0]
54_54_581_48_0_33_32_64_0_0_0_0_0_31_0_null_[0, 64, 1, 8, 5, 0]
55_55_579_55_0_33_32_64_0_0_0_0_0_31_0_null_[0, 64, 1, 8, 5, 0]
56_56_579_55_0_33_32_64_0_0_0_0_0_31_0_null_[0, 64, 1, 8, 5, 0]
57_57_579_55_0_33_32_64_0_0_0_0_0_31_0_null_[0, 64, 1, 8, 5, 0]
58_58_579_55_0_33_32_64_0_0_0_0_0_31_0_null_[0, 64, 1, 8, 5, 0]
59_59_579_55_0_33_32_64_0_0_0_0_0_31_0_null_[0, 64, 1, 8, 5, 0]
60_60_582_60_0_33_32_64_0_0_0_0_0_31_0_null_[0, 64, 1, 8, 5, 0]
61_61_582_60_0_33_32_64_0_0_0_0_0_31_0_null_[0, 64, 1, 8, 5, 0]
62_62_582_60_0_33_32_64_0_0_0_0_0_31_0_null_[0, 64, 1, 8, 5, 0]
63_63_582_60_0_33_32_64_0_0_0_0_0_31_0_null_[0, 64, 1, 8, 5, 0]
64_64_582_60_0_33_32_64_0_0_0_0_0_31_0_null_[0, 64, 1, 8, 5, 0]
65_65_582_60_0_33_32_64_0_0_0_0_0_31_0_null_[0, 64, 1, 8, 5, 0]
66_66_582_60_0_33_32_64_0_0_0_0_0_31_0_null_[0, 64, 1, 8, 5, 0]
67_67_580_67_0_33_32_64_0_0_0_0_0_31_0_null_[0, 64, 1, 8, 5, 0]
68_68_580_67_0_33_33_64_0_0_0_0_0_31_0_null_[0, 64, 1, 8, 5, 0]
69_69_580_67_0_33_33_64_0_0_0_0_0_31_0_null_[0, 64, 1, 8, 5, 0]
70_70_580_67_0_33_33_64_0_0_0_0_0_31_0_null_[0, 64, 1, 8, 5, 0]
71_71_580_67_0_33_33_64_0_0_0_0_0_31_0_null_[0, 64, 1, 8, 5, 0]
72_72_577_72_0_33_33_64_0_0_0_0_0_31_0_null_[0, 64, 1, 8, 5, 0]
73_73_577_72_0_33_33_64_0_0_0_0_0_31_0_null_[0, 64, 1, 8, 5, 0]
74_74_577_72_0_33_33_64_0_0_0_0_0_31_0_null_[0, 64, 1, 8, 5, 0]
75_75_577_72_0_33_33_64_0_0_0_0_0_31_0_null_[0, 64, 1, 8, 5, 0]
76_76_577_72_0_33_33_64_0_0_0_0_0_31_0_null_[0, 64, 1, 8, 5, 0]
77_77_577_72_0_33_33_64_0_0_0_0_0_31_0_null_[0, 64, 1, 8, 5, 0]
78_78_577_72_0_33_33_64_0_0_0_0_0_31_0_null_[0, 64, 1, 8, 5, 0]
79_79_577_72_0_33_33_64_0_0_0_0_0_31_0_null_[0, 64, 1, 8, 5, 0]
80_80_577_72_0_33_33_64_0_0_0_0_0_31_0_null_[0, 64, 1, 8, 5, 0]
81_81_577_72_0_33_33_64_0_0_0_0_0_31_0_null_[0, 64, 1, 8, 5, 0]
82_82_577_72_0_33_33_64_0_0_0_0_0_31_0_null_[0, 64, 1, 8, 5, 0]
83_83_577_72_0_33_33_64_0_0_0_0_0_31_0_null_[0, 64, 1, 8, 5, 0]
84_84_577_72_0_33_33_64_0_0_0_0_0_31_0_null_[0, 64, 1, 8, 5, 0]
85_85_577_72_0_33_33_64_0_0_0_0_0_31_0_null_[0, 64, 1, 8, 5, 0]
86_86_577_72_0_33_33_64_0_0_0_0_0_31_0_null_[0, 64, 1, 8, 5, 0]
87_87_577_72_0_33_33_64_0_0_0_0_0_31_0_null_[0, 64, 1, 8, 5, 0]
88_88_577_72_0_33_33_64_0_0_0_0_0_31_0_null_[0, 64, 1, 8, 5, 0]
89_89_577_72_0_33_33_64_0_0_0_0_0_31_0_null_[0, 64, 1, 8, 5, 0]
90_90_577_72_0_33_33_64_0_0_0_0_0_31_0_null_[0, 64, 1, 8, 5, 0]
91_91_577_72_0_33_33_64_0_0_0_0_0_31_0_null_[0, 64, 1, 8, 5, 0]
92_92_577_72_0_33_33_64_0_0_0_0_0_31_0_null_[0, 64, 1, 8, 5, 0]
93_93_577_72_0_33_33_64_0_0_0_0_0_31_0_null_[0, 64, 1, 8, 5, 0]
94_94_577_72_0_33_33_64_0_0_0_0_0_31_0_null_[0, 64, 1, 8, 5, 0]
95_95_577_72_0_33_33_64_0_0_0_0_0_31_0_null_[0, 64, 1, 8, 5, 0]
96_96_577_72_0_33_33_64_0_0_0_0_0_31_0_null_[0, 64, 1, 8, 5, 0]
97_97_577_72_0_33_33_64_0_0_0_0_0_31_0_null_[0, 64, 1, 8, 5, 0]
98_98_577_72_0_33_33_64_0_0_0_0_0_31_0_null_[0, 64, 1, 8, 5, 0]
99_99_577_72_0_33_33_64_0_0_0_0_0_31_0_null_[0, 64, 1, 8, 5, 0]
100_100_577_72_0_33_33_64_0_0_0_0_0_31_0_null_[0, 64, 1, 8, 5, 0]
101_101_577_72_0_33_33_64_0_0_0_0_0_31_0_null_[0, 64, 1, 8, 5, 0]
102_102_577_72_0_33_33_64_0_0_0_0_0_31_0_null_[0, 64, 1, 8, 5, 0]
103_103_577_72_0_33_33_64_0_0_0_0_0_31_0_null_[0, 64, 1, 8, 5, 0]
104_104_577_72_0_33_33_64_0_0_0_0_0_31_0_null_[0, 64, 1, 8, 5, 0]
105_105_577_72_0_33_33_64_0_0_0_0_0_31_0_null_[0, 64, 1, 8, 5, 0]
106_106_577_72_0_33_33_64_0_0_0_0_0_31_0_null_[0, 64, 1, 8, 5, 0]
107_107_577_72_0_33_33_64_0_0_0_0_0_31_0_null_[0, 64, 1, 8, 5, 0]
108_108_577_72_0_33_33_64_0_0_0_0_0_31_0_null_[0, 64, 1, 8, 5, 0]
109_109_577_72_0_33_33_64_0_0_0_0_0_31_0_null_[0, 64, 1, 8, 5, 0]
110_110_577_72_0_33_33_64_0_0_0_0_0_31_0_null_[0, 64, 1, 8, 5, 0]
111_111_577_72_0_33_33_64_0_0_0_0_0_31_0_null_[0, 64, 1, 8, 5, 0]
112_112_577_72_0_33_33_64_0_0_0_0_0_31_0_null_[0, 64, 1, 8, 5, 0]
113_113_577_72_0_33_33_64_0_0_0_0_0_31_0_null_[0, 64, 1, 8, 5, 0]
114_114_577_72_0_33_33_64_0_0_0_0_0_31_0_null_[0, 64, 1, 8, 5, 0]
115_115_577_72_0_33_33_64_0_0_0_0_0_31_0_null_[0, 64, 1, 8, 5, 0]
116_116_577_72_0_33_33_64_0_0_0_0_0_31_0_null_[0, 64, 1, 8, 5, 0]
117_117_577_72_0_33_33_64_0_0_0_0_0_31_0_null_[0, 64, 1, 8, 5, 0]
118_118_577_72_0_33_33_64_0_0_0_0_0_31_0_null_[0, 64, 1, 8, 5, 0]
119_119_577_72_0_33_33_64_0_0_0_0_0_31_0_null_[0, 64, 1, 8, 5, 0]
120_120_577_72_0_33_33_64_0_0_0_0_0_31_0_null_[0, 64, 1, 8, 5, 0]
121_121_577_72_0_33_33_64_0_0_0_0_0_31_0_null_[0, 64, 1, 8, 5, 0]
122_122_577_72_0_33_33_64_0_0_0_0_0_31_0_null_[0, 64, 1, 8, 5, 0]
123_123_577_72_0_33_33_64_0_0_0_0_0_31_0_null_[0, 64, 1, 8, 5, 0]
124_124_577_72_0_33_33_64_0_0_0_0_0_31_0_null_[0, 64, 1, 8, 5, 0]
125_125_577_72_0_33_33_64_0_0_0_0_0_31_0_null_[0, 64, 1, 8, 5, 0]
126_126_577_72_0_33_33_64_0_0_0_0_0_31_0_null_[0, 64, 1, 8, 5, 0]
127_127_577_72_0_33_33_64_0_0_0_0_0_31_0_null_[0, 64, 1, 8, 5, 0]
