0_0_391_55_0_34_32_64_0_0_0_0_0_24_0_null_[0, 64, 4, 0]
1_1_391_55_0_34_32_64_0_0_0_0_0_24_0_null_[0, 64, 4, 0]
2_2_391_55_0_34_32_64_0_0_0_0_0_24_0_null_[0, 64, 4, 0]
3_3_391_55_0_34_32_64_0_0_0_0_0_24_0_null_[0, 64, 4, 0]
4_4_391_55_0_34_32_64_0_0_0_0_0_24_0_null_[0, 64, 4, 0]
5_5_391_55_0_34_32_64_0_0_0_0_0_24_0_null_[0, 64, 4, 0]
6_6_391_55_0_34_32_64_0_0_0_0_0_24_0_null_[0, 64, 4, 0]
7_7_391_55_0_34_32_64_0_0_0_0_0_24_0_null_[0, 64, 4, 0]
8_8_391_55_0_34_32_64_0_0_0_0_0_24_0_null_[0, 64, 4, 0]
9_9_391_55_0_34_32_64_0_0_0_0_0_24_0_null_[0, 64, 4, 0]
10_10_391_55_0_34_32_64_0_0_0_0_0_24_0_null_[0, 64, 4, 0]
11_11_391_55_0_34_32_64_0_0_0_0_0_24_0_null_[0, 64, 4, 0]
12_12_391_55_0_34_32_64_0_0_0_0_0_24_0_null_[0, 64, 4, 0]
13_13_391_55_0_34_32_64_0_0_0_0_0_24_0_null_[0, 64, 4, 0]
14_14_391_55_0_34_32_64_0_0_0_0_0_24_0_null_[0, 64, 4, 0]
15_15_391_55_0_34_32_64_0_0_0_0_0_24_0_null_[0, 64, 4, 0]
16_16_391_55_0_34_32_64_0_0_0_0_0_24_0_null_[0, 64, 4, 0]
17_17_391_55_0_34_32_64_0_0_0_0_0_24_0_null_[0, 64, 4, 0]
18_18_391_55_0_34_32_64_0_0_0_0_0_24_0_null_[0, 64, 4, 0]
19_19_391_55_0_34_32_64_0_0_0_0_0_24_0_null_[0, 64, 4, 0]
20_20_391_55_0_34_32_64_0_0_0_0_0_24_0_null_[0, 64, 4, 0]
21_21_391_55_0_34_32_64_0_0_0_0_0_24_0_null_[0, 64, 4, 0]
22_22_391_55_0_34_32_64_0_0_0_0_0_24_0_null_[0, 64, 4, 0]
23_23_391_55_0_34_32_64_0_0_0_0_0_24_0_null_[0, 64, 4, 0]
24_24_391_55_0_34_32_64_0_0_0_0_0_24_0_null_[0, 64, 4, 0]
25_25_391_55_0_34_32_64_0_0_0_0_0_24_0_null_[0, 64, 4, 0]
26_26_391_55_0_34_32_64_0_0_0_0_0_24_0_null_[0, 64, 4, 0]
27_27_391_55_0_34_32_64_0_0_0_0_0_24_0_null_[0, 64, 4, 0]
28_28_391_55_0_34_32_64_0_0_0_0_0_24_0_null_[0, 64, 4, 0]
29_29_391_55_0_34_32_64_0_0_0_0_0_24_0_null_[0, 64, 4, 0]
30_30_391_55_0_34_32_64_0_0_0_0_0_24_0_null_[0, 64, 4, 0]
31_31_391_55_0_34_32_64_0_0_0_0_0_24_0_null_[0, 64, 4, 0]
32_32_391_55_0_34_32_64_0_0_0_0_0_24_0_null_[0, 64, 4, 0]
33_33_391_55_0_34_32_64_0_0_0_0_0_24_0_null_[0, 64, 4, 0]
34_34_391_55_0_34_32_64_0_0_0_0_0_24_0_null_[0, 64, 4, 0]
35_35_391_55_0_34_32_64_0_0_0_0_0_24_0_null_[0, 64, 4, 0]
36_36_391_55_0_34_32_64_0_0_0_0_0_24_0_null_[0, 64, 4, 0]
37_37_391_55_0_34_32_64_0_0_0_0_0_24_0_null_[0, 64, 4, 0]
38_38_391_55_0_34_32_64_0_0_0_0_0_24_0_null_[0, 64, 4, 0]
39_39_391_55_0_34_32_64_0_0_0_0_0_24_0_null_[0, 64, 4, 0]
40_40_391_55_0_34_32_64_0_0_0_0_0_24_0_null_[0, 64, 4, 0]
41_41_391_55_0_34_32_64_0_0_0_0_0_24_0_null_[0, 64, 4, 0]
42_42_391_55_0_34_32_64_0_0_0_0_0_24_0_null_[0, 64, 4, 0]
43_43_391_55_0_34_32_64_0_0_0_0_0_24_0_null_[0, 64, 4, 0]
44_44_391_55_0_34_32_64_0_0_0_0_0_24_0_null_[0, 64, 4, 0]
45_45_391_55_0_34_32_64_0_0_0_0_0_24_0_null_[0, 64, 4, 0]
46_46_391_55_0_34_32_64_0_0_0_0_0_24_0_null_[0, 64, 4, 0]
47_47_391_55_0_34_32_64_0_0_0_0_0_24_0_null_[0, 64, 4, 0]
48_48_391_55_0_34_32_64_0_0_0_0_0_24_0_null_[0, 64, 4, 0]
49_49_391_55_0_34_32_64_0_0_0_0_0_24_0_null_[0, 64, 4, 0]
50_50_391_55_0_34_32_64_0_0_0_0_0_24_0_null_[0, 64, 4, 0]
51_51_391_55_0_34_32_64_0_0_0_0_0_24_0_null_[0, 64, 4, 0]
52_52_391_55_0_34_32_64_0_0_0_0_0_24_0_null_[0, 64, 4, 0]
53_53_391_55_0_34_32_64_0_0_0_0_0_24_0_null_[0, 64, 4, 0]
54_54_391_55_0_34_32_64_0_0_0_0_0_24_0_null_[0, 64, 4, 0]
55_55_391_55_0_34_32_64_0_0_0_0_0_24_0_null_[0, 64, 4, 0]
56_56_391_55_0_34_32_64_0_0_0_0_0_24_0_null_[0, 64, 4, 0]
57_57_391_55_0_34_32_64_0_0_0_0_0_24_0_null_[0, 64, 4, 0]
58_58_391_55_0_34_32_64_0_0_0_0_0_24_0_null_[0, 64, 4, 0]
59_59_391_55_0_34_32_64_0_0_0_0_0_24_0_null_[0, 64, 4, 0]
60_60_391_55_0_34_32_64_0_0_0_0_0_24_0_null_[0, 64, 4, 0]
61_61_391_55_0_34_32_64_0_0_0_0_0_24_0_null_[0, 64, 4, 0]
62_62_521_67_0_34_32_64_0_0_0_0_0_24_0_null_[0, 64, 4, 0]
63_63_521_67_0_34_32_64_0_0_0_0_0_24_0_null_[0, 64, 4, 0]
64_64_521_67_0_34_32_64_0_0_0_0_0_24_0_null_[0, 64, 4, 0]
65_65_521_67_0_34_32_64_0_0_0_0_0_24_0_null_[0, 64, 4, 0]
66_66_521_67_0_34_32_64_0_0_0_0_0_24_0_null_[0, 64, 4, 0]
67_67_521_67_0_34_32_64_0_0_0_0_0_24_0_null_[0, 64, 4, 0]
68_68_521_67_0_34_32_64_0_0_0_0_0_24_0_null_[0, 64, 4, 0]
69_69_521_67_0_34_32_64_0_0_0_0_0_24_0_null_[0, 64, 4, 0]
70_70_521_67_0_34_32_64_0_0_0_0_0_24_0_null_[0, 64, 4, 0]
71_71_521_67_0_34_32_64_0_0_0_0_0_24_0_null_[0, 64, 4, 0]
72_72_554_79_0_34_32_64_0_0_0_0_0_24_0_null_[0, 64, 4, 0]
73_73_554_79_0_34_32_64_0_0_0_0_0_24_0_null_[0, 64, 4, 0]
74_74_554_79_0_34_32_64_0_0_0_0_0_24_0_null_[0, 64, 4, 0]
75_75_554_79_0_34_32_64_0_0_0_0_0_24_0_null_[0, 64, 4, 0]
76_76_554_79_0_34_32_64_0_0_0_0_0_24_0_null_[0, 64, 4, 0]
77_77_554_79_0_34_32_64_0_0_0_0_0_24_0_null_[0, 64, 4, 0]
78_78_554_79_0_34_32_64_0_0_0_0_0_24_0_null_[0, 64, 4, 0]
79_79_554_79_0_34_32_64_0_0_0_0_0_24_0_null_[0, 64, 4, 0]
80_80_554_79_0_34_32_64_0_0_0_0_0_24_0_null_[0, 64, 4, 0]
81_81_554_79_0_34_32_64_0_0_0_0_0_24_0_null_[0, 64, 4, 0]
82_82_541_84_0_34_32_64_0_0_0_0_0_24_0_null_[0, 64, 4, 0]
83_83_541_84_0_34_32_64_0_0_0_0_0_24_0_null_[0, 64, 4, 0]
84_84_541_84_0_34_32_64_0_0_0_0_0_24_0_null_[0, 64, 4, 0]
85_85_541_84_0_34_32_64_0_0_0_0_0_24_0_null_[0, 64, 4, 0]
86_86_541_84_0_34_32_64_0_0_0_0_0_24_0_null_[0, 64, 4, 0]
87_87_541_84_0_34_32_64_0_0_0_0_0_24_0_null_[0, 64, 4, 0]
88_88_541_84_0_34_32_64_0_0_0_0_0_24_0_null_[0, 64, 4, 0]
89_89_541_84_0_34_32_64_0_0_0_0_0_24_0_null_[0, 64, 4, 0]
90_90_541_84_0_34_32_64_0_0_0_0_0_24_0_null_[0, 64, 4, 0]
91_91_541_84_0_34_32_64_0_0_0_0_0_24_0_null_[0, 64, 4, 0]
92_92_541_84_0_34_32_64_0_0_0_0_0_24_0_null_[0, 64, 4, 0]
93_93_541_84_0_34_32_64_0_0_0_0_0_24_0_null_[0, 64, 4, 0]
94_94_541_84_0_34_32_64_0_0_0_0_0_24_0_null_[0, 64, 4, 0]
95_95_541_84_0_34_32_64_0_0_0_0_0_24_0_null_[0, 64, 4, 0]
96_96_541_84_0_34_32_64_0_0_0_0_0_24_0_null_[0, 64, 4, 0]
97_97_541_84_0_34_32_64_0_0_0_0_0_24_0_null_[0, 64, 4, 0]
98_98_541_84_0_34_32_64_0_0_0_0_0_24_0_null_[0, 64, 4, 0]
99_99_541_84_0_34_32_64_0_0_0_0_0_24_0_null_[0, 64, 4, 0]
100_100_541_84_0_34_32_64_0_0_0_0_0_24_0_null_[0, 64, 4, 0]
101_101_541_84_0_34_32_64_0_0_0_0_0_24_0_null_[0, 64, 4, 0]
102_102_541_84_0_34_32_64_0_0_0_0_0_24_0_null_[0, 64, 4, 0]
103_103_541_84_0_34_32_64_0_0_0_0_0_24_0_null_[0, 64, 4, 0]
104_104_541_84_0_34_32_64_0_0_0_0_0_24_0_null_[0, 64, 4, 0]
105_105_541_84_0_34_32_64_0_0_0_0_0_24_0_null_[0, 64, 4, 0]
106_106_541_84_0_34_32_64_0_0_0_0_0_24_0_null_[0, 64, 4, 0]
107_107_541_84_0_34_32_64_0_0_0_0_0_24_0_null_[0, 64, 4, 0]
108_108_541_84_0_34_32_64_0_0_0_0_0_24_0_null_[0, 64, 4, 0]
109_109_541_84_0_34_32_64_0_0_0_0_0_24_0_null_[0, 64, 4, 0]
110_110_541_84_0_34_32_64_0_0_0_0_0_24_0_null_[0, 64, 4, 0]
111_111_541_84_0_34_32_64_0_0_0_0_0_24_0_null_[0, 64, 4, 0]
112_112_541_84_0_34_32_64_0_0_0_0_0_24_0_null_[0, 64, 4, 0]
113_113_541_84_0_34_32_64_0_0_0_0_0_24_0_null_[0, 64, 4, 0]
114_114_541_84_0_34_32_64_0_0_0_0_0_24_0_null_[0, 64, 4, 0]
115_115_541_84_0_34_32_64_0_0_0_0_0_24_0_null_[0, 64, 4, 0]
116_116_541_84_0_34_32_64_0_0_0_0_0_24_0_null_[0, 64, 4, 0]
117_117_541_84_0_34_32_64_0_0_0_0_0_24_0_null_[0, 64, 4, 0]
118_118_541_84_0_34_32_64_0_0_0_0_0_24_0_null_[0, 64, 4, 0]
119_119_541_84_0_34_32_64_0_0_0_0_0_24_0_null_[0, 64, 4, 0]
120_120_541_84_0_34_32_64_0_0_0_0_0_24_0_null_[0, 64, 4, 0]
121_121_541_84_0_34_32_64_0_0_0_0_0_24_0_null_[0, 64, 4, 0]
122_122_541_84_0_34_32_64_0_0_0_0_0_24_0_null_[0, 64, 4, 0]
123_123_541_84_0_34_32_64_0_0_0_0_0_24_0_null_[0, 64, 4, 0]
124_124_541_84_0_34_32_64_0_0_0_0_0_24_0_null_[0, 64, 4, 0]
125_125_541_84_0_34_32_64_0_0_0_0_0_24_0_null_[0, 64, 4, 0]
126_126_541_84_0_34_32_64_0_0_0_0_0_24_0_null_[0, 64, 4, 0]
127_127_541_84_0_34_32_64_0_0_0_0_0_24_0_null_[0, 64, 4, 0]
