0_0_402_52_0_38_32_64_0_0_0_0_0_24_0_null_[0, 64, 4, 5, 14, 0]
1_1_402_52_0_38_32_64_0_0_0_0_0_24_0_null_[0, 64, 4, 5, 14, 0]
2_2_402_52_0_38_32_64_0_0_0_0_0_24_0_null_[0, 64, 4, 5, 14, 0]
3_3_402_52_0_38_32_64_0_0_0_0_0_24_0_null_[0, 64, 4, 5, 14, 0]
4_4_402_52_0_38_32_64_0_0_0_0_0_24_0_null_[0, 64, 4, 5, 14, 0]
5_5_402_52_0_38_32_64_0_0_0_0_0_24_0_null_[0, 64, 4, 5, 14, 0]
6_6_402_52_0_38_32_64_0_0_0_0_0_24_0_null_[0, 64, 4, 5, 14, 0]
7_7_402_52_0_38_32_64_0_0_0_0_0_24_0_null_[0, 64, 4, 5, 14, 0]
8_8_402_52_0_38_32_64_0_0_0_0_0_24_0_null_[0, 64, 4, 5, 14, 0]
9_9_402_52_0_38_32_64_0_0_0_0_0_24_0_null_[0, 64, 4, 5, 14, 0]
10_10_402_52_0_38_32_64_0_0_0_0_0_24_0_null_[0, 64, 4, 5, 14, 0]
11_11_402_52_0_38_32_64_0_0_0_0_0_24_0_null_[0, 64, 4, 5, 14, 0]
12_12_402_52_0_38_32_64_0_0_0_0_0_24_0_null_[0, 64, 4, 5, 14, 0]
13_13_402_52_0_38_32_64_0_0_0_0_0_24_0_null_[0, 64, 4, 5, 14, 0]
14_14_402_52_0_38_32_64_0_0_0_0_0_24_0_null_[0, 64, 4, 5, 14, 0]
15_15_402_52_0_38_32_64_0_0_0_0_0_24_0_null_[0, 64, 4, 5, 14, 0]
16_16_402_52_0_38_32_64_0_0_0_0_0_24_0_null_[0, 64, 4, 5, 14, 0]
17_17_402_52_0_38_32_64_0_0_0_0_0_24_0_null_[0, 64, 4, 5, 14, 0]
18_18_402_52_0_38_32_64_0_0_0_0_0_24_0_null_[0, 64, 4, 5, 14, 0]
19_19_402_52_0_38_32_64_0_0_0_0_0_24_0_null_[0, 64, 4, 5, 14, 0]
20_20_402_52_0_38_32_64_0_0_0_0_0_24_0_null_[0, 64, 4, 5, 14, 0]
21_21_402_52_0_38_32_64_0_0_0_0_0_24_0_null_[0, 64, 4, 5, 14, 0]
22_22_402_52_0_38_32_64_0_0_0_0_0_24_0_null_[0, 64, 4, 5, 14, 0]
23_23_402_52_0_38_32_64_0_0_0_0_0_24_0_null_[0, 64, 4, 5, 14, 0]
24_24_402_52_0_38_32_64_0_0_0_0_0_24_0_null_[0, 64, 4, 5, 14, 0]
25_25_402_52_0_38_32_64_0_0_0_0_0_24_0_null_[0, 64, 4, 5, 14, 0]
26_26_402_52_0_38_32_64_0_0_0_0_0_24_0_null_[0, 64, 4, 5, 14, 0]
27_27_402_52_0_38_32_64_0_0_0_0_0_24_0_null_[0, 64, 4, 5, 14, 0]
28_28_402_52_0_38_32_64_0_0_0_0_0_24_0_null_[0, 64, 4, 5, 14, 0]
29_29_402_52_0_38_32_64_0_0_0_0_0_24_0_null_[0, 64, 4, 5, 14, 0]
30_30_402_52_0_38_32_64_0_0_0_0_0_24_0_null_[0, 64, 4, 5, 14, 0]
31_31_402_52_0_38_32_64_0_0_0_0_0_24_0_null_[0, 64, 4, 5, 14, 0]
32_32_402_52_0_38_32_64_0_0_0_0_0_24_0_null_[0, 64, 4, 5, 14, 0]
33_33_402_52_0_38_32_64_0_0_0_0_0_24_0_null_[0, 64, 4, 5, 14, 0]
34_34_402_52_0_38_32_64_0_0_0_0_0_24_0_null_[0, 64, 4, 5, 14, 0]
35_35_402_52_0_38_32_64_0_0_0_0_0_24_0_null_[0, 64, 4, 5, 14, 0]
36_36_402_52_0_38_32_64_0_0_0_0_0_24_0_null_[0, 64, 4, 5, 14, 0]
37_37_402_52_0_38_32_64_0_0_0_0_0_24_0_null_[0, 64, 4, 5, 14, 0]
38_38_402_52_0_38_32_64_0_0_0_0_0_24_0_null_[0, 64, 4, 5, 14, 0]
39_39_402_52_0_38_32_64_0_0_0_0_0_24_0_null_[0, 64, 4, 5, 14, 0]
40_40_402_52_0_38_32_64_0_0_0_0_0_24_0_null_[0, 64, 4, 5, 14, 0]
41_41_402_52_0_38_32_64_0_0_0_0_0_24_0_null_[0, 64, 4, 5, 14, 0]
42_42_402_52_0_38_32_64_0_0_0_0_0_24_0_null_[0, 64, 4, 5, 14, 0]
43_43_402_52_0_38_32_64_0_0_0_0_0_24_0_null_[0, 64, 4, 5, 14, 0]
44_44_402_52_0_38_32_64_0_0_0_0_0_24_0_null_[0, 64, 4, 5, 14, 0]
45_45_402_52_0_38_32_64_0_0_0_0_0_24_0_null_[0, 64, 4, 5, 14, 0]
46_46_402_52_0_38_32_64_0_0_0_0_0_24_0_null_[0, 64, 4, 5, 14, 0]
47_47_402_52_0_38_32_64_0_0_0_0_0_24_0_null_[0, 64, 4, 5, 14, 0]
48_48_402_52_0_38_32_64_0_0_0_0_0_24_0_null_[0, 64, 4, 5, 14, 0]
49_49_402_52_0_38_32_64_0_0_0_0_0_24_0_null_[0, 64, 4, 5, 14, 0]
50_50_402_52_0_38_32_64_0_0_0_0_0_24_0_null_[0, 64, 4, 5, 14, 0]
51_51_402_52_0_38_32_64_0_0_0_0_0_24_0_null_[0, 64, 4, 5, 14, 0]
52_52_402_52_0_38_32_64_0_0_0_0_0_24_0_null_[0, 64, 4, 5, 14, 0]
53_53_402_52_0_38_32_64_0_0_0_0_0_24_0_null_[0, 64, 4, 5, 14, 0]
54_54_160_60_0_38_32_64_0_0_0_0_0_24_0_null_[0, 64, 4, 5, 14, 0]
55_55_160_60_0_38_32_64_0_0_0_0_0_24_0_null_[0, 64, 4, 5, 14, 0]
56_56_160_60_0_38_32_64_0_0_0_0_0_24_0_null_[0, 64, 4, 5, 14, 0]
57_57_160_60_0_38_32_64_0_0_0_0_0_24_0_null_[0, 64, 4, 5, 14, 0]
58_58_160_60_0_38_32_64_0_0_0_0_0_24_0_null_[0, 64, 4, 5, 14, 0]
59_59_160_60_0_38_32_64_0_0_0_0_0_24_0_null_[0, 64, 4, 5, 14, 0]
60_60_160_60_0_38_32_64_0_0_0_0_0_24_0_null_[0, 64, 4, 5, 14, 0]
61_61_160_60_0_38_32_64_0_0_0_0_0_24_0_null_[0, 64, 4, 5, 14, 0]
62_62_160_60_0_38_32_64_0_0_0_0_0_24_0_null_[0, 64, 4, 5, 14, 0]
63_63_160_60_0_38_32_64_0_0_0_0_0_24_0_null_[0, 64, 4, 5, 14, 0]
64_64_160_60_0_38_32_64_0_0_0_0_0_24_0_null_[0, 64, 4, 5, 14, 0]
65_65_160_60_0_38_32_64_0_0_0_0_0_24_0_null_[0, 64, 4, 5, 14, 0]
66_66_160_60_0_38_32_64_0_0_0_0_0_24_0_null_[0, 64, 4, 5, 14, 0]
67_67_160_60_0_38_32_64_0_0_0_0_0_24_0_null_[0, 64, 4, 5, 14, 0]
68_68_160_60_0_38_32_64_0_0_0_0_0_24_0_null_[0, 64, 4, 5, 14, 0]
69_69_160_60_0_38_32_64_0_0_0_0_0_24_0_null_[0, 64, 4, 5, 14, 0]
70_70_160_60_0_38_32_64_0_0_0_0_0_24_0_null_[0, 64, 4, 5, 14, 0]
71_71_160_60_0_38_32_64_0_0_0_0_0_24_0_null_[0, 64, 4, 5, 14, 0]
72_72_160_60_0_38_32_64_0_0_0_0_0_24_0_null_[0, 64, 4, 5, 14, 0]
73_73_160_60_0_38_32_64_0_0_0_0_0_24_0_null_[0, 64, 4, 5, 14, 0]
74_74_161_76_0_38_32_64_0_0_0_0_0_24_0_null_[0, 64, 4, 5, 14, 0]
75_75_161_76_0_38_32_64_0_0_0_0_0_24_0_null_[0, 64, 4, 5, 14, 0]
76_76_161_76_0_38_32_64_0_0_0_0_0_24_0_null_[0, 64, 4, 5, 14, 0]
77_77_161_76_0_38_32_64_0_0_0_0_0_24_0_null_[0, 64, 4, 5, 14, 0]
78_78_544_82_0_38_32_64_0_0_0_0_0_24_0_null_[0, 64, 4, 5, 14, 0]
79_79_544_82_0_38_32_64_0_0_0_0_0_24_0_null_[0, 64, 4, 5, 14, 0]
80_80_544_82_0_38_32_64_0_0_0_0_0_24_0_null_[0, 64, 4, 5, 14, 0]
81_81_544_82_0_38_32_64_0_0_0_0_0_24_0_null_[0, 64, 4, 5, 14, 0]
82_82_544_82_0_38_32_64_0_0_0_0_0_24_0_null_[0, 64, 4, 5, 14, 0]
83_83_544_82_0_38_32_64_0_0_0_0_0_24_0_null_[0, 64, 4, 5, 14, 0]
84_84_544_82_0_38_32_64_0_0_0_0_0_24_0_null_[0, 64, 4, 5, 14, 0]
85_85_544_82_0_38_32_64_0_0_0_0_0_24_0_null_[0, 64, 4, 5, 14, 0]
86_86_544_82_0_38_32_64_0_0_0_0_0_24_0_null_[0, 64, 4, 5, 14, 0]
87_87_544_82_0_38_32_64_0_0_0_0_0_24_0_null_[0, 64, 4, 5, 14, 0]
88_88_544_82_0_38_32_64_0_0_0_0_0_24_0_null_[0, 64, 4, 5, 14, 0]
89_89_544_82_0_38_32_64_0_0_0_0_0_24_0_null_[0, 64, 4, 5, 14, 0]
90_90_544_82_0_38_32_64_0_0_0_0_0_24_0_null_[0, 64, 4, 5, 14, 0]
91_91_544_82_0_38_32_64_0_0_0_0_0_24_0_null_[0, 64, 4, 5, 14, 0]
92_92_544_82_0_38_32_64_0_0_0_0_0_24_0_null_[0, 64, 4, 5, 14, 0]
93_93_544_82_0_38_32_64_0_0_0_0_0_24_0_null_[0, 64, 4, 5, 14, 0]
94_94_544_82_0_38_32_64_0_0_0_0_0_24_0_null_[0, 64, 4, 5, 14, 0]
95_95_544_82_0_38_32_64_0_0_0_0_0_24_0_null_[0, 64, 4, 5, 14, 0]
96_96_544_82_0_38_32_64_0_0_0_0_0_24_0_null_[0, 64, 4, 5, 14, 0]
97_97_544_82_0_38_32_64_0_0_0_0_0_24_0_null_[0, 64, 4, 5, 14, 0]
98_98_544_82_0_38_32_64_0_0_0_0_0_24_0_null_[0, 64, 4, 5, 14, 0]
99_99_544_82_0_38_32_64_0_0_0_0_0_24_0_null_[0, 64, 4, 5, 14, 0]
100_100_544_82_0_38_32_64_0_0_0_0_0_24_0_null_[0, 64, 4, 5, 14, 0]
101_101_544_82_0_38_32_64_0_0_0_0_0_24_0_null_[0, 64, 4, 5, 14, 0]
102_102_544_82_0_38_32_64_0_0_0_0_0_24_0_null_[0, 64, 4, 5, 14, 0]
103_103_544_82_0_38_32_64_0_0_0_0_0_24_0_null_[0, 64, 4, 5, 14, 0]
104_104_544_82_0_38_32_64_0_0_0_0_0_24_0_null_[0, 64, 4, 5, 14, 0]
105_105_544_82_0_38_32_64_0_0_0_0_0_24_0_null_[0, 64, 4, 5, 14, 0]
106_106_544_82_0_38_32_64_0_0_0_0_0_24_0_null_[0, 64, 4, 5, 14, 0]
107_107_544_82_0_38_32_64_0_0_0_0_0_24_0_null_[0, 64, 4, 5, 14, 0]
108_108_544_82_0_38_32_64_0_0_0_0_0_24_0_null_[0, 64, 4, 5, 14, 0]
109_109_544_82_0_38_32_64_0_0_0_0_0_24_0_null_[0, 64, 4, 5, 14, 0]
110_110_544_82_0_38_32_64_0_0_0_0_0_24_0_null_[0, 64, 4, 5, 14, 0]
111_111_544_82_0_38_32_64_0_0_0_0_0_24_0_null_[0, 64, 4, 5, 14, 0]
112_112_544_82_0_38_32_64_0_0_0_0_0_24_0_null_[0, 64, 4, 5, 14, 0]
113_113_544_82_0_38_32_64_0_0_0_0_0_24_0_null_[0, 64, 4, 5, 14, 0]
114_114_544_82_0_38_32_64_0_0_0_0_0_24_0_null_[0, 64, 4, 5, 14, 0]
115_115_544_82_0_38_32_64_0_0_0_0_0_24_0_null_[0, 64, 4, 5, 14, 0]
116_116_544_82_0_38_32_64_0_0_0_0_0_24_0_null_[0, 64, 4, 5, 14, 0]
117_117_544_82_0_38_32_64_0_0_0_0_0_24_0_null_[0, 64, 4, 5, 14, 0]
118_118_544_82_0_38_32_64_0_0_0_0_0_24_0_null_[0, 64, 4, 5, 14, 0]
119_119_544_82_0_38_32_64_0_0_0_0_0_24_0_null_[0, 64, 4, 5, 14, 0]
120_120_544_82_0_38_32_64_0_0_0_0_0_24_0_null_[0, 64, 4, 5, 14, 0]
121_121_544_82_0_38_32_64_0_0_0_0_0_24_0_null_[0, 64, 4, 5, 14, 0]
122_122_544_82_0_38_32_64_0_0_0_0_0_24_0_null_[0, 64, 4, 5, 14, 0]
123_123_544_82_0_38_32_64_0_0_0_0_0_24_0_null_[0, 64, 4, 5, 14, 0]
124_124_544_82_0_38_32_64_0_0_0_0_0_24_0_null_[0, 64, 4, 5, 14, 0]
125_125_544_82_0_38_32_64_0_0_0_0_0_24_0_null_[0, 64, 4, 5, 14, 0]
126_126_544_82_0_38_32_64_0_0_0_0_0_24_0_null_[0, 64, 4, 5, 14, 0]
127_127_544_82_0_38_32_64_0_0_0_0_0_24_0_null_[0, 64, 4, 5, 14, 0]
