0_0_164_72_0_40_32_64_0_0_0_0_0_24_0_null_[0, 64, 2, 6, 8, 0]
1_1_164_72_0_40_32_64_0_0_0_0_0_24_0_null_[0, 64, 2, 6, 8, 0]
2_2_164_72_0_40_32_64_0_0_0_0_0_24_0_null_[0, 64, 2, 6, 8, 0]
3_3_164_72_0_40_32_64_0_0_0_0_0_24_0_null_[0, 64, 2, 6, 8, 0]
4_4_164_72_0_40_32_64_0_0_0_0_0_24_0_null_[0, 64, 2, 6, 8, 0]
5_5_164_72_0_40_32_64_0_0_0_0_0_24_0_null_[0, 64, 2, 6, 8, 0]
6_6_164_72_0_40_32_64_0_0_0_0_0_24_0_null_[0, 64, 2, 6, 8, 0]
7_7_164_72_0_40_32_64_0_0_0_0_0_24_0_null_[0, 64, 2, 6, 8, 0]
8_8_164_72_0_40_32_64_0_0_0_0_0_24_0_null_[0, 64, 2, 6, 8, 0]
9_9_164_72_0_40_32_64_0_0_0_0_0_24_0_null_[0, 64, 2, 6, 8, 0]
10_10_164_72_0_40_32_64_0_0_0_0_0_24_0_null_[0, 64, 2, 6, 8, 0]
11_11_164_72_0_40_32_64_0_0_0_0_0_24_0_null_[0, 64, 2, 6, 8, 0]
12_12_164_72_0_40_32_64_0_0_0_0_0_24_0_null_[0, 64, 2, 6, 8, 0]
13_13_164_72_0_40_32_64_0_0_0_0_0_24_0_null_[0, 64, 2, 6, 8, 0]
14_14_164_72_0_40_32_64_0_0_0_0_0_24_0_null_[0, 64, 2, 6, 8, 0]
15_15_164_72_0_40_32_64_0_0_0_0_0_24_0_null_[0, 64, 2, 6, 8, 0]
16_16_164_72_0_40_32_64_0_0_0_0_0_24_0_null_[0, 64, 2, 6, 8, 0]
17_17_164_72_0_40_32_64_0_0_0_0_0_24_0_null_[0, 64, 2, 6, 8, 0]
18_18_164_72_0_40_32_64_0_0_0_0_0_24_0_null_[0, 64, 2, 6, 8, 0]
19_19_164_72_0_40_32_64_0_0_0_0_0_24_0_null_[0, 64, 2, 6, 8, 0]
20_20_164_72_0_40_32_64_0_0_0_0_0_24_0_null_[0, 64, 2, 6, 8, 0]
21_21_164_72_0_40_32_64_0_0_0_0_0_24_0_null_[0, 64, 2, 6, 8, 0]
22_22_164_72_0_40_32_64_0_0_0_0_0_24_0_null_[0, 64, 2, 6, 8, 0]
23_23_164_72_0_40_32_64_0_0_0_0_0_24_0_null_[0, 64, 2, 6, 8, 0]
24_24_164_72_0_40_32_64_0_0_0_0_0_24_0_null_[0, 64, 2, 6, 8, 0]
25_25_164_72_0_40_32_64_0_0_0_0_0_24_0_null_[0, 64, 2, 6, 8, 0]
26_26_164_72_0_40_32_64_0_0_0_0_0_24_0_null_[0, 64, 2, 6, 8, 0]
27_27_164_72_0_40_32_64_0_0_0_0_0_24_0_null_[0, 64, 2, 6, 8, 0]
28_28_164_72_0_40_32_64_0_0_0_0_0_24_0_null_[0, 64, 2, 6, 8, 0]
29_29_164_72_0_40_32_64_0_0_0_0_0_24_0_null_[0, 64, 2, 6, 8, 0]
30_30_164_72_0_40_32_64_0_0_0_0_0_24_0_null_[0, 64, 2, 6, 8, 0]
31_31_164_72_0_40_32_64_0_0_0_0_0_24_0_null_[0, 64, 2, 6, 8, 0]
32_32_164_72_0_40_32_64_0_0_0_0_0_24_0_null_[0, 64, 2, 6, 8, 0]
33_33_164_72_0_40_32_64_0_0_0_0_0_24_0_null_[0, 64, 2, 6, 8, 0]
34_34_164_72_0_40_32_64_0_0_0_0_0_24_0_null_[0, 64, 2, 6, 8, 0]
35_35_164_72_0_40_32_64_0_0_0_0_0_24_0_null_[0, 64, 2, 6, 8, 0]
36_36_164_72_0_40_32_64_0_0_0_0_0_24_0_null_[0, 64, 2, 6, 8, 0]
37_37_164_72_0_40_32_64_0_0_0_0_0_24_0_null_[0, 64, 2, 6, 8, 0]
38_38_164_72_0_40_32_64_0_0_0_0_0_24_0_null_[0, 64, 2, 6, 8, 0]
39_39_164_72_0_40_32_64_0_0_0_0_0_24_0_null_[0, 64, 2, 6, 8, 0]
40_40_164_72_0_40_32_64_0_0_0_0_0_24_0_null_[0, 64, 2, 6, 8, 0]
41_41_164_72_0_40_32_64_0_0_0_0_0_24_0_null_[0, 64, 2, 6, 8, 0]
42_42_164_72_0_40_32_64_0_0_0_0_0_24_0_null_[0, 64, 2, 6, 8, 0]
43_43_164_72_0_40_32_64_0_0_0_0_0_24_0_null_[0, 64, 2, 6, 8, 0]
44_44_164_72_0_40_32_64_0_0_0_0_0_24_0_null_[0, 64, 2, 6, 8, 0]
45_45_164_72_0_40_32_64_0_0_0_0_0_24_0_null_[0, 64, 2, 6, 8, 0]
46_46_164_72_0_40_32_64_0_0_0_0_0_24_0_null_[0, 64, 2, 6, 8, 0]
47_47_164_72_0_40_32_64_0_0_0_0_0_24_0_null_[0, 64, 2, 6, 8, 0]
48_48_164_72_0_40_32_64_0_0_0_0_0_24_0_null_[0, 64, 2, 6, 8, 0]
49_49_164_72_0_40_32_64_0_0_0_0_0_24_0_null_[0, 64, 2, 6, 8, 0]
50_50_164_72_0_40_32_64_0_0_0_0_0_24_0_null_[0, 64, 2, 6, 8, 0]
51_51_164_72_0_40_32_64_0_0_0_0_0_24_0_null_[0, 64, 2, 6, 8, 0]
52_52_164_72_0_40_32_64_0_0_0_0_0_24_0_null_[0, 64, 2, 6, 8, 0]
53_53_164_72_0_40_32_64_0_0_0_0_0_24_0_null_[0, 64, 2, 6, 8, 0]
54_54_164_72_0_40_32_64_0_0_0_0_0_24_0_null_[0, 64, 2, 6, 8, 0]
55_55_164_72_0_40_32_64_0_0_0_0_0_24_0_null_[0, 64, 2, 6, 8, 0]
56_56_164_72_0_40_32_64_0_0_0_0_0_24_0_null_[0, 64, 2, 6, 8, 0]
57_57_164_72_0_40_32_64_0_0_0_0_0_24_0_null_[0, 64, 2, 6, 8, 0]
58_58_164_72_0_40_32_64_0_0_0_0_0_24_0_null_[0, 64, 2, 6, 8, 0]
59_59_164_72_0_40_32_64_0_0_0_0_0_24_0_null_[0, 64, 2, 6, 8, 0]
60_60_164_72_0_40_32_64_0_0_0_0_0_24_0_null_[0, 64, 2, 6, 8, 0]
61_61_164_72_0_40_32_64_0_0_0_0_0_24_0_null_[0, 64, 2, 6, 8, 0]
62_62_164_72_0_40_32_64_0_0_0_0_0_24_0_null_[0, 64, 2, 6, 8, 0]
63_63_164_72_0_40_32_64_0_0_0_0_0_24_0_null_[0, 64, 2, 6, 8, 0]
64_64_164_72_0_40_32_64_0_0_0_0_0_24_0_null_[0, 64, 2, 6, 8, 0]
65_65_164_72_0_40_32_64_0_0_0_0_0_24_0_null_[0, 64, 2, 6, 8, 0]
66_66_164_72_0_40_32_64_0_0_0_0_0_24_0_null_[0, 64, 2, 6, 8, 0]
67_67_164_72_0_40_32_64_0_0_0_0_0_24_0_null_[0, 64, 2, 6, 8, 0]
68_68_164_72_0_40_32_64_0_0_0_0_0_24_0_null_[0, 64, 2, 6, 8, 0]
69_69_164_72_0_40_32_64_0_0_0_0_0_24_0_null_[0, 64, 2, 6, 8, 0]
70_70_164_72_0_40_32_64_0_0_0_0_0_24_0_null_[0, 64, 2, 6, 8, 0]
71_71_164_72_0_40_32_64_0_0_0_0_0_24_0_null_[0, 64, 2, 6, 8, 0]
72_72_165_84_0_40_32_64_0_0_0_0_0_24_0_null_[0, 64, 2, 6, 8, 0]
73_73_165_84_0_40_32_64_0_0_0_0_0_24_0_null_[0, 64, 2, 6, 8, 0]
74_74_165_84_0_40_32_64_0_0_0_0_0_24_0_null_[0, 64, 2, 6, 8, 0]
75_75_165_84_0_40_32_64_0_0_0_0_0_24_0_null_[0, 64, 2, 6, 8, 0]
76_76_165_84_0_40_32_64_0_0_0_0_0_24_0_null_[0, 64, 2, 6, 8, 0]
77_77_165_84_0_40_32_64_0_0_0_0_0_24_0_null_[0, 64, 2, 6, 8, 0]
78_78_165_84_0_40_32_64_0_0_0_0_0_24_0_null_[0, 64, 2, 6, 8, 0]
79_79_165_84_0_40_32_64_0_0_0_0_0_24_0_null_[0, 64, 2, 6, 8, 0]
80_80_165_84_0_40_32_64_0_0_0_0_0_24_0_null_[0, 64, 2, 6, 8, 0]
81_81_165_84_0_40_32_64_0_0_0_0_0_24_0_null_[0, 64, 2, 6, 8, 0]
82_82_165_84_0_40_32_64_0_0_0_0_0_24_0_null_[0, 64, 2, 6, 8, 0]
83_83_165_84_0_40_32_64_0_0_0_0_0_24_0_null_[0, 64, 2, 6, 8, 0]
84_84_165_84_0_40_32_64_0_0_0_0_0_24_0_null_[0, 64, 2, 6, 8, 0]
85_85_165_84_0_40_32_64_0_0_0_0_0_24_0_null_[0, 64, 2, 6, 8, 0]
86_86_165_84_0_40_32_64_0_0_0_0_0_24_0_null_[0, 64, 2, 6, 8, 0]
87_87_165_84_0_40_32_64_0_0_0_0_0_24_0_null_[0, 64, 2, 6, 8, 0]
88_88_165_84_0_40_32_64_0_0_0_0_0_24_0_null_[0, 64, 2, 6, 8, 0]
89_89_165_84_0_40_32_64_0_0_0_0_0_24_0_null_[0, 64, 2, 6, 8, 0]
90_90_165_84_0_40_32_64_0_0_0_0_0_24_0_null_[0, 64, 2, 6, 8, 0]
91_91_165_84_0_40_32_64_0_0_0_0_0_24_0_null_[0, 64, 2, 6, 8, 0]
92_92_165_84_0_40_32_64_0_0_0_0_0_24_0_null_[0, 64, 2, 6, 8, 0]
93_93_165_84_0_40_32_64_0_0_0_0_0_24_0_null_[0, 64, 2, 6, 8, 0]
94_94_165_84_0_40_32_64_0_0_0_0_0_24_0_null_[0, 64, 2, 6, 8, 0]
95_95_165_84_0_40_32_64_0_0_0_0_0_24_0_null_[0, 64, 2, 6, 8, 0]
96_96_165_84_0_40_32_64_0_0_0_0_0_24_0_null_[0, 64, 2, 6, 8, 0]
97_97_165_84_0_40_32_64_0_0_0_0_0_24_0_null_[0, 64, 2, 6, 8, 0]
98_98_165_84_0_40_32_64_0_0_0_0_0_24_0_null_[0, 64, 2, 6, 8, 0]
99_99_165_84_0_40_32_64_0_0_0_0_0_24_0_null_[0, 64, 2, 6, 8, 0]
100_100_165_84_0_40_32_64_0_0_0_0_0_24_0_null_[0, 64, 2, 6, 8, 0]
101_101_165_84_0_40_32_64_0_0_0_0_0_24_0_null_[0, 64, 2, 6, 8, 0]
102_102_165_84_0_40_32_64_0_0_0_0_0_24_0_null_[0, 64, 2, 6, 8, 0]
103_103_165_84_0_40_32_64_0_0_0_0_0_24_0_null_[0, 64, 2, 6, 8, 0]
104_104_165_84_0_40_32_64_0_0_0_0_0_24_0_null_[0, 64, 2, 6, 8, 0]
105_105_165_84_0_40_32_64_0_0_0_0_0_24_0_null_[0, 64, 2, 6, 8, 0]
106_106_165_84_0_40_32_64_0_0_0_0_0_24_0_null_[0, 64, 2, 6, 8, 0]
107_107_165_84_0_40_32_64_0_0_0_0_0_24_0_null_[0, 64, 2, 6, 8, 0]
108_108_165_84_0_40_32_64_0_0_0_0_0_24_0_null_[0, 64, 2, 6, 8, 0]
109_109_165_84_0_40_32_64_0_0_0_0_0_24_0_null_[0, 64, 2, 6, 8, 0]
110_110_165_84_0_40_32_64_0_0_0_0_0_24_0_null_[0, 64, 2, 6, 8, 0]
111_111_165_84_0_40_32_64_0_0_0_0_0_24_0_null_[0, 64, 2, 6, 8, 0]
112_112_165_84_0_40_32_64_0_0_0_0_0_24_0_null_[0, 64, 2, 6, 8, 0]
113_113_165_84_0_40_32_64_0_0_0_0_0_24_0_null_[0, 64, 2, 6, 8, 0]
114_114_165_84_0_40_32_64_0_0_0_0_0_24_0_null_[0, 64, 2, 6, 8, 0]
115_115_165_84_0_40_32_64_0_0_0_0_0_24_0_null_[0, 64, 2, 6, 8, 0]
116_116_165_84_0_40_32_64_0_0_0_0_0_24_0_null_[0, 64, 2, 6, 8, 0]
117_117_165_84_0_40_32_64_0_0_0_0_0_24_0_null_[0, 64, 2, 6, 8, 0]
118_118_165_84_0_40_32_64_0_0_0_0_0_24_0_null_[0, 64, 2, 6, 8, 0]
119_119_165_84_0_40_32_64_0_0_0_0_0_24_0_null_[0, 64, 2, 6, 8, 0]
120_120_165_84_0_40_32_64_0_0_0_0_0_24_0_null_[0, 64, 2, 6, 8, 0]
121_121_165_84_0_40_32_64_0_0_0_0_0_24_0_null_[0, 64, 2, 6, 8, 0]
122_122_165_84_0_40_32_64_0_0_0_0_0_24_0_null_[0, 64, 2, 6, 8, 0]
123_123_165_84_0_40_32_64_0_0_0_0_0_24_0_null_[0, 64, 2, 6, 8, 0]
124_124_165_84_0_40_32_64_0_0_0_0_0_24_0_null_[0, 64, 2, 6, 8, 0]
125_125_165_84_0_40_32_64_0_0_0_0_0_24_0_null_[0, 64, 2, 6, 8, 0]
126_126_165_84_0_40_32_64_0_0_0_0_0_24_0_null_[0, 64, 2, 6, 8, 0]
127_127_165_84_0_40_32_64_0_0_0_0_0_24_0_null_[0, 64, 2, 6, 8, 0]
