0_0_178_48_0_38_32_64_0_0_0_0_0_24_0_[0, 64, 6, 47]_[0, 64, 2, 16, 4, 7, 7, 0]
1_1_178_48_0_38_32_64_0_0_0_0_0_24_0_[0, 64, 6, 47]_[0, 64, 2, 16, 4, 7, 7, 0]
2_2_178_48_0_38_32_64_0_0_0_0_0_24_0_[0, 64, 6, 47]_[0, 64, 2, 16, 4, 7, 7, 0]
3_3_178_48_0_38_32_64_0_0_0_0_0_24_0_[0, 64, 6, 47]_[0, 64, 2, 16, 4, 7, 7, 0]
4_4_178_48_0_38_32_64_0_0_0_0_0_24_0_[0, 64, 6, 47]_[0, 64, 2, 16, 4, 7, 7, 0]
5_5_178_48_0_38_32_64_0_0_0_0_0_24_0_[0, 64, 6, 47]_[0, 64, 2, 16, 4, 7, 7, 0]
6_6_178_48_0_38_32_64_0_0_0_0_0_24_0_[0, 64, 6, 47]_[0, 64, 2, 16, 4, 7, 7, 0]
7_7_178_48_0_38_32_64_0_0_0_0_0_24_0_[0, 64, 6, 47]_[0, 64, 2, 16, 4, 7, 7, 0]
8_8_178_48_0_38_32_64_0_0_0_0_0_24_0_[0, 64, 6, 47]_[0, 64, 2, 16, 4, 7, 7, 0]
9_9_178_48_0_38_32_64_0_0_0_0_0_24_0_[0, 64, 6, 47]_[0, 64, 2, 16, 4, 7, 7, 0]
10_10_178_48_0_38_32_64_0_0_0_0_0_24_0_[0, 64, 6, 47]_[0, 64, 2, 16, 4, 7, 7, 0]
11_11_178_48_0_38_32_64_0_0_0_0_0_24_0_[0, 64, 6, 47]_[0, 64, 2, 16, 4, 7, 7, 0]
12_12_178_48_0_38_32_64_0_0_0_0_0_24_0_[0, 64, 6, 47]_[0, 64, 2, 16, 4, 7, 7, 0]
13_13_178_48_0_38_32_64_0_0_0_0_0_24_0_[0, 64, 6, 47]_[0, 64, 2, 16, 4, 7, 7, 0]
14_14_178_48_0_38_32_64_0_0_0_0_0_24_0_[0, 64, 6, 47]_[0, 64, 2, 16, 4, 7, 7, 0]
15_15_178_48_0_38_32_64_0_0_0_0_0_24_0_[0, 64, 6, 47]_[0, 64, 2, 16, 4, 7, 7, 0]
16_16_178_48_0_38_32_64_0_0_0_0_0_24_0_[0, 64, 6, 47]_[0, 64, 2, 16, 4, 7, 7, 0]
17_17_178_48_0_38_32_64_0_0_0_0_0_24_0_[0, 64, 6, 47]_[0, 64, 2, 16, 4, 7, 7, 0]
18_18_178_48_0_38_32_64_0_0_0_0_0_24_0_[0, 64, 6, 47]_[0, 64, 2, 16, 4, 7, 7, 0]
19_19_178_48_0_38_32_64_0_0_0_0_0_24_0_[0, 64, 6, 47]_[0, 64, 2, 16, 4, 7, 7, 0]
20_20_178_48_0_38_32_64_0_0_0_0_0_24_0_[0, 64, 6, 47]_[0, 64, 2, 16, 4, 7, 7, 0]
21_21_178_48_0_38_32_64_0_0_0_0_0_24_0_[0, 64, 6, 47]_[0, 64, 2, 16, 4, 7, 7, 0]
22_22_178_48_0_38_32_64_0_0_0_0_0_24_0_[0, 64, 6, 47]_[0, 64, 2, 16, 4, 7, 7, 0]
23_23_178_48_0_38_32_64_0_0_0_0_0_24_0_[0, 64, 6, 47]_[0, 64, 2, 16, 4, 7, 7, 0]
24_24_178_48_0_38_32_64_0_0_0_0_0_24_0_[0, 64, 6, 47]_[0, 64, 2, 16, 4, 7, 7, 0]
25_25_178_48_0_38_32_64_0_0_0_0_0_24_0_[0, 64, 6, 47]_[0, 64, 2, 16, 4, 7, 7, 0]
26_26_178_48_0_38_32_64_0_0_0_0_0_24_0_[0, 64, 6, 47]_[0, 64, 2, 16, 4, 7, 7, 0]
27_27_178_48_0_38_32_64_0_0_0_0_0_24_0_[0, 64, 6, 47]_[0, 64, 2, 16, 4, 7, 7, 0]
28_28_178_48_0_38_32_64_0_0_0_0_0_24_0_[0, 64, 6, 47]_[0, 64, 2, 16, 4, 7, 7, 0]
29_29_178_48_0_38_32_64_0_0_0_0_0_24_0_[0, 64, 6, 47]_[0, 64, 2, 16, 4, 7, 7, 0]
30_30_178_48_0_38_32_64_0_0_0_0_0_24_0_[0, 64, 6, 47]_[0, 64, 2, 16, 4, 7, 7, 0]
31_31_178_48_0_38_32_64_0_0_0_0_0_24_0_[0, 64, 6, 47]_[0, 64, 2, 16, 4, 7, 7, 0]
32_32_178_48_0_38_32_64_0_0_0_0_0_24_0_[0, 64, 6, 47]_[0, 64, 2, 16, 4, 7, 7, 0]
33_33_178_48_0_38_32_64_0_0_0_0_0_24_0_[0, 64, 6, 47]_[0, 64, 2, 16, 4, 7, 7, 0]
34_34_178_48_0_38_32_64_0_0_0_0_0_24_0_[0, 64, 6, 47]_[0, 64, 2, 16, 4, 7, 7, 0]
35_35_178_48_0_38_32_64_0_0_0_0_0_24_0_[0, 64, 6, 47]_[0, 64, 2, 16, 4, 7, 7, 0]
36_36_178_48_0_38_32_64_0_0_0_0_0_24_0_[0, 64, 6, 47]_[0, 64, 2, 16, 4, 7, 7, 0]
37_37_178_48_0_38_32_64_0_0_0_0_0_24_0_[0, 64, 6, 47]_[0, 64, 2, 16, 4, 7, 7, 0]
38_38_178_48_0_38_32_64_0_0_0_0_0_24_0_[0, 64, 6, 47]_[0, 64, 2, 16, 4, 7, 7, 0]
39_39_178_48_0_38_32_64_0_0_0_0_0_24_0_[0, 64, 6, 47]_[0, 64, 2, 16, 4, 7, 7, 0]
40_40_178_48_0_38_32_64_0_0_0_0_0_24_0_[0, 64, 6, 47]_[0, 64, 2, 16, 4, 7, 7, 0]
41_41_178_48_0_38_32_64_0_0_0_0_0_24_0_[0, 64, 6, 47]_[0, 64, 2, 16, 4, 7, 7, 0]
42_42_178_48_0_38_32_64_0_0_0_0_0_24_0_[0, 64, 6, 47]_[0, 64, 2, 16, 4, 7, 7, 0]
43_43_178_48_0_38_32_64_0_0_0_0_0_24_0_[0, 64, 6, 47]_[0, 64, 2, 16, 4, 7, 7, 0]
44_44_178_48_0_38_32_64_0_0_0_0_0_24_0_[0, 64, 6, 47]_[0, 64, 2, 16, 4, 7, 7, 0]
45_45_178_48_0_38_32_64_0_0_0_0_0_24_0_[0, 64, 6, 47]_[0, 64, 2, 16, 4, 7, 7, 0]
46_46_178_48_0_38_32_64_0_0_0_0_0_24_0_[0, 64, 6, 47]_[0, 64, 2, 16, 4, 7, 7, 0]
47_47_178_48_0_38_32_64_0_0_0_0_0_24_0_[0, 64, 6, 47]_[0, 64, 2, 16, 4, 7, 7, 0]
48_48_178_48_0_38_32_64_0_0_0_0_0_24_0_[0, 64, 6, 47]_[0, 64, 2, 16, 4, 7, 7, 0]
49_49_178_48_0_38_32_64_0_0_0_0_0_24_0_[0, 64, 6, 47]_[0, 64, 2, 16, 4, 7, 7, 0]
50_50_178_48_0_38_32_64_0_0_0_0_0_24_0_[0, 64, 6, 47]_[0, 64, 2, 16, 4, 7, 7, 0]
51_51_178_48_0_38_32_64_0_0_0_0_0_24_0_[0, 64, 6, 47]_[0, 64, 2, 16, 4, 7, 7, 0]
52_52_178_48_0_38_32_64_0_0_0_0_0_24_0_[0, 64, 6, 47]_[0, 64, 2, 16, 4, 7, 7, 0]
53_53_178_48_0_38_32_64_0_0_0_0_0_24_0_[0, 64, 6, 47]_[0, 64, 2, 16, 4, 7, 7, 0]
54_54_178_48_0_38_32_64_0_0_0_0_0_24_0_[0, 64, 6, 47]_[0, 64, 2, 16, 4, 7, 7, 0]
55_55_178_48_0_38_32_64_0_0_0_0_0_24_0_[0, 64, 6, 47]_[0, 64, 2, 16, 4, 7, 7, 0]
56_56_178_48_0_38_32_64_0_0_0_0_0_24_0_[0, 64, 6, 47]_[0, 64, 2, 16, 4, 7, 7, 0]
57_57_178_48_0_38_32_64_0_0_0_0_0_24_0_[0, 64, 6, 47]_[0, 64, 2, 16, 4, 7, 7, 0]
58_58_178_48_0_38_32_64_0_0_0_0_0_24_0_[0, 64, 6, 47]_[0, 64, 2, 16, 4, 7, 7, 0]
59_59_377_65_0_38_32_64_0_0_0_0_0_24_0_[0, 64, 6, 47]_[0, 64, 2, 16, 4, 7, 7, 0]
60_60_377_65_0_38_32_64_0_0_0_0_0_24_0_[0, 64, 6, 47]_[0, 64, 2, 16, 4, 7, 7, 0]
61_61_377_65_0_38_32_64_0_0_0_0_0_24_0_[0, 64, 6, 47]_[0, 64, 2, 16, 4, 7, 7, 0]
62_62_377_65_0_38_32_64_0_0_0_0_0_24_0_[0, 64, 6, 47]_[0, 64, 2, 16, 4, 7, 7, 0]
63_63_377_65_0_38_32_64_0_0_0_0_0_24_0_[0, 64, 6, 47]_[0, 64, 2, 16, 4, 7, 7, 0]
64_64_377_65_0_38_32_64_0_0_0_0_0_24_0_[0, 64, 6, 47]_[0, 64, 2, 16, 4, 7, 7, 0]
65_65_377_65_0_38_32_64_0_0_0_0_0_24_0_[0, 64, 6, 47]_[0, 64, 2, 16, 4, 7, 7, 0]
66_66_377_65_0_38_32_64_0_0_0_0_0_24_0_[0, 64, 6, 47]_[0, 64, 2, 16, 4, 7, 7, 0]
67_67_181_72_0_38_32_64_0_0_0_0_0_24_0_[0, 64, 6, 47]_[0, 64, 2, 16, 4, 7, 7, 0]
68_68_181_72_0_38_32_64_0_0_0_0_0_24_0_[0, 64, 6, 47]_[0, 64, 2, 16, 4, 7, 7, 0]
69_69_181_72_0_38_32_64_0_0_0_0_0_24_0_[0, 64, 6, 47]_[0, 64, 2, 16, 4, 7, 7, 0]
70_70_181_72_0_38_32_64_0_0_0_0_0_24_0_[0, 64, 6, 47]_[0, 64, 2, 16, 4, 7, 7, 0]
71_71_181_72_0_38_32_64_0_0_0_0_0_24_0_[0, 64, 6, 47]_[0, 64, 2, 16, 4, 7, 7, 0]
72_72_181_72_0_38_32_64_0_0_0_0_0_24_0_[0, 64, 6, 47]_[0, 64, 2, 16, 4, 7, 7, 0]
73_73_181_72_0_38_32_64_0_0_0_0_0_24_0_[0, 64, 6, 47]_[0, 64, 2, 16, 4, 7, 7, 0]
74_74_181_72_0_38_32_64_0_0_0_0_0_24_0_[0, 64, 6, 47]_[0, 64, 2, 16, 4, 7, 7, 0]
75_75_181_72_0_38_32_64_0_0_0_0_0_24_0_[0, 64, 6, 47]_[0, 64, 2, 16, 4, 7, 7, 0]
76_76_181_72_0_38_32_64_0_0_0_0_0_24_0_[0, 64, 6, 47]_[0, 64, 2, 16, 4, 7, 7, 0]
77_77_181_72_0_38_32_64_0_0_0_0_0_24_0_[0, 64, 6, 47]_[0, 64, 2, 16, 4, 7, 7, 0]
78_78_181_72_0_38_32_64_0_0_0_0_0_24_0_[0, 64, 6, 47]_[0, 64, 2, 16, 4, 7, 7, 0]
79_79_181_72_0_38_32_64_0_0_0_0_0_24_0_[0, 64, 6, 47]_[0, 64, 2, 16, 4, 7, 7, 0]
80_80_181_72_0_38_32_64_0_0_0_0_0_24_0_[0, 64, 6, 47]_[0, 64, 2, 16, 4, 7, 7, 0]
81_81_181_72_0_38_32_64_0_0_0_0_0_24_0_[0, 64, 6, 47]_[0, 64, 2, 16, 4, 7, 7, 0]
82_82_181_72_0_38_32_64_0_0_0_0_0_24_0_[0, 64, 6, 47]_[0, 64, 2, 16, 4, 7, 7, 0]
83_83_181_72_0_38_32_64_0_0_0_0_0_24_0_[0, 64, 6, 47]_[0, 64, 2, 16, 4, 7, 7, 0]
84_84_181_72_0_38_32_64_0_0_0_0_0_24_0_[0, 64, 6, 47]_[0, 64, 2, 16, 4, 7, 7, 0]
85_85_181_72_0_38_32_64_0_0_0_0_0_24_0_[0, 64, 6, 47]_[0, 64, 2, 16, 4, 7, 7, 0]
86_86_181_72_0_38_32_64_0_0_0_0_0_24_0_[0, 64, 6, 47]_[0, 64, 2, 16, 4, 7, 7, 0]
87_87_181_72_0_38_32_64_0_0_0_0_0_24_0_[0, 64, 6, 47]_[0, 64, 2, 16, 4, 7, 7, 0]
88_88_181_72_0_38_32_64_0_0_0_0_0_24_0_[0, 64, 6, 47]_[0, 64, 2, 16, 4, 7, 7, 0]
89_89_181_72_0_38_32_64_0_0_0_0_0_24_0_[0, 64, 6, 47]_[0, 64, 2, 16, 4, 7, 7, 0]
90_90_181_72_0_38_32_64_0_0_0_0_0_24_0_[0, 64, 6, 47]_[0, 64, 2, 16, 4, 7, 7, 0]
91_91_181_72_0_38_32_64_0_0_0_0_0_24_0_[0, 64, 6, 47]_[0, 64, 2, 16, 4, 7, 7, 0]
92_92_181_72_0_38_32_64_0_0_0_0_0_24_0_[0, 64, 6, 47]_[0, 64, 2, 16, 4, 7, 7, 0]
93_93_181_72_0_38_32_64_0_0_0_0_0_24_0_[0, 64, 6, 47]_[0, 64, 2, 16, 4, 7, 7, 0]
94_94_181_72_0_38_32_64_0_0_0_0_0_24_0_[0, 64, 6, 47]_[0, 64, 2, 16, 4, 7, 7, 0]
95_95_181_72_0_38_32_64_0_0_0_0_0_24_0_[0, 64, 6, 47]_[0, 64, 2, 16, 4, 7, 7, 0]
96_96_181_72_0_38_32_64_0_0_0_0_0_24_0_[0, 64, 6, 47]_[0, 64, 2, 16, 4, 7, 7, 0]
97_97_181_72_0_38_32_64_0_0_0_0_0_24_0_[0, 64, 6, 47]_[0, 64, 2, 16, 4, 7, 7, 0]
98_98_181_72_0_38_32_64_0_0_0_0_0_24_0_[0, 64, 6, 47]_[0, 64, 2, 16, 4, 7, 7, 0]
99_99_181_72_0_38_32_64_0_0_0_0_0_24_0_[0, 64, 6, 47]_[0, 64, 2, 16, 4, 7, 7, 0]
100_100_181_72_0_38_32_64_0_0_0_0_0_24_0_[0, 64, 6, 47]_[0, 64, 2, 16, 4, 7, 7, 0]
101_101_181_72_0_38_32_64_0_0_0_0_0_24_0_[0, 64, 6, 47]_[0, 64, 2, 16, 4, 7, 7, 0]
102_102_181_72_0_38_32_64_0_0_0_0_0_24_0_[0, 64, 6, 47]_[0, 64, 2, 16, 4, 7, 7, 0]
103_103_181_72_0_38_32_64_0_0_0_0_0_24_0_[0, 64, 6, 47]_[0, 64, 2, 16, 4, 7, 7, 0]
104_104_181_72_0_38_32_64_0_0_0_0_0_24_0_[0, 64, 6, 47]_[0, 64, 2, 16, 4, 7, 7, 0]
105_105_181_72_0_38_32_64_0_0_0_0_0_24_0_[0, 64, 6, 47]_[0, 64, 2, 16, 4, 7, 7, 0]
106_106_181_72_0_38_32_64_0_0_0_0_0_24_0_[0, 64, 6, 47]_[0, 64, 2, 16, 4, 7, 7, 0]
107_107_181_72_0_38_32_64_0_0_0_0_0_24_0_[0, 64, 6, 47]_[0, 64, 2, 16, 4, 7, 7, 0]
108_108_181_72_0_38_32_64_0_0_0_0_0_24_0_[0, 64, 6, 47]_[0, 64, 2, 16, 4, 7, 7, 0]
109_109_181_72_0_38_32_64_0_0_0_0_0_24_0_[0, 64, 6, 47]_[0, 64, 2, 16, 4, 7, 7, 0]
110_110_181_72_0_38_32_64_0_0_0_0_0_24_0_[0, 64, 6, 47]_[0, 64, 2, 16, 4, 7, 7, 0]
111_111_181_72_0_38_32_64_0_0_0_0_0_24_0_[0, 64, 6, 47]_[0, 64, 2, 16, 4, 7, 7, 0]
112_112_181_72_0_38_32_64_0_0_0_0_0_24_0_[0, 64, 6, 47]_[0, 64, 2, 16, 4, 7, 7, 0]
113_113_181_72_0_38_32_64_0_0_0_0_0_24_0_[0, 64, 6, 47]_[0, 64, 2, 16, 4, 7, 7, 0]
114_114_181_72_0_38_32_64_0_0_0_0_0_24_0_[0, 64, 6, 47]_[0, 64, 2, 16, 4, 7, 7, 0]
115_115_181_72_0_38_32_64_0_0_0_0_0_24_0_[0, 64, 6, 47]_[0, 64, 2, 16, 4, 7, 7, 0]
116_116_181_72_0_38_32_64_0_0_0_0_0_24_0_[0, 64, 6, 47]_[0, 64, 2, 16, 4, 7, 7, 0]
117_117_181_72_0_38_32_64_0_0_0_0_0_24_0_[0, 64, 6, 47]_[0, 64, 2, 16, 4, 7, 7, 0]
118_118_181_72_0_38_32_64_0_0_0_0_0_24_0_[0, 64, 6, 47]_[0, 64, 2, 16, 4, 7, 7, 0]
119_119_181_72_0_38_32_64_0_0_0_0_0_24_0_[0, 64, 6, 47]_[0, 64, 2, 16, 4, 7, 7, 0]
120_120_181_72_0_38_32_64_0_0_0_0_0_24_0_[0, 64, 6, 47]_[0, 64, 2, 16, 4, 7, 7, 0]
121_121_181_72_0_38_32_64_0_0_0_0_0_24_0_[0, 64, 6, 47]_[0, 64, 2, 16, 4, 7, 7, 0]
122_122_181_72_0_38_32_64_0_0_0_0_0_24_0_[0, 64, 6, 47]_[0, 64, 2, 16, 4, 7, 7, 0]
123_123_181_72_0_38_32_64_0_0_0_0_0_24_0_[0, 64, 6, 47]_[0, 64, 2, 16, 4, 7, 7, 0]
124_124_181_72_0_38_32_64_0_0_0_0_0_24_0_[0, 64, 6, 47]_[0, 64, 2, 16, 4, 7, 7, 0]
125_125_181_72_0_38_32_64_0_0_0_0_0_24_0_[0, 64, 6, 47]_[0, 64, 2, 16, 4, 7, 7, 0]
126_126_181_72_0_38_32_64_0_0_0_0_0_24_0_[0, 64, 6, 47]_[0, 64, 2, 16, 4, 7, 7, 0]
127_127_181_72_0_38_32_64_0_0_0_0_0_24_0_[0, 64, 6, 47]_[0, 64, 2, 16, 4, 7, 7, 0]
