0_0_183_60_0_32_32_64_0_0_0_0_0_24_0_null_[0, 64, 3, 0]
1_1_183_60_0_32_32_64_0_0_0_0_0_24_0_null_[0, 64, 3, 0]
2_2_183_60_0_32_32_64_0_0_0_0_0_24_0_null_[0, 64, 3, 0]
3_3_183_60_0_32_32_64_0_0_0_0_0_24_0_null_[0, 64, 3, 0]
4_4_183_60_0_32_32_64_0_0_0_0_0_24_0_null_[0, 64, 3, 0]
5_5_183_60_0_32_32_64_0_0_0_0_0_24_0_null_[0, 64, 3, 0]
6_6_183_60_0_32_32_64_0_0_0_0_0_24_0_null_[0, 64, 3, 0]
7_7_183_60_0_32_32_64_0_0_0_0_0_24_0_null_[0, 64, 3, 0]
8_8_183_60_0_32_32_64_0_0_0_0_0_24_0_null_[0, 64, 3, 0]
9_9_183_60_0_32_32_64_0_0_0_0_0_24_0_null_[0, 64, 3, 0]
10_10_183_60_0_32_32_64_0_0_0_0_0_24_0_null_[0, 64, 3, 0]
11_11_183_60_0_32_32_64_0_0_0_0_0_24_0_null_[0, 64, 3, 0]
12_12_183_60_0_32_32_64_0_0_0_0_0_24_0_null_[0, 64, 3, 0]
13_13_183_60_0_32_32_64_0_0_0_0_0_24_0_null_[0, 64, 3, 0]
14_14_183_60_0_32_32_64_0_0_0_0_0_24_0_null_[0, 64, 3, 0]
15_15_183_60_0_32_32_64_0_0_0_0_0_24_0_null_[0, 64, 3, 0]
16_16_183_60_0_32_32_64_0_0_0_0_0_24_0_null_[0, 64, 3, 0]
17_17_183_60_0_32_32_64_0_0_0_0_0_24_0_null_[0, 64, 3, 0]
18_18_183_60_0_32_32_64_0_0_0_0_0_24_0_null_[0, 64, 3, 0]
19_19_183_60_0_32_32_64_0_0_0_0_0_24_0_null_[0, 64, 3, 0]
20_20_183_60_0_32_32_64_0_0_0_0_0_24_0_null_[0, 64, 3, 0]
21_21_183_60_0_32_32_64_0_0_0_0_0_24_0_null_[0, 64, 3, 0]
22_22_183_60_0_32_32_64_0_0_0_0_0_24_0_null_[0, 64, 3, 0]
23_23_183_60_0_32_32_64_0_0_0_0_0_24_0_null_[0, 64, 3, 0]
24_24_183_60_0_32_32_64_0_0_0_0_0_24_0_null_[0, 64, 3, 0]
25_25_183_60_0_32_32_64_0_0_0_0_0_24_0_null_[0, 64, 3, 0]
26_26_183_60_0_32_32_64_0_0_0_0_0_24_0_null_[0, 64, 3, 0]
27_27_183_60_0_32_32_64_0_0_0_0_0_24_0_null_[0, 64, 3, 0]
28_28_183_60_0_32_32_64_0_0_0_0_0_24_0_null_[0, 64, 3, 0]
29_29_183_60_0_32_32_64_0_0_0_0_0_24_0_null_[0, 64, 3, 0]
30_30_183_60_0_32_32_64_0_0_0_0_0_24_0_null_[0, 64, 3, 0]
31_31_183_60_0_32_32_64_0_0_0_0_0_24_0_null_[0, 64, 3, 0]
32_32_183_60_0_32_32_64_0_0_0_0_0_24_0_null_[0, 64, 3, 0]
33_33_183_60_0_32_32_64_0_0_0_0_0_24_0_null_[0, 64, 3, 0]
34_34_183_60_0_32_32_64_0_0_0_0_0_24_0_null_[0, 64, 3, 0]
35_35_183_60_0_32_32_64_0_0_0_0_0_24_0_null_[0, 64, 3, 0]
36_36_183_60_0_32_32_64_0_0_0_0_0_24_0_null_[0, 64, 3, 0]
37_37_183_60_0_32_32_64_0_0_0_0_0_24_0_null_[0, 64, 3, 0]
38_38_183_60_0_32_32_64_0_0_0_0_0_24_0_null_[0, 64, 3, 0]
39_39_183_60_0_32_32_64_0_0_0_0_0_24_0_null_[0, 64, 3, 0]
40_40_183_60_0_32_32_64_0_0_0_0_0_24_0_null_[0, 64, 3, 0]
41_41_183_60_0_32_32_64_0_0_0_0_0_24_0_null_[0, 64, 3, 0]
42_42_183_60_0_32_32_64_0_0_0_0_0_24_0_null_[0, 64, 3, 0]
43_43_183_60_0_32_32_64_0_0_0_0_0_24_0_null_[0, 64, 3, 0]
44_44_183_60_0_32_32_64_0_0_0_0_0_24_0_null_[0, 64, 3, 0]
45_45_183_60_0_32_32_64_0_0_0_0_0_24_0_null_[0, 64, 3, 0]
46_46_183_60_0_32_32_64_0_0_0_0_0_24_0_null_[0, 64, 3, 0]
47_47_183_60_0_32_32_64_0_0_0_0_0_24_0_null_[0, 64, 3, 0]
48_48_183_60_0_32_32_64_0_0_0_0_0_24_0_null_[0, 64, 3, 0]
49_49_183_60_0_32_32_64_0_0_0_0_0_24_0_null_[0, 64, 3, 0]
50_50_183_60_0_32_32_64_0_0_0_0_0_24_0_null_[0, 64, 3, 0]
51_51_183_60_0_32_32_64_0_0_0_0_0_24_0_null_[0, 64, 3, 0]
52_52_183_60_0_32_32_64_0_0_0_0_0_24_0_null_[0, 64, 3, 0]
53_53_183_60_0_32_32_64_0_0_0_0_0_24_0_null_[0, 64, 3, 0]
54_54_183_60_0_32_32_64_0_0_0_0_0_24_0_null_[0, 64, 3, 0]
55_55_183_60_0_32_32_64_0_0_0_0_0_24_0_null_[0, 64, 3, 0]
56_56_183_60_0_32_32_64_0_0_0_0_0_24_0_null_[0, 64, 3, 0]
57_57_183_60_0_32_32_64_0_0_0_0_0_24_0_null_[0, 64, 3, 0]
58_58_183_60_0_32_32_64_0_0_0_0_0_24_0_null_[0, 64, 3, 0]
59_59_183_60_0_32_32_64_0_0_0_0_0_24_0_null_[0, 64, 3, 0]
60_60_183_60_0_32_32_64_0_0_0_0_0_24_0_null_[0, 64, 3, 0]
61_61_183_60_0_32_32_64_0_0_0_0_0_24_0_null_[0, 64, 3, 0]
62_62_184_72_0_32_32_64_0_0_0_0_0_24_0_null_[0, 64, 3, 0]
63_63_184_72_0_32_32_64_0_0_0_0_0_24_0_null_[0, 64, 3, 0]
64_64_184_72_0_32_32_64_0_0_0_0_0_24_0_null_[0, 64, 3, 0]
65_65_184_72_0_32_32_64_0_0_0_0_0_24_0_null_[0, 64, 3, 0]
66_66_184_72_0_32_32_64_0_0_0_0_0_24_0_null_[0, 64, 3, 0]
67_67_184_72_0_32_32_64_0_0_0_0_0_24_0_null_[0, 64, 3, 0]
68_68_184_72_0_32_32_64_0_0_0_0_0_24_0_null_[0, 64, 3, 0]
69_69_184_72_0_32_32_64_0_0_0_0_0_24_0_null_[0, 64, 3, 0]
70_70_184_72_0_32_32_64_0_0_0_0_0_24_0_null_[0, 64, 3, 0]
71_71_184_72_0_32_32_64_0_0_0_0_0_24_0_null_[0, 64, 3, 0]
72_72_184_72_0_32_32_64_0_0_0_0_0_24_0_null_[0, 64, 3, 0]
73_73_184_72_0_32_32_64_0_0_0_0_0_24_0_null_[0, 64, 3, 0]
74_74_184_72_0_32_32_64_0_0_0_0_0_24_0_null_[0, 64, 3, 0]
75_75_184_72_0_32_32_64_0_0_0_0_0_24_0_null_[0, 64, 3, 0]
76_76_184_72_0_32_32_64_0_0_0_0_0_24_0_null_[0, 64, 3, 0]
77_77_184_72_0_32_32_64_0_0_0_0_0_24_0_null_[0, 64, 3, 0]
78_78_185_84_0_32_32_64_0_0_0_0_0_24_0_null_[0, 64, 3, 0]
79_79_185_84_0_32_32_64_0_0_0_0_0_24_0_null_[0, 64, 3, 0]
80_80_185_84_0_32_32_64_0_0_0_0_0_24_0_null_[0, 64, 3, 0]
81_81_185_84_0_32_32_64_0_0_0_0_0_24_0_null_[0, 64, 3, 0]
82_82_185_84_0_32_32_64_0_0_0_0_0_24_0_null_[0, 64, 3, 0]
83_83_185_84_0_32_32_64_0_0_0_0_0_24_0_null_[0, 64, 3, 0]
84_84_185_84_0_32_32_64_0_0_0_0_0_24_0_null_[0, 64, 3, 0]
85_85_185_84_0_32_32_64_0_0_0_0_0_24_0_null_[0, 64, 3, 0]
86_86_185_84_0_32_32_64_0_0_0_0_0_24_0_null_[0, 64, 3, 0]
87_87_185_84_0_32_32_64_0_0_0_0_0_24_0_null_[0, 64, 3, 0]
88_88_185_84_0_32_32_64_0_0_0_0_0_24_0_null_[0, 64, 3, 0]
89_89_185_84_0_32_32_64_0_0_0_0_0_24_0_null_[0, 64, 3, 0]
90_90_185_84_0_32_32_64_0_0_0_0_0_24_0_null_[0, 64, 3, 0]
91_91_185_84_0_32_32_64_0_0_0_0_0_24_0_null_[0, 64, 3, 0]
92_92_185_84_0_32_32_64_0_0_0_0_0_24_0_null_[0, 64, 3, 0]
93_93_185_84_0_32_32_64_0_0_0_0_0_24_0_null_[0, 64, 3, 0]
94_94_185_84_0_32_32_64_0_0_0_0_0_24_0_null_[0, 64, 3, 0]
95_95_185_84_0_32_32_64_0_0_0_0_0_24_0_null_[0, 64, 3, 0]
96_96_185_84_0_32_32_64_0_0_0_0_0_24_0_null_[0, 64, 3, 0]
97_97_185_84_0_32_32_64_0_0_0_0_0_24_0_null_[0, 64, 3, 0]
98_98_185_84_0_32_32_64_0_0_0_0_0_24_0_null_[0, 64, 3, 0]
99_99_185_84_0_32_32_64_0_0_0_0_0_24_0_null_[0, 64, 3, 0]
100_100_185_84_0_32_32_64_0_0_0_0_0_24_0_null_[0, 64, 3, 0]
101_101_185_84_0_32_32_64_0_0_0_0_0_24_0_null_[0, 64, 3, 0]
102_102_185_84_0_32_32_64_0_0_0_0_0_24_0_null_[0, 64, 3, 0]
103_103_185_84_0_32_32_64_0_0_0_0_0_24_0_null_[0, 64, 3, 0]
104_104_185_84_0_32_32_64_0_0_0_0_0_24_0_null_[0, 64, 3, 0]
105_105_185_84_0_32_32_64_0_0_0_0_0_24_0_null_[0, 64, 3, 0]
106_106_185_84_0_32_32_64_0_0_0_0_0_24_0_null_[0, 64, 3, 0]
107_107_185_84_0_32_32_64_0_0_0_0_0_24_0_null_[0, 64, 3, 0]
108_108_185_84_0_32_32_64_0_0_0_0_0_24_0_null_[0, 64, 3, 0]
109_109_185_84_0_32_32_64_0_0_0_0_0_24_0_null_[0, 64, 3, 0]
110_110_185_84_0_32_32_64_0_0_0_0_0_24_0_null_[0, 64, 3, 0]
111_111_185_84_0_32_32_64_0_0_0_0_0_24_0_null_[0, 64, 3, 0]
112_112_185_84_0_32_32_64_0_0_0_0_0_24_0_null_[0, 64, 3, 0]
113_113_185_84_0_32_32_64_0_0_0_0_0_24_0_null_[0, 64, 3, 0]
114_114_185_84_0_32_32_64_0_0_0_0_0_24_0_null_[0, 64, 3, 0]
115_115_185_84_0_32_32_64_0_0_0_0_0_24_0_null_[0, 64, 3, 0]
116_116_185_84_0_32_32_64_0_0_0_0_0_24_0_null_[0, 64, 3, 0]
117_117_185_84_0_32_32_64_0_0_0_0_0_24_0_null_[0, 64, 3, 0]
118_118_185_84_0_32_32_64_0_0_0_0_0_24_0_null_[0, 64, 3, 0]
119_119_185_84_0_32_32_64_0_0_0_0_0_24_0_null_[0, 64, 3, 0]
120_120_185_84_0_32_32_64_0_0_0_0_0_24_0_null_[0, 64, 3, 0]
121_121_185_84_0_32_32_64_0_0_0_0_0_24_0_null_[0, 64, 3, 0]
122_122_185_84_0_32_32_64_0_0_0_0_0_24_0_null_[0, 64, 3, 0]
123_123_185_84_0_32_32_64_0_0_0_0_0_24_0_null_[0, 64, 3, 0]
124_124_185_84_0_32_32_64_0_0_0_0_0_24_0_null_[0, 64, 3, 0]
125_125_185_84_0_32_32_64_0_0_0_0_0_24_0_null_[0, 64, 3, 0]
126_126_185_84_0_32_32_64_0_0_0_0_0_24_0_null_[0, 64, 3, 0]
127_127_185_84_0_32_32_64_0_0_0_0_0_24_0_null_[0, 64, 3, 0]
