0_0_409_47_0_45_32_64_0_4_15_0_0_24_0_null_[0, 64, 1, 5, 11, 0]
1_1_409_47_0_45_32_64_0_4_15_0_0_24_0_null_[0, 64, 1, 5, 11, 0]
2_2_409_47_0_45_32_64_0_4_15_0_0_24_0_null_[0, 64, 1, 5, 11, 0]
3_3_409_47_0_45_32_64_0_4_15_0_0_24_0_null_[0, 64, 1, 5, 11, 0]
4_4_409_47_0_45_32_64_0_4_15_0_0_24_0_null_[0, 64, 1, 5, 11, 0]
5_5_409_47_0_45_32_64_0_4_15_0_0_24_0_null_[0, 64, 1, 5, 11, 0]
6_6_409_47_0_45_32_64_0_4_15_0_0_24_0_null_[0, 64, 1, 5, 11, 0]
7_7_409_47_0_45_32_64_0_4_15_0_0_24_0_null_[0, 64, 1, 5, 11, 0]
8_8_409_47_0_45_32_64_0_4_15_0_0_24_0_null_[0, 64, 1, 5, 11, 0]
9_9_409_47_0_45_32_64_0_4_15_0_0_24_0_null_[0, 64, 1, 5, 11, 0]
10_10_409_47_0_45_32_64_0_4_15_0_0_24_0_null_[0, 64, 1, 5, 11, 0]
11_11_409_47_0_45_32_64_0_4_15_0_0_24_0_null_[0, 64, 1, 5, 11, 0]
12_12_409_47_0_45_32_64_0_4_15_0_0_24_0_null_[0, 64, 1, 5, 11, 0]
13_13_409_47_0_45_32_64_0_4_15_0_0_24_0_null_[0, 64, 1, 5, 11, 0]
14_14_409_47_0_45_32_64_0_4_15_0_0_24_0_null_[0, 64, 1, 5, 11, 0]
15_15_409_47_0_45_32_64_0_4_15_0_0_24_0_null_[0, 64, 1, 5, 11, 0]
16_16_409_47_0_45_32_64_0_4_15_0_0_24_0_null_[0, 64, 1, 5, 11, 0]
17_17_409_47_0_45_32_64_0_4_15_0_0_24_0_null_[0, 64, 1, 5, 11, 0]
18_18_409_47_0_45_32_64_0_4_15_0_0_24_0_null_[0, 64, 1, 5, 11, 0]
19_19_409_47_0_45_32_64_0_4_15_0_0_24_0_null_[0, 64, 1, 5, 11, 0]
20_20_409_47_0_45_32_64_0_4_15_0_0_24_0_null_[0, 64, 1, 5, 11, 0]
21_21_409_47_0_45_32_64_0_4_15_0_0_24_0_null_[0, 64, 1, 5, 11, 0]
22_22_409_47_0_45_32_64_0_4_15_0_0_24_0_null_[0, 64, 1, 5, 11, 0]
23_23_409_47_0_45_32_64_0_4_15_0_0_24_0_null_[0, 64, 1, 5, 11, 0]
24_24_409_47_0_45_32_64_0_4_15_0_0_24_0_null_[0, 64, 1, 5, 11, 0]
25_25_409_47_0_45_32_64_0_4_15_0_0_24_0_null_[0, 64, 1, 5, 11, 0]
26_26_409_47_0_45_32_64_0_4_15_0_0_24_0_null_[0, 64, 1, 5, 11, 0]
27_27_409_47_0_45_32_64_0_4_15_0_0_24_0_null_[0, 64, 1, 5, 11, 0]
28_28_409_47_0_45_32_64_0_4_15_0_0_24_0_null_[0, 64, 1, 5, 11, 0]
29_29_409_47_0_45_32_64_0_4_15_0_0_24_0_null_[0, 64, 1, 5, 11, 0]
30_30_409_47_0_45_32_64_0_4_15_0_0_24_0_null_[0, 64, 1, 5, 11, 0]
31_31_409_47_0_45_32_64_0_4_15_0_0_24_0_null_[0, 64, 1, 5, 11, 0]
32_32_409_47_0_45_32_64_0_4_15_0_0_24_0_null_[0, 64, 1, 5, 11, 0]
33_33_409_47_0_45_32_64_0_4_15_0_0_24_0_null_[0, 64, 1, 5, 11, 0]
34_34_409_47_0_45_32_64_0_4_15_0_0_24_0_null_[0, 64, 1, 5, 11, 0]
35_35_409_47_0_45_32_64_0_4_15_0_0_24_0_null_[0, 64, 1, 5, 11, 0]
36_36_409_47_0_45_32_64_0_4_15_0_0_24_0_null_[0, 64, 1, 5, 11, 0]
37_37_409_47_0_45_32_64_0_4_15_0_0_24_0_null_[0, 64, 1, 5, 11, 0]
38_38_409_47_0_45_32_64_0_4_15_0_0_24_0_null_[0, 64, 1, 5, 11, 0]
39_39_409_47_0_45_32_64_0_4_15_0_0_24_0_null_[0, 64, 1, 5, 11, 0]
40_40_409_47_0_45_32_64_0_4_15_0_0_24_0_null_[0, 64, 1, 5, 11, 0]
41_41_409_47_0_45_32_64_0_4_15_0_0_24_0_null_[0, 64, 1, 5, 11, 0]
42_42_409_47_0_45_32_64_0_4_15_0_0_24_0_null_[0, 64, 1, 5, 11, 0]
43_43_409_47_0_45_32_64_0_4_15_0_0_24_0_null_[0, 64, 1, 5, 11, 0]
44_44_409_47_0_45_32_64_0_4_15_0_0_24_0_null_[0, 64, 1, 5, 11, 0]
45_45_409_47_0_45_32_64_0_4_15_0_0_24_0_null_[0, 64, 1, 5, 11, 0]
46_46_409_47_0_45_32_64_0_4_15_0_0_24_0_null_[0, 64, 1, 5, 11, 0]
47_47_409_47_0_45_32_64_0_4_15_0_0_24_0_null_[0, 64, 1, 5, 11, 0]
48_48_409_47_0_45_32_64_0_4_15_0_0_24_0_null_[0, 64, 1, 5, 11, 0]
49_49_409_47_0_45_32_64_0_4_15_0_0_24_0_null_[0, 64, 1, 5, 11, 0]
50_50_409_47_0_45_32_64_0_4_15_0_0_24_0_null_[0, 64, 1, 5, 11, 0]
51_51_409_47_0_45_32_64_0_4_15_0_0_24_0_null_[0, 64, 1, 5, 11, 0]
52_52_409_47_0_45_32_64_0_4_15_0_0_24_0_null_[0, 64, 1, 5, 11, 0]
53_53_409_47_0_45_32_64_0_4_15_0_0_24_0_null_[0, 64, 1, 5, 11, 0]
54_54_409_47_0_45_32_64_0_4_15_0_0_24_0_null_[0, 64, 1, 5, 11, 0]
55_55_409_47_0_45_32_64_0_4_15_0_0_24_0_null_[0, 64, 1, 5, 11, 0]
56_56_24_61_0_45_32_64_0_4_15_0_0_24_0_null_[0, 64, 1, 5, 11, 0]
57_57_24_61_0_45_32_64_0_4_15_0_0_24_0_null_[0, 64, 1, 5, 11, 0]
58_58_24_61_0_45_32_64_0_4_15_0_0_24_0_null_[0, 64, 1, 5, 11, 0]
59_59_24_61_0_45_32_64_0_4_15_0_0_24_0_null_[0, 64, 1, 5, 11, 0]
60_60_24_61_0_45_32_64_0_4_15_0_0_24_0_null_[0, 64, 1, 5, 11, 0]
61_61_24_61_0_45_32_64_0_4_15_0_0_24_0_null_[0, 64, 1, 5, 11, 0]
62_62_469_71_0_45_32_64_0_4_15_0_0_24_0_null_[0, 64, 1, 5, 11, 0]
63_63_469_71_0_45_32_64_0_4_15_0_0_24_0_null_[0, 64, 1, 5, 11, 0]
64_64_469_71_0_45_32_64_0_4_15_0_0_24_0_null_[0, 64, 1, 5, 11, 0]
65_65_469_71_0_45_32_64_0_4_15_0_0_24_0_null_[0, 64, 1, 5, 11, 0]
66_66_469_71_0_45_32_64_0_4_15_0_0_24_0_null_[0, 64, 1, 5, 11, 0]
67_67_469_71_0_45_32_64_0_4_15_0_0_24_0_null_[0, 64, 1, 5, 11, 0]
68_68_469_71_0_45_32_64_0_4_15_0_0_24_0_null_[0, 64, 1, 5, 11, 0]
69_69_469_71_0_45_32_64_0_4_15_0_0_24_0_null_[0, 64, 1, 5, 11, 0]
70_70_469_71_0_45_32_64_0_4_15_0_0_24_0_null_[0, 64, 1, 5, 11, 0]
71_71_469_71_0_45_32_64_0_4_15_0_0_24_0_null_[0, 64, 1, 5, 11, 0]
72_72_469_71_0_45_32_64_0_4_15_0_0_24_0_null_[0, 64, 1, 5, 11, 0]
73_73_469_71_0_45_32_64_0_4_15_0_0_24_0_null_[0, 64, 1, 5, 11, 0]
74_74_469_71_0_45_32_64_0_4_15_0_0_24_0_null_[0, 64, 1, 5, 11, 0]
75_75_469_71_0_45_32_64_0_4_15_0_0_24_0_null_[0, 64, 1, 5, 11, 0]
76_76_469_71_0_45_32_64_0_4_15_0_0_24_0_null_[0, 64, 1, 5, 11, 0]
77_77_469_71_0_45_32_64_0_4_15_0_0_24_0_null_[0, 64, 1, 5, 11, 0]
78_78_469_71_0_45_32_64_0_4_15_0_0_24_0_null_[0, 64, 1, 5, 11, 0]
79_79_469_71_0_45_32_64_0_4_15_0_0_24_0_null_[0, 64, 1, 5, 11, 0]
80_80_469_71_0_45_32_64_0_4_15_0_0_24_0_null_[0, 64, 1, 5, 11, 0]
81_81_469_71_0_45_32_64_0_4_15_0_0_24_0_null_[0, 64, 1, 5, 11, 0]
82_82_469_71_0_45_32_64_0_4_15_0_0_24_0_null_[0, 64, 1, 5, 11, 0]
83_83_25_84_0_45_32_64_0_4_15_0_0_24_0_null_[0, 64, 1, 5, 11, 0]
84_84_25_84_0_45_32_64_0_4_15_0_0_24_0_null_[0, 64, 1, 5, 11, 0]
85_85_25_84_0_45_32_64_0_4_15_0_0_24_0_null_[0, 64, 1, 5, 11, 0]
86_86_25_84_0_45_32_64_0_4_15_0_0_24_0_null_[0, 64, 1, 5, 11, 0]
87_87_25_84_0_45_32_64_0_4_15_0_0_24_0_null_[0, 64, 1, 5, 11, 0]
88_88_25_84_0_45_32_64_0_4_15_0_0_24_0_null_[0, 64, 1, 5, 11, 0]
89_89_25_84_0_45_32_64_0_4_15_0_0_24_0_null_[0, 64, 1, 5, 11, 0]
90_90_25_84_0_45_32_64_0_4_15_0_0_24_0_null_[0, 64, 1, 5, 11, 0]
91_91_25_84_0_45_32_64_0_4_15_0_0_24_0_null_[0, 64, 1, 5, 11, 0]
92_92_25_84_0_45_32_64_0_4_15_0_0_24_0_null_[0, 64, 1, 5, 11, 0]
93_93_25_84_0_45_32_64_0_4_15_0_0_24_0_null_[0, 64, 1, 5, 11, 0]
94_94_25_84_0_45_32_64_0_4_15_0_0_24_0_null_[0, 64, 1, 5, 11, 0]
95_95_25_84_0_45_32_64_0_4_15_0_0_24_0_null_[0, 64, 1, 5, 11, 0]
96_96_25_84_0_45_32_64_0_4_15_0_0_24_0_null_[0, 64, 1, 5, 11, 0]
97_97_25_84_0_45_32_64_0_4_15_0_0_24_0_null_[0, 64, 1, 5, 11, 0]
98_98_25_84_0_45_32_64_0_4_15_0_0_24_0_null_[0, 64, 1, 5, 11, 0]
99_99_25_84_0_45_32_64_0_4_15_0_0_24_0_null_[0, 64, 1, 5, 11, 0]
100_100_25_84_0_45_32_64_0_4_15_0_0_24_0_null_[0, 64, 1, 5, 11, 0]
101_101_25_84_0_45_32_64_0_4_15_0_0_24_0_null_[0, 64, 1, 5, 11, 0]
102_102_25_84_0_45_32_64_0_4_15_0_0_24_0_null_[0, 64, 1, 5, 11, 0]
103_103_25_84_0_45_32_64_0_4_15_0_0_24_0_null_[0, 64, 1, 5, 11, 0]
104_104_25_84_0_45_32_64_0_4_15_0_0_24_0_null_[0, 64, 1, 5, 11, 0]
105_105_25_84_0_45_32_64_0_4_15_0_0_24_0_null_[0, 64, 1, 5, 11, 0]
106_106_25_84_0_45_32_64_0_4_15_0_0_24_0_null_[0, 64, 1, 5, 11, 0]
107_107_25_84_0_45_32_64_0_4_15_0_0_24_0_null_[0, 64, 1, 5, 11, 0]
108_108_25_84_0_45_32_64_0_4_15_0_0_24_0_null_[0, 64, 1, 5, 11, 0]
109_109_25_84_0_45_32_64_0_4_15_0_0_24_0_null_[0, 64, 1, 5, 11, 0]
110_110_25_84_0_45_32_64_0_4_15_0_0_24_0_null_[0, 64, 1, 5, 11, 0]
111_111_25_84_0_45_32_64_0_4_15_0_0_24_0_null_[0, 64, 1, 5, 11, 0]
112_112_25_84_0_45_32_64_0_4_15_0_0_24_0_null_[0, 64, 1, 5, 11, 0]
113_113_25_84_0_45_32_64_0_4_15_0_0_24_0_null_[0, 64, 1, 5, 11, 0]
114_114_25_84_0_45_32_64_0_4_15_0_0_24_0_null_[0, 64, 1, 5, 11, 0]
115_115_25_84_0_45_32_64_0_4_15_0_0_24_0_null_[0, 64, 1, 5, 11, 0]
116_116_25_84_0_45_32_64_0_4_15_0_0_24_0_null_[0, 64, 1, 5, 11, 0]
117_117_25_84_0_45_32_64_0_4_15_0_0_24_0_null_[0, 64, 1, 5, 11, 0]
118_118_25_84_0_45_32_64_0_4_15_0_0_24_0_null_[0, 64, 1, 5, 11, 0]
119_119_25_84_0_45_32_64_0_4_15_0_0_24_0_null_[0, 64, 1, 5, 11, 0]
120_120_25_84_0_45_32_64_0_4_15_0_0_24_0_null_[0, 64, 1, 5, 11, 0]
121_121_25_84_0_45_32_64_0_4_15_0_0_24_0_null_[0, 64, 1, 5, 11, 0]
122_122_25_84_0_45_32_64_0_4_15_0_0_24_0_null_[0, 64, 1, 5, 11, 0]
123_123_25_84_0_45_32_64_0_4_15_0_0_24_0_null_[0, 64, 1, 5, 11, 0]
124_124_25_84_0_45_32_64_0_4_15_0_0_24_0_null_[0, 64, 1, 5, 11, 0]
125_125_25_84_0_45_32_64_0_4_15_0_0_24_0_null_[0, 64, 1, 5, 11, 0]
126_126_25_84_0_45_32_64_0_4_15_0_0_24_0_null_[0, 64, 1, 5, 11, 0]
127_127_25_84_0_45_32_64_0_4_15_0_0_24_0_null_[0, 64, 1, 5, 11, 0]
