0_0_416_60_0_29_32_64_0_0_0_0_0_24_0_null_[0, 64, 2, 0]
1_1_416_60_0_29_32_64_0_0_0_0_0_24_0_null_[0, 64, 2, 0]
2_2_416_60_0_29_32_64_0_0_0_0_0_24_0_null_[0, 64, 2, 0]
3_3_416_60_0_29_32_64_0_0_0_0_0_24_0_null_[0, 64, 2, 0]
4_4_416_60_0_29_32_64_0_0_0_0_0_24_0_null_[0, 64, 2, 0]
5_5_416_60_0_29_32_64_0_0_0_0_0_24_0_null_[0, 64, 2, 0]
6_6_416_60_0_29_32_64_0_0_0_0_0_24_0_null_[0, 64, 2, 0]
7_7_416_60_0_29_32_64_0_0_0_0_0_24_0_null_[0, 64, 2, 0]
8_8_416_60_0_29_32_64_0_0_0_0_0_24_0_null_[0, 64, 2, 0]
9_9_416_60_0_29_32_64_0_0_0_0_0_24_0_null_[0, 64, 2, 0]
10_10_416_60_0_29_32_64_0_0_0_0_0_24_0_null_[0, 64, 2, 0]
11_11_416_60_0_29_32_64_0_0_0_0_0_24_0_null_[0, 64, 2, 0]
12_12_416_60_0_29_32_64_0_0_0_0_0_24_0_null_[0, 64, 2, 0]
13_13_416_60_0_29_32_64_0_0_0_0_0_24_0_null_[0, 64, 2, 0]
14_14_416_60_0_29_32_64_0_0_0_0_0_24_0_null_[0, 64, 2, 0]
15_15_416_60_0_29_32_64_0_0_0_0_0_24_0_null_[0, 64, 2, 0]
16_16_416_60_0_29_32_64_0_0_0_0_0_24_0_null_[0, 64, 2, 0]
17_17_416_60_0_29_32_64_0_0_0_0_0_24_0_null_[0, 64, 2, 0]
18_18_416_60_0_29_32_64_0_0_0_0_0_24_0_null_[0, 64, 2, 0]
19_19_416_60_0_29_32_64_0_0_0_0_0_24_0_null_[0, 64, 2, 0]
20_20_416_60_0_29_32_64_0_0_0_0_0_24_0_null_[0, 64, 2, 0]
21_21_416_60_0_29_32_64_0_0_0_0_0_24_0_null_[0, 64, 2, 0]
22_22_416_60_0_29_32_64_0_0_0_0_0_24_0_null_[0, 64, 2, 0]
23_23_416_60_0_29_32_64_0_0_0_0_0_24_0_null_[0, 64, 2, 0]
24_24_416_60_0_29_32_64_0_0_0_0_0_24_0_null_[0, 64, 2, 0]
25_25_416_60_0_29_32_64_0_0_0_0_0_24_0_null_[0, 64, 2, 0]
26_26_416_60_0_29_32_64_0_0_0_0_0_24_0_null_[0, 64, 2, 0]
27_27_416_60_0_29_32_64_0_0_0_0_0_24_0_null_[0, 64, 2, 0]
28_28_416_60_0_29_32_64_0_0_0_0_0_24_0_null_[0, 64, 2, 0]
29_29_416_60_0_29_32_64_0_0_0_0_0_24_0_null_[0, 64, 2, 0]
30_30_416_60_0_29_32_64_0_0_0_0_0_24_0_null_[0, 64, 2, 0]
31_31_416_60_0_29_32_64_0_0_0_0_0_24_0_null_[0, 64, 2, 0]
32_32_416_60_0_29_32_64_0_0_0_0_0_24_0_null_[0, 64, 2, 0]
33_33_416_60_0_29_32_64_0_0_0_0_0_24_0_null_[0, 64, 2, 0]
34_34_416_60_0_29_32_64_0_0_0_0_0_24_0_null_[0, 64, 2, 0]
35_35_416_60_0_29_32_64_0_0_0_0_0_24_0_null_[0, 64, 2, 0]
36_36_416_60_0_29_32_64_0_0_0_0_0_24_0_null_[0, 64, 2, 0]
37_37_416_60_0_29_32_64_0_0_0_0_0_24_0_null_[0, 64, 2, 0]
38_38_416_60_0_29_32_64_0_0_0_0_0_24_0_null_[0, 64, 2, 0]
39_39_416_60_0_29_32_64_0_0_0_0_0_24_0_null_[0, 64, 2, 0]
40_40_416_60_0_29_32_64_0_0_0_0_0_24_0_null_[0, 64, 2, 0]
41_41_416_60_0_29_32_64_0_0_0_0_0_24_0_null_[0, 64, 2, 0]
42_42_416_60_0_29_32_64_0_0_0_0_0_24_0_null_[0, 64, 2, 0]
43_43_416_60_0_29_32_64_0_0_0_0_0_24_0_null_[0, 64, 2, 0]
44_44_416_60_0_29_32_64_0_0_0_0_0_24_0_null_[0, 64, 2, 0]
45_45_416_60_0_29_32_64_0_0_0_0_0_24_0_null_[0, 64, 2, 0]
46_46_416_60_0_29_32_64_0_0_0_0_0_24_0_null_[0, 64, 2, 0]
47_47_416_60_0_29_32_64_0_0_0_0_0_24_0_null_[0, 64, 2, 0]
48_48_416_60_0_29_32_64_0_0_0_0_0_24_0_null_[0, 64, 2, 0]
49_49_416_60_0_29_32_64_0_0_0_0_0_24_0_null_[0, 64, 2, 0]
50_50_416_60_0_29_32_64_0_0_0_0_0_24_0_null_[0, 64, 2, 0]
51_51_416_60_0_29_32_64_0_0_0_0_0_24_0_null_[0, 64, 2, 0]
52_52_416_60_0_29_32_64_0_0_0_0_0_24_0_null_[0, 64, 2, 0]
53_53_416_60_0_29_32_64_0_0_0_0_0_24_0_null_[0, 64, 2, 0]
54_54_416_60_0_29_32_64_0_0_0_0_0_24_0_null_[0, 64, 2, 0]
55_55_416_60_0_29_32_64_0_0_0_0_0_24_0_null_[0, 64, 2, 0]
56_56_416_60_0_29_32_64_0_0_0_0_0_24_0_null_[0, 64, 2, 0]
57_57_416_60_0_29_32_64_0_0_0_0_0_24_0_null_[0, 64, 2, 0]
58_58_416_60_0_29_32_64_0_0_0_0_0_24_0_null_[0, 64, 2, 0]
59_59_416_60_0_29_32_64_0_0_0_0_0_24_0_null_[0, 64, 2, 0]
60_60_416_60_0_29_32_64_0_0_0_0_0_24_0_null_[0, 64, 2, 0]
61_61_416_60_0_29_32_64_0_0_0_0_0_24_0_null_[0, 64, 2, 0]
62_62_416_60_0_29_32_64_0_0_0_0_0_24_0_null_[0, 64, 2, 0]
63_63_416_60_0_29_32_64_0_0_0_0_0_24_0_null_[0, 64, 2, 0]
64_64_416_60_0_29_32_64_0_0_0_0_0_24_0_null_[0, 64, 2, 0]
65_65_416_60_0_29_32_64_0_0_0_0_0_24_0_null_[0, 64, 2, 0]
66_66_503_72_0_29_32_64_0_0_0_0_0_24_0_null_[0, 64, 2, 0]
67_67_503_72_0_29_32_64_0_0_0_0_0_24_0_null_[0, 64, 2, 0]
68_68_503_72_0_29_32_64_0_0_0_0_0_24_0_null_[0, 64, 2, 0]
69_69_503_72_0_29_32_64_0_0_0_0_0_24_0_null_[0, 64, 2, 0]
70_70_503_72_0_29_32_64_0_0_0_0_0_24_0_null_[0, 64, 2, 0]
71_71_503_72_0_29_32_64_0_0_0_0_0_24_0_null_[0, 64, 2, 0]
72_72_503_72_0_29_32_64_0_0_0_0_0_24_0_null_[0, 64, 2, 0]
73_73_503_72_0_29_32_64_0_0_0_0_0_24_0_null_[0, 64, 2, 0]
74_74_503_72_0_29_32_64_0_0_0_0_0_24_0_null_[0, 64, 2, 0]
75_75_503_72_0_29_32_64_0_0_0_0_0_24_0_null_[0, 64, 2, 0]
76_76_503_72_0_29_32_64_0_0_0_0_0_24_0_null_[0, 64, 2, 0]
77_77_503_72_0_29_32_64_0_0_0_0_0_24_0_null_[0, 64, 2, 0]
78_78_503_72_0_29_32_64_0_0_0_0_0_24_0_null_[0, 64, 2, 0]
79_79_503_72_0_29_32_64_0_0_0_0_0_24_0_null_[0, 64, 2, 0]
80_80_557_84_0_29_32_64_0_0_0_0_0_24_0_null_[0, 64, 2, 0]
81_81_557_84_0_29_32_64_0_0_0_0_0_24_0_null_[0, 64, 2, 0]
82_82_557_84_0_29_32_64_0_0_0_0_0_24_0_null_[0, 64, 2, 0]
83_83_557_84_0_29_32_64_0_0_0_0_0_24_0_null_[0, 64, 2, 0]
84_84_557_84_0_29_32_64_0_0_0_0_0_24_0_null_[0, 64, 2, 0]
85_85_557_84_0_29_32_64_0_0_0_0_0_24_0_null_[0, 64, 2, 0]
86_86_557_84_0_29_32_64_0_0_0_0_0_24_0_null_[0, 64, 2, 0]
87_87_557_84_0_29_32_64_0_0_0_0_0_24_0_null_[0, 64, 2, 0]
88_88_557_84_0_29_32_64_0_0_0_0_0_24_0_null_[0, 64, 2, 0]
89_89_557_84_0_29_32_64_0_0_0_0_0_24_0_null_[0, 64, 2, 0]
90_90_557_84_0_29_32_64_0_0_0_0_0_24_0_null_[0, 64, 2, 0]
91_91_557_84_0_29_32_64_0_0_0_0_0_24_0_null_[0, 64, 2, 0]
92_92_557_84_0_29_32_64_0_0_0_0_0_24_0_null_[0, 64, 2, 0]
93_93_557_84_0_29_32_64_0_0_0_0_0_24_0_null_[0, 64, 2, 0]
94_94_557_84_0_29_32_64_0_0_0_0_0_24_0_null_[0, 64, 2, 0]
95_95_557_84_0_29_32_64_0_0_0_0_0_24_0_null_[0, 64, 2, 0]
96_96_557_84_0_29_32_64_0_0_0_0_0_24_0_null_[0, 64, 2, 0]
97_97_557_84_0_29_32_64_0_0_0_0_0_24_0_null_[0, 64, 2, 0]
98_98_557_84_0_29_32_64_0_0_0_0_0_24_0_null_[0, 64, 2, 0]
99_99_557_84_0_29_32_64_0_0_0_0_0_24_0_null_[0, 64, 2, 0]
100_100_557_84_0_29_32_64_0_0_0_0_0_24_0_null_[0, 64, 2, 0]
101_101_557_84_0_29_32_64_0_0_0_0_0_24_0_null_[0, 64, 2, 0]
102_102_557_84_0_29_32_64_0_0_0_0_0_24_0_null_[0, 64, 2, 0]
103_103_557_84_0_29_32_64_0_0_0_0_0_24_0_null_[0, 64, 2, 0]
104_104_557_84_0_29_32_64_0_0_0_0_0_24_0_null_[0, 64, 2, 0]
105_105_557_84_0_29_32_64_0_0_0_0_0_24_0_null_[0, 64, 2, 0]
106_106_557_84_0_29_32_64_0_0_0_0_0_24_0_null_[0, 64, 2, 0]
107_107_557_84_0_29_32_64_0_0_0_0_0_24_0_null_[0, 64, 2, 0]
108_108_557_84_0_29_32_64_0_0_0_0_0_24_0_null_[0, 64, 2, 0]
109_109_557_84_0_29_32_64_0_0_0_0_0_24_0_null_[0, 64, 2, 0]
110_110_557_84_0_29_32_64_0_0_0_0_0_24_0_null_[0, 64, 2, 0]
111_111_557_84_0_29_32_64_0_0_0_0_0_24_0_null_[0, 64, 2, 0]
112_112_557_84_0_29_32_64_0_0_0_0_0_24_0_null_[0, 64, 2, 0]
113_113_557_84_0_29_32_64_0_0_0_0_0_24_0_null_[0, 64, 2, 0]
114_114_557_84_0_29_32_64_0_0_0_0_0_24_0_null_[0, 64, 2, 0]
115_115_557_84_0_29_32_64_0_0_0_0_0_24_0_null_[0, 64, 2, 0]
116_116_557_84_0_29_32_64_0_0_0_0_0_24_0_null_[0, 64, 2, 0]
117_117_557_84_0_29_32_64_0_0_0_0_0_24_0_null_[0, 64, 2, 0]
118_118_557_84_0_29_32_64_0_0_0_0_0_24_0_null_[0, 64, 2, 0]
119_119_557_84_0_29_32_64_0_0_0_0_0_24_0_null_[0, 64, 2, 0]
120_120_557_84_0_29_32_64_0_0_0_0_0_24_0_null_[0, 64, 2, 0]
121_121_557_84_0_29_32_64_0_0_0_0_0_24_0_null_[0, 64, 2, 0]
122_122_557_84_0_29_32_64_0_0_0_0_0_24_0_null_[0, 64, 2, 0]
123_123_557_84_0_29_32_64_0_0_0_0_0_24_0_null_[0, 64, 2, 0]
124_124_557_84_0_29_32_64_0_0_0_0_0_24_0_null_[0, 64, 2, 0]
125_125_557_84_0_29_32_64_0_0_0_0_0_24_0_null_[0, 64, 2, 0]
126_126_557_84_0_29_32_64_0_0_0_0_0_24_0_null_[0, 64, 2, 0]
127_127_557_84_0_29_32_64_0_0_0_0_0_24_0_null_[0, 64, 2, 0]
