0_0_199_60_0_37_32_64_0_0_0_0_0_24_0_null_[0, 64, 2, 0]
1_1_199_60_0_37_32_64_0_0_0_0_0_24_0_null_[0, 64, 2, 0]
2_2_199_60_0_37_32_64_0_0_0_0_0_24_0_null_[0, 64, 2, 0]
3_3_199_60_0_37_32_64_0_0_0_0_0_24_0_null_[0, 64, 2, 0]
4_4_199_60_0_37_32_64_0_0_0_0_0_24_0_null_[0, 64, 2, 0]
5_5_199_60_0_37_32_64_0_0_0_0_0_24_0_null_[0, 64, 2, 0]
6_6_199_60_0_37_32_64_0_0_0_0_0_24_0_null_[0, 64, 2, 0]
7_7_199_60_0_37_32_64_0_0_0_0_0_24_0_null_[0, 64, 2, 0]
8_8_199_60_0_37_32_64_0_0_0_0_0_24_0_null_[0, 64, 2, 0]
9_9_199_60_0_37_32_64_0_0_0_0_0_24_0_null_[0, 64, 2, 0]
10_10_199_60_0_37_32_64_0_0_0_0_0_24_0_null_[0, 64, 2, 0]
11_11_199_60_0_37_32_64_0_0_0_0_0_24_0_null_[0, 64, 2, 0]
12_12_199_60_0_37_32_64_0_0_0_0_0_24_0_null_[0, 64, 2, 0]
13_13_199_60_0_37_32_64_0_0_0_0_0_24_0_null_[0, 64, 2, 0]
14_14_199_60_0_37_32_64_0_0_0_0_0_24_0_null_[0, 64, 2, 0]
15_15_199_60_0_37_32_64_0_0_0_0_0_24_0_null_[0, 64, 2, 0]
16_16_199_60_0_37_32_64_0_0_0_0_0_24_0_null_[0, 64, 2, 0]
17_17_199_60_0_37_32_64_0_0_0_0_0_24_0_null_[0, 64, 2, 0]
18_18_199_60_0_37_32_64_0_0_0_0_0_24_0_null_[0, 64, 2, 0]
19_19_199_60_0_37_32_64_0_0_0_0_0_24_0_null_[0, 64, 2, 0]
20_20_199_60_0_37_32_64_0_0_0_0_0_24_0_null_[0, 64, 2, 0]
21_21_199_60_0_37_32_64_0_0_0_0_0_24_0_null_[0, 64, 2, 0]
22_22_199_60_0_37_32_64_0_0_0_0_0_24_0_null_[0, 64, 2, 0]
23_23_199_60_0_37_32_64_0_0_0_0_0_24_0_null_[0, 64, 2, 0]
24_24_199_60_0_37_32_64_0_0_0_0_0_24_0_null_[0, 64, 2, 0]
25_25_199_60_0_37_32_64_0_0_0_0_0_24_0_null_[0, 64, 2, 0]
26_26_199_60_0_37_32_64_0_0_0_0_0_24_0_null_[0, 64, 2, 0]
27_27_199_60_0_37_32_64_0_0_0_0_0_24_0_null_[0, 64, 2, 0]
28_28_199_60_0_37_32_64_0_0_0_0_0_24_0_null_[0, 64, 2, 0]
29_29_199_60_0_37_32_64_0_0_0_0_0_24_0_null_[0, 64, 2, 0]
30_30_199_60_0_37_32_64_0_0_0_0_0_24_0_null_[0, 64, 2, 0]
31_31_199_60_0_37_32_64_0_0_0_0_0_24_0_null_[0, 64, 2, 0]
32_32_199_60_0_37_32_64_0_0_0_0_0_24_0_null_[0, 64, 2, 0]
33_33_199_60_0_37_32_64_0_0_0_0_0_24_0_null_[0, 64, 2, 0]
34_34_199_60_0_37_32_64_0_0_0_0_0_24_0_null_[0, 64, 2, 0]
35_35_199_60_0_37_32_64_0_0_0_0_0_24_0_null_[0, 64, 2, 0]
36_36_199_60_0_37_32_64_0_0_0_0_0_24_0_null_[0, 64, 2, 0]
37_37_199_60_0_37_32_64_0_0_0_0_0_24_0_null_[0, 64, 2, 0]
38_38_199_60_0_37_32_64_0_0_0_0_0_24_0_null_[0, 64, 2, 0]
39_39_199_60_0_37_32_64_0_0_0_0_0_24_0_null_[0, 64, 2, 0]
40_40_199_60_0_37_32_64_0_0_0_0_0_24_0_null_[0, 64, 2, 0]
41_41_199_60_0_37_32_64_0_0_0_0_0_24_0_null_[0, 64, 2, 0]
42_42_199_60_0_37_32_64_0_0_0_0_0_24_0_null_[0, 64, 2, 0]
43_43_199_60_0_37_32_64_0_0_0_0_0_24_0_null_[0, 64, 2, 0]
44_44_199_60_0_37_32_64_0_0_0_0_0_24_0_null_[0, 64, 2, 0]
45_45_199_60_0_37_32_64_0_0_0_0_0_24_0_null_[0, 64, 2, 0]
46_46_199_60_0_37_32_64_0_0_0_0_0_24_0_null_[0, 64, 2, 0]
47_47_199_60_0_37_32_64_0_0_0_0_0_24_0_null_[0, 64, 2, 0]
48_48_199_60_0_37_32_64_0_0_0_0_0_24_0_null_[0, 64, 2, 0]
49_49_199_60_0_37_32_64_0_0_0_0_0_24_0_null_[0, 64, 2, 0]
50_50_199_60_0_37_32_64_0_0_0_0_0_24_0_null_[0, 64, 2, 0]
51_51_199_60_0_37_32_64_0_0_0_0_0_24_0_null_[0, 64, 2, 0]
52_52_199_60_0_37_32_64_0_0_0_0_0_24_0_null_[0, 64, 2, 0]
53_53_199_60_0_37_32_64_0_0_0_0_0_24_0_null_[0, 64, 2, 0]
54_54_199_60_0_37_32_64_0_0_0_0_0_24_0_null_[0, 64, 2, 0]
55_55_199_60_0_37_32_64_0_0_0_0_0_24_0_null_[0, 64, 2, 0]
56_56_199_60_0_37_32_64_0_0_0_0_0_24_0_null_[0, 64, 2, 0]
57_57_199_60_0_37_32_64_0_0_0_0_0_24_0_null_[0, 64, 2, 0]
58_58_199_60_0_37_32_64_0_0_0_0_0_24_0_null_[0, 64, 2, 0]
59_59_199_60_0_37_32_64_0_0_0_0_0_24_0_null_[0, 64, 2, 0]
60_60_199_60_0_37_32_64_0_0_0_0_0_24_0_null_[0, 64, 2, 0]
61_61_199_60_0_37_32_64_0_0_0_0_0_24_0_null_[0, 64, 2, 0]
62_62_199_60_0_37_32_64_0_0_0_0_0_24_0_null_[0, 64, 2, 0]
63_63_199_60_0_37_32_64_0_0_0_0_0_24_0_null_[0, 64, 2, 0]
64_64_199_60_0_37_32_64_0_0_0_0_0_24_0_null_[0, 64, 2, 0]
65_65_199_60_0_37_32_64_0_0_0_0_0_24_0_null_[0, 64, 2, 0]
66_66_199_60_0_37_32_64_0_0_0_0_0_24_0_null_[0, 64, 2, 0]
67_67_199_60_0_37_32_64_0_0_0_0_0_24_0_null_[0, 64, 2, 0]
68_68_199_60_0_37_32_64_0_0_0_0_0_24_0_null_[0, 64, 2, 0]
69_69_199_60_0_37_32_64_0_0_0_0_0_24_0_null_[0, 64, 2, 0]
70_70_199_60_0_37_32_64_0_0_0_0_0_24_0_null_[0, 64, 2, 0]
71_71_199_60_0_37_32_64_0_0_0_0_0_24_0_null_[0, 64, 2, 0]
72_72_199_60_0_37_32_64_0_0_0_0_0_24_0_null_[0, 64, 2, 0]
73_73_199_60_0_37_32_64_0_0_0_0_0_24_0_null_[0, 64, 2, 0]
74_74_199_60_0_37_32_64_0_0_0_0_0_24_0_null_[0, 64, 2, 0]
75_75_199_60_0_37_32_64_0_0_0_0_0_24_0_null_[0, 64, 2, 0]
76_76_199_60_0_37_32_64_0_0_0_0_0_24_0_null_[0, 64, 2, 0]
77_77_199_60_0_37_32_64_0_0_0_0_0_24_0_null_[0, 64, 2, 0]
78_78_199_60_0_37_32_64_0_0_0_0_0_24_0_null_[0, 64, 2, 0]
79_79_199_60_0_37_32_64_0_0_0_0_0_24_0_null_[0, 64, 2, 0]
80_80_199_60_0_37_32_64_0_0_0_0_0_24_0_null_[0, 64, 2, 0]
81_81_199_60_0_37_32_64_0_0_0_0_0_24_0_null_[0, 64, 2, 0]
82_82_199_60_0_37_32_64_0_0_0_0_0_24_0_null_[0, 64, 2, 0]
83_83_199_60_0_37_32_64_0_0_0_0_0_24_0_null_[0, 64, 2, 0]
84_84_199_60_0_37_32_64_0_0_0_0_0_24_0_null_[0, 64, 2, 0]
85_85_199_60_0_37_32_64_0_0_0_0_0_24_0_null_[0, 64, 2, 0]
86_86_199_60_0_37_32_64_0_0_0_0_0_24_0_null_[0, 64, 2, 0]
87_87_199_60_0_37_32_64_0_0_0_0_0_24_0_null_[0, 64, 2, 0]
88_88_199_60_0_37_32_64_0_0_0_0_0_24_0_null_[0, 64, 2, 0]
89_89_199_60_0_37_32_64_0_0_0_0_0_24_0_null_[0, 64, 2, 0]
90_90_199_60_0_37_32_64_0_0_0_0_0_24_0_null_[0, 64, 2, 0]
91_91_199_60_0_37_32_64_0_0_0_0_0_24_0_null_[0, 64, 2, 0]
92_92_199_60_0_37_32_64_0_0_0_0_0_24_0_null_[0, 64, 2, 0]
93_93_199_60_0_37_32_64_0_0_0_0_0_24_0_null_[0, 64, 2, 0]
94_94_199_60_0_37_32_64_0_0_0_0_0_24_0_null_[0, 64, 2, 0]
95_95_199_60_0_37_32_64_0_0_0_0_0_24_0_null_[0, 64, 2, 0]
96_96_199_60_0_37_32_64_0_0_0_0_0_24_0_null_[0, 64, 2, 0]
97_97_199_60_0_37_32_64_0_0_0_0_0_24_0_null_[0, 64, 2, 0]
98_98_199_60_0_37_32_64_0_0_0_0_0_24_0_null_[0, 64, 2, 0]
99_99_199_60_0_37_32_64_0_0_0_0_0_24_0_null_[0, 64, 2, 0]
100_100_199_60_0_37_32_64_0_0_0_0_0_24_0_null_[0, 64, 2, 0]
101_101_199_60_0_37_32_64_0_0_0_0_0_24_0_null_[0, 64, 2, 0]
102_102_199_60_0_37_32_64_0_0_0_0_0_24_0_null_[0, 64, 2, 0]
103_103_199_60_0_37_32_64_0_0_0_0_0_24_0_null_[0, 64, 2, 0]
104_104_199_60_0_37_32_64_0_0_0_0_0_24_0_null_[0, 64, 2, 0]
105_105_199_60_0_37_32_64_0_0_0_0_0_24_0_null_[0, 64, 2, 0]
106_106_199_60_0_37_32_64_0_0_0_0_0_24_0_null_[0, 64, 2, 0]
107_107_199_60_0_37_32_64_0_0_0_0_0_24_0_null_[0, 64, 2, 0]
108_108_199_60_0_37_32_64_0_0_0_0_0_24_0_null_[0, 64, 2, 0]
109_109_199_60_0_37_32_64_0_0_0_0_0_24_0_null_[0, 64, 2, 0]
110_110_199_60_0_37_32_64_0_0_0_0_0_24_0_null_[0, 64, 2, 0]
111_111_199_60_0_37_32_64_0_0_0_0_0_24_0_null_[0, 64, 2, 0]
112_112_199_60_0_37_32_64_0_0_0_0_0_24_0_null_[0, 64, 2, 0]
113_113_199_60_0_37_32_64_0_0_0_0_0_24_0_null_[0, 64, 2, 0]
114_114_199_60_0_37_32_64_0_0_0_0_0_24_0_null_[0, 64, 2, 0]
115_115_199_60_0_37_32_64_0_0_0_0_0_24_0_null_[0, 64, 2, 0]
116_116_199_60_0_37_32_64_0_0_0_0_0_24_0_null_[0, 64, 2, 0]
117_117_199_60_0_37_32_64_0_0_0_0_0_24_0_null_[0, 64, 2, 0]
118_118_199_60_0_37_32_64_0_0_0_0_0_24_0_null_[0, 64, 2, 0]
119_119_199_60_0_37_32_64_0_0_0_0_0_24_0_null_[0, 64, 2, 0]
120_120_199_60_0_37_32_64_0_0_0_0_0_24_0_null_[0, 64, 2, 0]
121_121_199_60_0_37_32_64_0_0_0_0_0_24_0_null_[0, 64, 2, 0]
122_122_199_60_0_37_32_64_0_0_0_0_0_24_0_null_[0, 64, 2, 0]
123_123_199_60_0_37_32_64_0_0_0_0_0_24_0_null_[0, 64, 2, 0]
124_124_199_60_0_37_32_64_0_0_0_0_0_24_0_null_[0, 64, 2, 0]
125_125_199_60_0_37_32_64_0_0_0_0_0_24_0_null_[0, 64, 2, 0]
126_126_199_60_0_37_32_64_0_0_0_0_0_24_0_null_[0, 64, 2, 0]
127_127_199_60_0_37_32_64_0_0_0_0_0_24_0_null_[0, 64, 2, 0]
