0_0_404_36_0_35_32_64_0_0_0_0_0_24_0_null_[0, 64, 4, 0]
1_1_404_36_0_35_32_64_0_0_0_0_0_24_0_null_[0, 64, 4, 0]
2_2_404_36_0_35_32_64_0_0_0_0_0_24_0_null_[0, 64, 4, 0]
3_3_404_36_0_35_32_64_0_0_0_0_0_24_0_null_[0, 64, 4, 0]
4_4_404_36_0_35_32_64_0_0_0_0_0_24_0_null_[0, 64, 4, 0]
5_5_404_36_0_35_32_64_0_0_0_0_0_24_0_null_[0, 64, 4, 0]
6_6_404_36_0_35_32_64_0_0_0_0_0_24_0_null_[0, 64, 4, 0]
7_7_404_36_0_35_32_64_0_0_0_0_0_24_0_null_[0, 64, 4, 0]
8_8_404_36_0_35_32_64_0_0_0_0_0_24_0_null_[0, 64, 4, 0]
9_9_404_36_0_35_32_64_0_0_0_0_0_24_0_null_[0, 64, 4, 0]
10_10_404_36_0_35_32_64_0_0_0_0_0_24_0_null_[0, 64, 4, 0]
11_11_404_36_0_35_32_64_0_0_0_0_0_24_0_null_[0, 64, 4, 0]
12_12_404_36_0_35_32_64_0_0_0_0_0_24_0_null_[0, 64, 4, 0]
13_13_404_36_0_35_32_64_0_0_0_0_0_24_0_null_[0, 64, 4, 0]
14_14_404_36_0_35_32_64_0_0_0_0_0_24_0_null_[0, 64, 4, 0]
15_15_404_36_0_35_32_64_0_0_0_0_0_24_0_null_[0, 64, 4, 0]
16_16_404_36_0_35_32_64_0_0_0_0_0_24_0_null_[0, 64, 4, 0]
17_17_404_36_0_35_32_64_0_0_0_0_0_24_0_null_[0, 64, 4, 0]
18_18_404_36_0_35_32_64_0_0_0_0_0_24_0_null_[0, 64, 4, 0]
19_19_404_36_0_35_32_64_0_0_0_0_0_24_0_null_[0, 64, 4, 0]
20_20_404_36_0_35_32_64_0_0_0_0_0_24_0_null_[0, 64, 4, 0]
21_21_404_36_0_35_32_64_0_0_0_0_0_24_0_null_[0, 64, 4, 0]
22_22_404_36_0_35_32_64_0_0_0_0_0_24_0_null_[0, 64, 4, 0]
23_23_404_36_0_35_32_64_0_0_0_0_0_24_0_null_[0, 64, 4, 0]
24_24_404_36_0_35_32_64_0_0_0_0_0_24_0_null_[0, 64, 4, 0]
25_25_404_36_0_35_32_64_0_0_0_0_0_24_0_null_[0, 64, 4, 0]
26_26_404_36_0_35_32_64_0_0_0_0_0_24_0_null_[0, 64, 4, 0]
27_27_404_36_0_35_32_64_0_0_0_0_0_24_0_null_[0, 64, 4, 0]
28_28_404_36_0_35_32_64_0_0_0_0_0_24_0_null_[0, 64, 4, 0]
29_29_404_36_0_35_32_64_0_0_0_0_0_24_0_null_[0, 64, 4, 0]
30_30_404_36_0_35_32_64_0_0_0_0_0_24_0_null_[0, 64, 4, 0]
31_31_404_36_0_35_32_64_0_0_0_0_0_24_0_null_[0, 64, 4, 0]
32_32_404_36_0_35_32_64_0_0_0_0_0_24_0_null_[0, 64, 4, 0]
33_33_404_36_0_35_32_64_0_0_0_0_0_24_0_null_[0, 64, 4, 0]
34_34_404_36_0_35_32_64_0_0_0_0_0_24_0_null_[0, 64, 4, 0]
35_35_404_36_0_35_32_64_0_0_0_0_0_24_0_null_[0, 64, 4, 0]
36_36_404_36_0_35_32_64_0_0_0_0_0_24_0_null_[0, 64, 4, 0]
37_37_404_36_0_35_32_64_0_0_0_0_0_24_0_null_[0, 64, 4, 0]
38_38_404_36_0_35_32_64_0_0_0_0_0_24_0_null_[0, 64, 4, 0]
39_39_404_36_0_35_32_64_0_0_0_0_0_24_0_null_[0, 64, 4, 0]
40_40_404_36_0_35_32_64_0_0_0_0_0_24_0_null_[0, 64, 4, 0]
41_41_404_36_0_35_32_64_0_0_0_0_0_24_0_null_[0, 64, 4, 0]
42_42_491_48_0_35_32_64_0_0_0_0_0_24_0_null_[0, 64, 4, 0]
43_43_491_48_0_35_32_64_0_0_0_0_0_24_0_null_[0, 64, 4, 0]
44_44_491_48_0_35_32_64_0_0_0_0_0_24_0_null_[0, 64, 4, 0]
45_45_491_48_0_35_32_64_0_0_0_0_0_24_0_null_[0, 64, 4, 0]
46_46_491_48_0_35_32_64_0_0_0_0_0_24_0_null_[0, 64, 4, 0]
47_47_491_48_0_35_32_64_0_0_0_0_0_24_0_null_[0, 64, 4, 0]
48_48_491_48_0_35_32_64_0_0_0_0_0_24_0_null_[0, 64, 4, 0]
49_49_491_48_0_35_32_64_0_0_0_0_0_24_0_null_[0, 64, 4, 0]
50_50_491_48_0_35_32_64_0_0_0_0_0_24_0_null_[0, 64, 4, 0]
51_51_491_48_0_35_32_64_0_0_0_0_0_24_0_null_[0, 64, 4, 0]
52_52_491_48_0_35_32_64_0_0_0_0_0_24_0_null_[0, 64, 4, 0]
53_53_491_48_0_35_32_64_0_0_0_0_0_24_0_null_[0, 64, 4, 0]
54_54_451_60_0_35_32_64_0_0_0_0_0_24_0_null_[0, 64, 4, 0]
55_55_451_60_0_35_32_64_0_0_0_0_0_24_0_null_[0, 64, 4, 0]
56_56_451_60_0_35_32_64_0_0_0_0_0_24_0_null_[0, 64, 4, 0]
57_57_451_60_0_35_32_64_0_0_0_0_0_24_0_null_[0, 64, 4, 0]
58_58_451_60_0_35_32_64_0_0_0_0_0_24_0_null_[0, 64, 4, 0]
59_59_451_60_0_35_32_64_0_0_0_0_0_24_0_null_[0, 64, 4, 0]
60_60_451_60_0_35_32_64_0_0_0_0_0_24_0_null_[0, 64, 4, 0]
61_61_451_60_0_35_32_64_0_0_0_0_0_24_0_null_[0, 64, 4, 0]
62_62_451_60_0_35_32_64_0_0_0_0_0_24_0_null_[0, 64, 4, 0]
63_63_451_60_0_35_32_64_0_0_0_0_0_24_0_null_[0, 64, 4, 0]
64_64_451_60_0_35_32_64_0_0_0_0_0_24_0_null_[0, 64, 4, 0]
65_65_451_60_0_35_32_64_0_0_0_0_0_24_0_null_[0, 64, 4, 0]
66_66_507_72_0_35_32_64_0_0_0_0_0_24_0_null_[0, 64, 4, 0]
67_67_507_72_0_35_32_64_0_0_0_0_0_24_0_null_[0, 64, 4, 0]
68_68_507_72_0_35_32_64_0_0_0_0_0_24_0_null_[0, 64, 4, 0]
69_69_507_72_0_35_32_64_0_0_0_0_0_24_0_null_[0, 64, 4, 0]
70_70_507_72_0_35_32_64_0_0_0_0_0_24_0_null_[0, 64, 4, 0]
71_71_507_72_0_35_32_64_0_0_0_0_0_24_0_null_[0, 64, 4, 0]
72_72_507_72_0_35_32_64_0_0_0_0_0_24_0_null_[0, 64, 4, 0]
73_73_507_72_0_35_32_64_0_0_0_0_0_24_0_null_[0, 64, 4, 0]
74_74_507_72_0_35_32_64_0_0_0_0_0_24_0_null_[0, 64, 4, 0]
75_75_507_72_0_35_32_64_0_0_0_0_0_24_0_null_[0, 64, 4, 0]
76_76_507_72_0_35_32_64_0_0_0_0_0_24_0_null_[0, 64, 4, 0]
77_77_507_72_0_35_32_64_0_0_0_0_0_24_0_null_[0, 64, 4, 0]
78_78_495_84_0_35_32_64_0_0_0_0_0_24_0_null_[0, 64, 4, 0]
79_79_495_84_0_35_32_64_0_0_0_0_0_24_0_null_[0, 64, 4, 0]
80_80_495_84_0_35_32_64_0_0_0_0_0_24_0_null_[0, 64, 4, 0]
81_81_495_84_0_35_32_64_0_0_0_0_0_24_0_null_[0, 64, 4, 0]
82_82_495_84_0_35_32_64_0_0_0_0_0_24_0_null_[0, 64, 4, 0]
83_83_495_84_0_35_32_64_0_0_0_0_0_24_0_null_[0, 64, 4, 0]
84_84_495_84_0_35_32_64_0_0_0_0_0_24_0_null_[0, 64, 4, 0]
85_85_495_84_0_35_32_64_0_0_0_0_0_24_0_null_[0, 64, 4, 0]
86_86_495_84_0_35_32_64_0_0_0_0_0_24_0_null_[0, 64, 4, 0]
87_87_495_84_0_35_32_64_0_0_0_0_0_24_0_null_[0, 64, 4, 0]
88_88_495_84_0_35_32_64_0_0_0_0_0_24_0_null_[0, 64, 4, 0]
89_89_495_84_0_35_32_64_0_0_0_0_0_24_0_null_[0, 64, 4, 0]
90_90_495_84_0_35_32_64_0_0_0_0_0_24_0_null_[0, 64, 4, 0]
91_91_495_84_0_35_32_64_0_0_0_0_0_24_0_null_[0, 64, 4, 0]
92_92_495_84_0_35_32_64_0_0_0_0_0_24_0_null_[0, 64, 4, 0]
93_93_495_84_0_35_32_64_0_0_0_0_0_24_0_null_[0, 64, 4, 0]
94_94_495_84_0_35_32_64_0_0_0_0_0_24_0_null_[0, 64, 4, 0]
95_95_495_84_0_35_32_64_0_0_0_0_0_24_0_null_[0, 64, 4, 0]
96_96_495_84_0_35_32_64_0_0_0_0_0_24_0_null_[0, 64, 4, 0]
97_97_495_84_0_35_32_64_0_0_0_0_0_24_0_null_[0, 64, 4, 0]
98_98_495_84_0_35_32_64_0_0_0_0_0_24_0_null_[0, 64, 4, 0]
99_99_495_84_0_35_32_64_0_0_0_0_0_24_0_null_[0, 64, 4, 0]
100_100_495_84_0_35_32_64_0_0_0_0_0_24_0_null_[0, 64, 4, 0]
101_101_495_84_0_35_32_64_0_0_0_0_0_24_0_null_[0, 64, 4, 0]
102_102_495_84_0_35_32_64_0_0_0_0_0_24_0_null_[0, 64, 4, 0]
103_103_495_84_0_35_32_64_0_0_0_0_0_24_0_null_[0, 64, 4, 0]
104_104_495_84_0_35_32_64_0_0_0_0_0_24_0_null_[0, 64, 4, 0]
105_105_495_84_0_35_32_64_0_0_0_0_0_24_0_null_[0, 64, 4, 0]
106_106_495_84_0_35_32_64_0_0_0_0_0_24_0_null_[0, 64, 4, 0]
107_107_495_84_0_35_32_64_0_0_0_0_0_24_0_null_[0, 64, 4, 0]
108_108_495_84_0_35_32_64_0_0_0_0_0_24_0_null_[0, 64, 4, 0]
109_109_495_84_0_35_32_64_0_0_0_0_0_24_0_null_[0, 64, 4, 0]
110_110_495_84_0_35_32_64_0_0_0_0_0_24_0_null_[0, 64, 4, 0]
111_111_495_84_0_35_32_64_0_0_0_0_0_24_0_null_[0, 64, 4, 0]
112_112_495_84_0_35_32_64_0_0_0_0_0_24_0_null_[0, 64, 4, 0]
113_113_495_84_0_35_32_64_0_0_0_0_0_24_0_null_[0, 64, 4, 0]
114_114_495_84_0_35_32_64_0_0_0_0_0_24_0_null_[0, 64, 4, 0]
115_115_495_84_0_35_32_64_0_0_0_0_0_24_0_null_[0, 64, 4, 0]
116_116_495_84_0_35_32_64_0_0_0_0_0_24_0_null_[0, 64, 4, 0]
117_117_495_84_0_35_32_64_0_0_0_0_0_24_0_null_[0, 64, 4, 0]
118_118_495_84_0_35_32_64_0_0_0_0_0_24_0_null_[0, 64, 4, 0]
119_119_495_84_0_35_32_64_0_0_0_0_0_24_0_null_[0, 64, 4, 0]
120_120_495_84_0_35_32_64_0_0_0_0_0_24_0_null_[0, 64, 4, 0]
121_121_495_84_0_35_32_64_0_0_0_0_0_24_0_null_[0, 64, 4, 0]
122_122_495_84_0_35_32_64_0_0_0_0_0_24_0_null_[0, 64, 4, 0]
123_123_495_84_0_35_32_64_0_0_0_0_0_24_0_null_[0, 64, 4, 0]
124_124_495_84_0_35_32_64_0_0_0_0_0_24_0_null_[0, 64, 4, 0]
125_125_495_84_0_35_32_64_0_0_0_0_0_24_0_null_[0, 64, 4, 0]
126_126_495_84_0_35_32_64_0_0_0_0_0_24_0_null_[0, 64, 4, 0]
127_127_495_84_0_35_32_64_0_0_0_0_0_24_0_null_[0, 64, 4, 0]
