0_0_202_43_0_36_32_64_0_0_0_0_0_24_0_null_[0, 64, 3, 0]
1_1_202_43_0_36_32_64_0_0_0_0_0_24_0_null_[0, 64, 3, 0]
2_2_202_43_0_36_32_64_0_0_0_0_0_24_0_null_[0, 64, 3, 0]
3_3_202_43_0_36_32_64_0_0_0_0_0_24_0_null_[0, 64, 3, 0]
4_4_202_43_0_36_32_64_0_0_0_0_0_24_0_null_[0, 64, 3, 0]
5_5_202_43_0_36_32_64_0_0_0_0_0_24_0_null_[0, 64, 3, 0]
6_6_202_43_0_36_32_64_0_0_0_0_0_24_0_null_[0, 64, 3, 0]
7_7_202_43_0_36_32_64_0_0_0_0_0_24_0_null_[0, 64, 3, 0]
8_8_202_43_0_36_32_64_0_0_0_0_0_24_0_null_[0, 64, 3, 0]
9_9_202_43_0_36_32_64_0_0_0_0_0_24_0_null_[0, 64, 3, 0]
10_10_202_43_0_36_32_64_0_0_0_0_0_24_0_null_[0, 64, 3, 0]
11_11_202_43_0_36_32_64_0_0_0_0_0_24_0_null_[0, 64, 3, 0]
12_12_202_43_0_36_32_64_0_0_0_0_0_24_0_null_[0, 64, 3, 0]
13_13_202_43_0_36_32_64_0_0_0_0_0_24_0_null_[0, 64, 3, 0]
14_14_202_43_0_36_32_64_0_0_0_0_0_24_0_null_[0, 64, 3, 0]
15_15_202_43_0_36_32_64_0_0_0_0_0_24_0_null_[0, 64, 3, 0]
16_16_202_43_0_36_32_64_0_0_0_0_0_24_0_null_[0, 64, 3, 0]
17_17_202_43_0_36_32_64_0_0_0_0_0_24_0_null_[0, 64, 3, 0]
18_18_202_43_0_36_32_64_0_0_0_0_0_24_0_null_[0, 64, 3, 0]
19_19_202_43_0_36_32_64_0_0_0_0_0_24_0_null_[0, 64, 3, 0]
20_20_202_43_0_36_32_64_0_0_0_0_0_24_0_null_[0, 64, 3, 0]
21_21_202_43_0_36_32_64_0_0_0_0_0_24_0_null_[0, 64, 3, 0]
22_22_202_43_0_36_32_64_0_0_0_0_0_24_0_null_[0, 64, 3, 0]
23_23_202_43_0_36_32_64_0_0_0_0_0_24_0_null_[0, 64, 3, 0]
24_24_202_43_0_36_32_64_0_0_0_0_0_24_0_null_[0, 64, 3, 0]
25_25_202_43_0_36_32_64_0_0_0_0_0_24_0_null_[0, 64, 3, 0]
26_26_202_43_0_36_32_64_0_0_0_0_0_24_0_null_[0, 64, 3, 0]
27_27_202_43_0_36_32_64_0_0_0_0_0_24_0_null_[0, 64, 3, 0]
28_28_202_43_0_36_32_64_0_0_0_0_0_24_0_null_[0, 64, 3, 0]
29_29_202_43_0_36_32_64_0_0_0_0_0_24_0_null_[0, 64, 3, 0]
30_30_202_43_0_36_32_64_0_0_0_0_0_24_0_null_[0, 64, 3, 0]
31_31_202_43_0_36_32_64_0_0_0_0_0_24_0_null_[0, 64, 3, 0]
32_32_202_43_0_36_32_64_0_0_0_0_0_24_0_null_[0, 64, 3, 0]
33_33_202_43_0_36_32_64_0_0_0_0_0_24_0_null_[0, 64, 3, 0]
34_34_202_43_0_36_32_64_0_0_0_0_0_24_0_null_[0, 64, 3, 0]
35_35_202_43_0_36_32_64_0_0_0_0_0_24_0_null_[0, 64, 3, 0]
36_36_202_43_0_36_32_64_0_0_0_0_0_24_0_null_[0, 64, 3, 0]
37_37_202_43_0_36_32_64_0_0_0_0_0_24_0_null_[0, 64, 3, 0]
38_38_202_43_0_36_32_64_0_0_0_0_0_24_0_null_[0, 64, 3, 0]
39_39_202_43_0_36_32_64_0_0_0_0_0_24_0_null_[0, 64, 3, 0]
40_40_202_43_0_36_32_64_0_0_0_0_0_24_0_null_[0, 64, 3, 0]
41_41_202_43_0_36_32_64_0_0_0_0_0_24_0_null_[0, 64, 3, 0]
42_42_202_43_0_36_32_64_0_0_0_0_0_24_0_null_[0, 64, 3, 0]
43_43_202_43_0_36_32_64_0_0_0_0_0_24_0_null_[0, 64, 3, 0]
44_44_202_43_0_36_32_64_0_0_0_0_0_24_0_null_[0, 64, 3, 0]
45_45_202_43_0_36_32_64_0_0_0_0_0_24_0_null_[0, 64, 3, 0]
46_46_202_43_0_36_32_64_0_0_0_0_0_24_0_null_[0, 64, 3, 0]
47_47_202_43_0_36_32_64_0_0_0_0_0_24_0_null_[0, 64, 3, 0]
48_48_202_43_0_36_32_64_0_0_0_0_0_24_0_null_[0, 64, 3, 0]
49_49_202_43_0_36_32_64_0_0_0_0_0_24_0_null_[0, 64, 3, 0]
50_50_202_43_0_36_32_64_0_0_0_0_0_24_0_null_[0, 64, 3, 0]
51_51_202_43_0_36_32_64_0_0_0_0_0_24_0_null_[0, 64, 3, 0]
52_52_202_43_0_36_32_64_0_0_0_0_0_24_0_null_[0, 64, 3, 0]
53_53_202_43_0_36_32_64_0_0_0_0_0_24_0_null_[0, 64, 3, 0]
54_54_202_43_0_36_32_64_0_0_0_0_0_24_0_null_[0, 64, 3, 0]
55_55_202_43_0_36_32_64_0_0_0_0_0_24_0_null_[0, 64, 3, 0]
56_56_202_43_0_36_32_64_0_0_0_0_0_24_0_null_[0, 64, 3, 0]
57_57_202_43_0_36_32_64_0_0_0_0_0_24_0_null_[0, 64, 3, 0]
58_58_202_43_0_36_32_64_0_0_0_0_0_24_0_null_[0, 64, 3, 0]
59_59_202_43_0_36_32_64_0_0_0_0_0_24_0_null_[0, 64, 3, 0]
60_60_202_43_0_36_32_64_0_0_0_0_0_24_0_null_[0, 64, 3, 0]
61_61_202_43_0_36_32_64_0_0_0_0_0_24_0_null_[0, 64, 3, 0]
62_62_203_62_0_36_32_64_0_0_0_0_0_24_0_null_[0, 64, 3, 0]
63_63_203_62_0_36_32_64_0_0_0_0_0_24_0_null_[0, 64, 3, 0]
64_64_203_62_0_36_32_64_0_0_0_0_0_24_0_null_[0, 64, 3, 0]
65_65_203_62_0_36_32_64_0_0_0_0_0_24_0_null_[0, 64, 3, 0]
66_66_203_62_0_36_32_64_0_0_0_0_0_24_0_null_[0, 64, 3, 0]
67_67_203_62_0_36_32_64_0_0_0_0_0_24_0_null_[0, 64, 3, 0]
68_68_203_62_0_36_32_64_0_0_0_0_0_24_0_null_[0, 64, 3, 0]
69_69_203_62_0_36_32_64_0_0_0_0_0_24_0_null_[0, 64, 3, 0]
70_70_203_62_0_36_32_64_0_0_0_0_0_24_0_null_[0, 64, 3, 0]
71_71_203_62_0_36_32_64_0_0_0_0_0_24_0_null_[0, 64, 3, 0]
72_72_203_62_0_36_32_64_0_0_0_0_0_24_0_null_[0, 64, 3, 0]
73_73_203_62_0_36_32_64_0_0_0_0_0_24_0_null_[0, 64, 3, 0]
74_74_203_62_0_36_32_64_0_0_0_0_0_24_0_null_[0, 64, 3, 0]
75_75_203_62_0_36_32_64_0_0_0_0_0_24_0_null_[0, 64, 3, 0]
76_76_203_62_0_36_32_64_0_0_0_0_0_24_0_null_[0, 64, 3, 0]
77_77_203_62_0_36_32_64_0_0_0_0_0_24_0_null_[0, 64, 3, 0]
78_78_203_62_0_36_32_64_0_0_0_0_0_24_0_null_[0, 64, 3, 0]
79_79_203_62_0_36_32_64_0_0_0_0_0_24_0_null_[0, 64, 3, 0]
80_80_203_62_0_36_32_64_0_0_0_0_0_24_0_null_[0, 64, 3, 0]
81_81_203_62_0_36_32_64_0_0_0_0_0_24_0_null_[0, 64, 3, 0]
82_82_203_62_0_36_32_64_0_0_0_0_0_24_0_null_[0, 64, 3, 0]
83_83_203_62_0_36_32_64_0_0_0_0_0_24_0_null_[0, 64, 3, 0]
84_84_203_62_0_36_32_64_0_0_0_0_0_24_0_null_[0, 64, 3, 0]
85_85_203_62_0_36_32_64_0_0_0_0_0_24_0_null_[0, 64, 3, 0]
86_86_203_62_0_36_32_64_0_0_0_0_0_24_0_null_[0, 64, 3, 0]
87_87_203_62_0_36_32_64_0_0_0_0_0_24_0_null_[0, 64, 3, 0]
88_88_203_62_0_36_32_64_0_0_0_0_0_24_0_null_[0, 64, 3, 0]
89_89_203_62_0_36_32_64_0_0_0_0_0_24_0_null_[0, 64, 3, 0]
90_90_203_62_0_36_32_64_0_0_0_0_0_24_0_null_[0, 64, 3, 0]
91_91_203_62_0_36_32_64_0_0_0_0_0_24_0_null_[0, 64, 3, 0]
92_92_203_62_0_36_32_64_0_0_0_0_0_24_0_null_[0, 64, 3, 0]
93_93_203_62_0_36_32_64_0_0_0_0_0_24_0_null_[0, 64, 3, 0]
94_94_203_62_0_36_32_64_0_0_0_0_0_24_0_null_[0, 64, 3, 0]
95_95_203_62_0_36_32_64_0_0_0_0_0_24_0_null_[0, 64, 3, 0]
96_96_203_62_0_36_32_64_0_0_0_0_0_24_0_null_[0, 64, 3, 0]
97_97_203_62_0_36_32_64_0_0_0_0_0_24_0_null_[0, 64, 3, 0]
98_98_203_62_0_36_32_64_0_0_0_0_0_24_0_null_[0, 64, 3, 0]
99_99_203_62_0_36_32_64_0_0_0_0_0_24_0_null_[0, 64, 3, 0]
100_100_203_62_0_36_32_64_0_0_0_0_0_24_0_null_[0, 64, 3, 0]
101_101_203_62_0_36_32_64_0_0_0_0_0_24_0_null_[0, 64, 3, 0]
102_102_203_62_0_36_32_64_0_0_0_0_0_24_0_null_[0, 64, 3, 0]
103_103_203_62_0_36_32_64_0_0_0_0_0_24_0_null_[0, 64, 3, 0]
104_104_203_62_0_36_32_64_0_0_0_0_0_24_0_null_[0, 64, 3, 0]
105_105_203_62_0_36_32_64_0_0_0_0_0_24_0_null_[0, 64, 3, 0]
106_106_203_62_0_36_32_64_0_0_0_0_0_24_0_null_[0, 64, 3, 0]
107_107_203_62_0_36_32_64_0_0_0_0_0_24_0_null_[0, 64, 3, 0]
108_108_203_62_0_36_32_64_0_0_0_0_0_24_0_null_[0, 64, 3, 0]
109_109_203_62_0_36_32_64_0_0_0_0_0_24_0_null_[0, 64, 3, 0]
110_110_203_62_0_36_32_64_0_0_0_0_0_24_0_null_[0, 64, 3, 0]
111_111_203_62_0_36_32_64_0_0_0_0_0_24_0_null_[0, 64, 3, 0]
112_112_203_62_0_36_32_64_0_0_0_0_0_24_0_null_[0, 64, 3, 0]
113_113_203_62_0_36_32_64_0_0_0_0_0_24_0_null_[0, 64, 3, 0]
114_114_203_62_0_36_32_64_0_0_0_0_0_24_0_null_[0, 64, 3, 0]
115_115_203_62_0_36_32_64_0_0_0_0_0_24_0_null_[0, 64, 3, 0]
116_116_203_62_0_36_32_64_0_0_0_0_0_24_0_null_[0, 64, 3, 0]
117_117_203_62_0_36_32_64_0_0_0_0_0_24_0_null_[0, 64, 3, 0]
118_118_203_62_0_36_32_64_0_0_0_0_0_24_0_null_[0, 64, 3, 0]
119_119_203_62_0_36_32_64_0_0_0_0_0_24_0_null_[0, 64, 3, 0]
120_120_203_62_0_36_32_64_0_0_0_0_0_24_0_null_[0, 64, 3, 0]
121_121_203_62_0_36_32_64_0_0_0_0_0_24_0_null_[0, 64, 3, 0]
122_122_203_62_0_36_32_64_0_0_0_0_0_24_0_null_[0, 64, 3, 0]
123_123_203_62_0_36_32_64_0_0_0_0_0_24_0_null_[0, 64, 3, 0]
124_124_203_62_0_36_32_64_0_0_0_0_0_24_0_null_[0, 64, 3, 0]
125_125_203_62_0_36_32_64_0_0_0_0_0_24_0_null_[0, 64, 3, 0]
126_126_203_62_0_36_32_64_0_0_0_0_0_24_0_null_[0, 64, 3, 0]
127_127_203_62_0_36_32_64_0_0_0_0_0_24_0_null_[0, 64, 3, 0]
