0_0_388_48_0_30_45_64_0_0_0_0_0_24_0_null_[0, 64, 1, 0]
1_1_388_48_0_30_45_64_0_0_0_0_0_24_0_null_[0, 64, 1, 0]
2_2_388_48_0_30_45_64_0_0_0_0_0_24_0_null_[0, 64, 1, 0]
3_3_388_48_0_30_45_64_0_0_0_0_0_24_0_null_[0, 64, 1, 0]
4_4_388_48_0_30_45_64_0_0_0_0_0_24_0_null_[0, 64, 1, 0]
5_5_388_48_0_30_45_64_0_0_0_0_0_24_0_null_[0, 64, 1, 0]
6_6_388_48_0_30_45_64_0_0_0_0_0_24_0_null_[0, 64, 1, 0]
7_7_388_48_0_30_45_64_0_0_0_0_0_24_0_null_[0, 64, 1, 0]
8_8_388_48_0_30_45_64_0_0_0_0_0_24_0_null_[0, 64, 1, 0]
9_9_388_48_0_30_45_64_0_0_0_0_0_24_0_null_[0, 64, 1, 0]
10_10_388_48_0_30_45_64_0_0_0_0_0_24_0_null_[0, 64, 1, 0]
11_11_388_48_0_30_45_64_0_0_0_0_0_24_0_null_[0, 64, 1, 0]
12_12_388_48_0_30_45_64_0_0_0_0_0_24_0_null_[0, 64, 1, 0]
13_13_388_48_0_30_45_64_0_0_0_0_0_24_0_null_[0, 64, 1, 0]
14_14_388_48_0_30_45_64_0_0_0_0_0_24_0_null_[0, 64, 1, 0]
15_15_388_48_0_30_45_64_0_0_0_0_0_24_0_null_[0, 64, 1, 0]
16_16_388_48_0_30_45_64_0_0_0_0_0_24_0_null_[0, 64, 1, 0]
17_17_388_48_0_30_45_64_0_0_0_0_0_24_0_null_[0, 64, 1, 0]
18_18_388_48_0_30_45_64_0_0_0_0_0_24_0_null_[0, 64, 1, 0]
19_19_388_48_0_30_45_64_0_0_0_0_0_24_0_null_[0, 64, 1, 0]
20_20_388_48_0_30_45_64_0_0_0_0_0_24_0_null_[0, 64, 1, 0]
21_21_388_48_0_30_45_64_0_0_0_0_0_24_0_null_[0, 64, 1, 0]
22_22_388_48_0_30_45_64_0_0_0_0_0_24_0_null_[0, 64, 1, 0]
23_23_388_48_0_30_45_64_0_0_0_0_0_24_0_null_[0, 64, 1, 0]
24_24_388_48_0_30_45_64_0_0_0_0_0_24_0_null_[0, 64, 1, 0]
25_25_388_48_0_30_45_64_0_0_0_0_0_24_0_null_[0, 64, 1, 0]
26_26_388_48_0_30_45_64_0_0_0_0_0_24_0_null_[0, 64, 1, 0]
27_27_388_48_0_30_45_64_0_0_0_0_0_24_0_null_[0, 64, 1, 0]
28_28_388_48_0_30_45_64_0_0_0_0_0_24_0_null_[0, 64, 1, 0]
29_29_388_48_0_30_45_64_0_0_0_0_0_24_0_null_[0, 64, 1, 0]
30_30_388_48_0_30_45_64_0_0_0_0_0_24_0_null_[0, 64, 1, 0]
31_31_388_48_0_30_45_64_0_0_0_0_0_24_0_null_[0, 64, 1, 0]
32_32_388_48_0_30_45_64_0_0_0_0_0_24_0_null_[0, 64, 1, 0]
33_33_388_48_0_30_45_64_0_0_0_0_0_24_0_null_[0, 64, 1, 0]
34_34_388_48_0_30_45_64_0_0_0_0_0_24_0_null_[0, 64, 1, 0]
35_35_388_48_0_30_45_64_0_0_0_0_0_24_0_null_[0, 64, 1, 0]
36_36_388_48_0_30_45_64_0_0_0_0_0_24_0_null_[0, 64, 1, 0]
37_37_388_48_0_30_45_64_0_0_0_0_0_24_0_null_[0, 64, 1, 0]
38_38_388_48_0_30_45_64_0_0_0_0_0_24_0_null_[0, 64, 1, 0]
39_39_388_48_0_30_45_64_0_0_0_0_0_24_0_null_[0, 64, 1, 0]
40_40_388_48_0_30_45_64_0_0_0_0_0_24_0_null_[0, 64, 1, 0]
41_41_388_48_0_30_45_64_0_0_0_0_0_24_0_null_[0, 64, 1, 0]
42_42_388_48_0_30_45_64_0_0_0_0_0_24_0_null_[0, 64, 1, 0]
43_43_388_48_0_30_45_64_0_0_0_0_0_24_0_null_[0, 64, 1, 0]
44_44_388_48_0_30_45_64_0_0_0_0_0_24_0_null_[0, 64, 1, 0]
45_45_388_48_0_30_45_64_0_0_0_0_0_24_0_null_[0, 64, 1, 0]
46_46_388_48_0_30_45_64_0_0_0_0_0_24_0_null_[0, 64, 1, 0]
47_47_388_48_0_30_45_64_0_0_0_0_0_24_0_null_[0, 64, 1, 0]
48_48_388_48_0_30_45_64_0_0_0_0_0_24_0_null_[0, 64, 1, 0]
49_49_388_48_0_30_45_64_0_0_0_0_0_24_0_null_[0, 64, 1, 0]
50_50_388_48_0_30_45_64_0_0_0_0_0_24_0_null_[0, 64, 1, 0]
51_51_388_48_0_30_45_64_0_0_0_0_0_24_0_null_[0, 64, 1, 0]
52_52_388_48_0_30_45_64_0_0_0_0_0_24_0_null_[0, 64, 1, 0]
53_53_388_48_0_30_45_64_0_0_0_0_0_24_0_null_[0, 64, 1, 0]
54_54_388_48_0_30_45_64_0_0_0_0_0_24_0_null_[0, 64, 1, 0]
55_55_388_48_0_30_45_64_0_0_0_0_0_24_0_null_[0, 64, 1, 0]
56_56_388_48_0_30_45_64_0_0_0_0_0_24_0_null_[0, 64, 1, 0]
57_57_204_80_0_30_45_64_0_0_0_0_0_24_0_null_[0, 64, 1, 0]
58_58_204_80_0_30_45_64_0_0_0_0_0_24_0_null_[0, 64, 1, 0]
59_59_204_80_0_30_45_64_0_0_0_0_0_24_0_null_[0, 64, 1, 0]
60_60_204_80_0_30_45_64_0_0_0_0_0_24_0_null_[0, 64, 1, 0]
61_61_204_80_0_30_45_64_0_0_0_0_0_24_0_null_[0, 64, 1, 0]
62_62_204_80_0_30_45_64_0_0_0_0_0_24_0_null_[0, 64, 1, 0]
63_63_204_80_0_30_45_64_0_0_0_0_0_24_0_null_[0, 64, 1, 0]
64_64_204_80_0_30_45_64_0_0_0_0_0_24_0_null_[0, 64, 1, 0]
65_65_204_80_0_30_45_64_0_0_0_0_0_24_0_null_[0, 64, 1, 0]
66_66_204_80_0_30_45_64_0_0_0_0_0_24_0_null_[0, 64, 1, 0]
67_67_204_80_0_30_45_64_0_0_0_0_0_24_0_null_[0, 64, 1, 0]
68_68_204_80_0_30_45_64_0_0_0_0_0_24_0_null_[0, 64, 1, 0]
69_69_204_80_0_30_45_64_0_0_0_0_0_24_0_null_[0, 64, 1, 0]
70_70_204_80_0_30_45_64_0_0_0_0_0_24_0_null_[0, 64, 1, 0]
71_71_204_80_0_30_45_64_0_0_0_0_0_24_0_null_[0, 64, 1, 0]
72_72_204_80_0_30_45_64_0_0_0_0_0_24_0_null_[0, 64, 1, 0]
73_73_204_80_0_30_45_64_0_0_0_0_0_24_0_null_[0, 64, 1, 0]
74_74_204_80_0_30_45_64_0_0_0_0_0_24_0_null_[0, 64, 1, 0]
75_75_204_80_0_30_45_64_0_0_0_0_0_24_0_null_[0, 64, 1, 0]
76_76_204_80_0_30_45_64_0_0_0_0_0_24_0_null_[0, 64, 1, 0]
77_77_204_80_0_30_45_64_0_0_0_0_0_24_0_null_[0, 64, 1, 0]
78_78_204_80_0_30_45_64_0_0_0_0_0_24_0_null_[0, 64, 1, 0]
79_79_204_80_0_30_45_64_0_0_0_0_0_24_0_null_[0, 64, 1, 0]
80_80_204_80_0_30_45_64_0_0_0_0_0_24_0_null_[0, 64, 1, 0]
81_81_204_80_0_30_45_64_0_0_0_0_0_24_0_null_[0, 64, 1, 0]
82_82_204_80_0_30_45_64_0_0_0_0_0_24_0_null_[0, 64, 1, 0]
83_83_204_80_0_30_45_64_0_0_0_0_0_24_0_null_[0, 64, 1, 0]
84_84_204_80_0_30_45_64_0_0_0_0_0_24_0_null_[0, 64, 1, 0]
85_85_204_80_0_30_45_64_0_0_0_0_0_24_0_null_[0, 64, 1, 0]
86_86_204_80_0_30_45_64_0_0_0_0_0_24_0_null_[0, 64, 1, 0]
87_87_204_80_0_30_45_64_0_0_0_0_0_24_0_null_[0, 64, 1, 0]
88_88_204_80_0_30_45_64_0_0_0_0_0_24_0_null_[0, 64, 1, 0]
89_89_204_80_0_30_45_64_0_0_0_0_0_24_0_null_[0, 64, 1, 0]
90_90_204_80_0_30_45_64_0_0_0_0_0_24_0_null_[0, 64, 1, 0]
91_91_204_80_0_30_45_64_0_0_0_0_0_24_0_null_[0, 64, 1, 0]
92_92_204_80_0_30_45_64_0_0_0_0_0_24_0_null_[0, 64, 1, 0]
93_93_204_80_0_30_45_64_0_0_0_0_0_24_0_null_[0, 64, 1, 0]
94_94_204_80_0_30_45_64_0_0_0_0_0_24_0_null_[0, 64, 1, 0]
95_95_204_80_0_30_45_64_0_0_0_0_0_24_0_null_[0, 64, 1, 0]
96_96_204_80_0_30_45_64_0_0_0_0_0_24_0_null_[0, 64, 1, 0]
97_97_204_80_0_30_45_64_0_0_0_0_0_24_0_null_[0, 64, 1, 0]
98_98_204_80_0_30_45_64_0_0_0_0_0_24_0_null_[0, 64, 1, 0]
99_99_204_80_0_30_45_64_0_0_0_0_0_24_0_null_[0, 64, 1, 0]
100_100_204_80_0_30_45_64_0_0_0_0_0_24_0_null_[0, 64, 1, 0]
101_101_204_80_0_30_45_64_0_0_0_0_0_24_0_null_[0, 64, 1, 0]
102_102_204_80_0_30_45_64_0_0_0_0_0_24_0_null_[0, 64, 1, 0]
103_103_204_80_0_30_45_64_0_0_0_0_0_24_0_null_[0, 64, 1, 0]
104_104_204_80_0_30_45_64_0_0_0_0_0_24_0_null_[0, 64, 1, 0]
105_105_204_80_0_30_45_64_0_0_0_0_0_24_0_null_[0, 64, 1, 0]
106_106_204_80_0_30_45_64_0_0_0_0_0_24_0_null_[0, 64, 1, 0]
107_107_204_80_0_30_45_64_0_0_0_0_0_24_0_null_[0, 64, 1, 0]
108_108_204_80_0_30_45_64_0_0_0_0_0_24_0_null_[0, 64, 1, 0]
109_109_204_80_0_30_45_64_0_0_0_0_0_24_0_null_[0, 64, 1, 0]
110_110_204_80_0_30_45_64_0_0_0_0_0_24_0_null_[0, 64, 1, 0]
111_111_204_80_0_30_45_64_0_0_0_0_0_24_0_null_[0, 64, 1, 0]
112_112_204_80_0_30_45_64_0_0_0_0_0_24_0_null_[0, 64, 1, 0]
113_113_204_80_0_30_45_64_0_0_0_0_0_24_0_null_[0, 64, 1, 0]
114_114_204_80_0_30_45_64_0_0_0_0_0_24_0_null_[0, 64, 1, 0]
115_115_204_80_0_30_45_64_0_0_0_0_0_24_0_null_[0, 64, 1, 0]
116_116_204_80_0_30_45_64_0_0_0_0_0_24_0_null_[0, 64, 1, 0]
117_117_204_80_0_30_45_64_0_0_0_0_0_24_0_null_[0, 64, 1, 0]
118_118_204_80_0_30_45_64_0_0_0_0_0_24_0_null_[0, 64, 1, 0]
119_119_204_80_0_30_45_64_0_0_0_0_0_24_0_null_[0, 64, 1, 0]
120_120_204_80_0_30_45_64_0_0_0_0_0_24_0_null_[0, 64, 1, 0]
121_121_204_80_0_30_45_64_0_0_0_0_0_24_0_null_[0, 64, 1, 0]
122_122_204_80_0_30_45_64_0_0_0_0_0_24_0_null_[0, 64, 1, 0]
123_123_204_80_0_30_45_64_0_0_0_0_0_24_0_null_[0, 64, 1, 0]
124_124_204_80_0_30_45_64_0_0_0_0_0_24_0_null_[0, 64, 1, 0]
125_125_204_80_0_30_45_64_0_0_0_0_0_24_0_null_[0, 64, 1, 0]
126_126_204_80_0_30_45_64_0_0_0_0_0_24_0_null_[0, 64, 1, 0]
127_127_204_80_0_30_45_64_0_0_0_0_0_24_0_null_[0, 64, 1, 0]
