0_0_396_60_0_28_43_64_0_0_0_0_0_24_0_null_[0, 64, 1, 0]
1_1_396_60_0_28_43_64_0_0_0_0_0_24_0_null_[0, 64, 1, 0]
2_2_396_60_0_28_43_64_0_0_0_0_0_24_0_null_[0, 64, 1, 0]
3_3_396_60_0_28_43_64_0_0_0_0_0_24_0_null_[0, 64, 1, 0]
4_4_396_60_0_28_43_64_0_0_0_0_0_24_0_null_[0, 64, 1, 0]
5_5_396_60_0_28_43_64_0_0_0_0_0_24_0_null_[0, 64, 1, 0]
6_6_396_60_0_28_43_64_0_0_0_0_0_24_0_null_[0, 64, 1, 0]
7_7_396_60_0_28_43_64_0_0_0_0_0_24_0_null_[0, 64, 1, 0]
8_8_396_60_0_28_43_64_0_0_0_0_0_24_0_null_[0, 64, 1, 0]
9_9_396_60_0_28_43_64_0_0_0_0_0_24_0_null_[0, 64, 1, 0]
10_10_396_60_0_28_43_64_0_0_0_0_0_24_0_null_[0, 64, 1, 0]
11_11_396_60_0_28_43_64_0_0_0_0_0_24_0_null_[0, 64, 1, 0]
12_12_396_60_0_28_43_64_0_0_0_0_0_24_0_null_[0, 64, 1, 0]
13_13_396_60_0_28_43_64_0_0_0_0_0_24_0_null_[0, 64, 1, 0]
14_14_396_60_0_28_43_64_0_0_0_0_0_24_0_null_[0, 64, 1, 0]
15_15_396_60_0_28_43_64_0_0_0_0_0_24_0_null_[0, 64, 1, 0]
16_16_396_60_0_28_43_64_0_0_0_0_0_24_0_null_[0, 64, 1, 0]
17_17_396_60_0_28_43_64_0_0_0_0_0_24_0_null_[0, 64, 1, 0]
18_18_396_60_0_28_43_64_0_0_0_0_0_24_0_null_[0, 64, 1, 0]
19_19_396_60_0_28_43_64_0_0_0_0_0_24_0_null_[0, 64, 1, 0]
20_20_396_60_0_28_43_64_0_0_0_0_0_24_0_null_[0, 64, 1, 0]
21_21_396_60_0_28_43_64_0_0_0_0_0_24_0_null_[0, 64, 1, 0]
22_22_396_60_0_28_43_64_0_0_0_0_0_24_0_null_[0, 64, 1, 0]
23_23_396_60_0_28_43_64_0_0_0_0_0_24_0_null_[0, 64, 1, 0]
24_24_396_60_0_28_43_64_0_0_0_0_0_24_0_null_[0, 64, 1, 0]
25_25_396_60_0_28_43_64_0_0_0_0_0_24_0_null_[0, 64, 1, 0]
26_26_396_60_0_28_43_64_0_0_0_0_0_24_0_null_[0, 64, 1, 0]
27_27_396_60_0_28_43_64_0_0_0_0_0_24_0_null_[0, 64, 1, 0]
28_28_396_60_0_28_43_64_0_0_0_0_0_24_0_null_[0, 64, 1, 0]
29_29_396_60_0_28_43_64_0_0_0_0_0_24_0_null_[0, 64, 1, 0]
30_30_396_60_0_28_43_64_0_0_0_0_0_24_0_null_[0, 64, 1, 0]
31_31_396_60_0_28_43_64_0_0_0_0_0_24_0_null_[0, 64, 1, 0]
32_32_396_60_0_28_43_64_0_0_0_0_0_24_0_null_[0, 64, 1, 0]
33_33_396_60_0_28_43_64_0_0_0_0_0_24_0_null_[0, 64, 1, 0]
34_34_396_60_0_28_43_64_0_0_0_0_0_24_0_null_[0, 64, 1, 0]
35_35_396_60_0_28_43_64_0_0_0_0_0_24_0_null_[0, 64, 1, 0]
36_36_396_60_0_28_43_64_0_0_0_0_0_24_0_null_[0, 64, 1, 0]
37_37_396_60_0_28_43_64_0_0_0_0_0_24_0_null_[0, 64, 1, 0]
38_38_396_60_0_28_43_64_0_0_0_0_0_24_0_null_[0, 64, 1, 0]
39_39_396_60_0_28_43_64_0_0_0_0_0_24_0_null_[0, 64, 1, 0]
40_40_396_60_0_28_43_64_0_0_0_0_0_24_0_null_[0, 64, 1, 0]
41_41_396_60_0_28_43_64_0_0_0_0_0_24_0_null_[0, 64, 1, 0]
42_42_396_60_0_28_43_64_0_0_0_0_0_24_0_null_[0, 64, 1, 0]
43_43_396_60_0_28_43_64_0_0_0_0_0_24_0_null_[0, 64, 1, 0]
44_44_396_60_0_28_43_64_0_0_0_0_0_24_0_null_[0, 64, 1, 0]
45_45_396_60_0_28_43_64_0_0_0_0_0_24_0_null_[0, 64, 1, 0]
46_46_396_60_0_28_43_64_0_0_0_0_0_24_0_null_[0, 64, 1, 0]
47_47_396_60_0_28_43_64_0_0_0_0_0_24_0_null_[0, 64, 1, 0]
48_48_396_60_0_28_43_64_0_0_0_0_0_24_0_null_[0, 64, 1, 0]
49_49_396_60_0_28_43_64_0_0_0_0_0_24_0_null_[0, 64, 1, 0]
50_50_396_60_0_28_43_64_0_0_0_0_0_24_0_null_[0, 64, 1, 0]
51_51_396_60_0_28_43_64_0_0_0_0_0_24_0_null_[0, 64, 1, 0]
52_52_396_60_0_28_43_64_0_0_0_0_0_24_0_null_[0, 64, 1, 0]
53_53_396_60_0_28_43_64_0_0_0_0_0_24_0_null_[0, 64, 1, 0]
54_54_396_60_0_28_43_64_0_0_0_0_0_24_0_null_[0, 64, 1, 0]
55_55_396_60_0_28_43_64_0_0_0_0_0_24_0_null_[0, 64, 1, 0]
56_56_396_60_0_28_43_64_0_0_0_0_0_24_0_null_[0, 64, 1, 0]
57_57_396_60_0_28_43_64_0_0_0_0_0_24_0_null_[0, 64, 1, 0]
58_58_396_60_0_28_43_64_0_0_0_0_0_24_0_null_[0, 64, 1, 0]
59_59_396_60_0_28_43_64_0_0_0_0_0_24_0_null_[0, 64, 1, 0]
60_60_396_60_0_28_43_64_0_0_0_0_0_24_0_null_[0, 64, 1, 0]
61_61_396_60_0_28_43_64_0_0_0_0_0_24_0_null_[0, 64, 1, 0]
62_62_396_60_0_28_43_64_0_0_0_0_0_24_0_null_[0, 64, 1, 0]
63_63_396_60_0_28_43_64_0_0_0_0_0_24_0_null_[0, 64, 1, 0]
64_64_396_60_0_28_43_64_0_0_0_0_0_24_0_null_[0, 64, 1, 0]
65_65_396_60_0_28_43_64_0_0_0_0_0_24_0_null_[0, 64, 1, 0]
66_66_396_60_0_28_43_64_0_0_0_0_0_24_0_null_[0, 64, 1, 0]
67_67_441_72_0_28_43_64_0_0_0_0_0_24_0_null_[0, 64, 1, 0]
68_68_441_72_0_28_43_64_0_0_0_0_0_24_0_null_[0, 64, 1, 0]
69_69_441_72_0_28_43_64_0_0_0_0_0_24_0_null_[0, 64, 1, 0]
70_70_441_72_0_28_43_64_0_0_0_0_0_24_0_null_[0, 64, 1, 0]
71_71_441_72_0_28_43_64_0_0_0_0_0_24_0_null_[0, 64, 1, 0]
72_72_441_72_0_28_43_64_0_0_0_0_0_24_0_null_[0, 64, 1, 0]
73_73_441_72_0_28_43_64_0_0_0_0_0_24_0_null_[0, 64, 1, 0]
74_74_441_72_0_28_43_64_0_0_0_0_0_24_0_null_[0, 64, 1, 0]
75_75_441_72_0_28_43_64_0_0_0_0_0_24_0_null_[0, 64, 1, 0]
76_76_441_72_0_28_43_64_0_0_0_0_0_24_0_null_[0, 64, 1, 0]
77_77_441_72_0_28_43_64_0_0_0_0_0_24_0_null_[0, 64, 1, 0]
78_78_551_84_0_28_43_64_0_0_0_0_0_24_0_null_[0, 64, 1, 0]
79_79_551_84_0_28_43_64_0_0_0_0_0_24_0_null_[0, 64, 1, 0]
80_80_551_84_0_28_43_64_0_0_0_0_0_24_0_null_[0, 64, 1, 0]
81_81_551_84_0_28_43_64_0_0_0_0_0_24_0_null_[0, 64, 1, 0]
82_82_551_84_0_28_43_64_0_0_0_0_0_24_0_null_[0, 64, 1, 0]
83_83_551_84_0_28_43_64_0_0_0_0_0_24_0_null_[0, 64, 1, 0]
84_84_551_84_0_28_43_64_0_0_0_0_0_24_0_null_[0, 64, 1, 0]
85_85_551_84_0_28_43_64_0_0_0_0_0_24_0_null_[0, 64, 1, 0]
86_86_551_84_0_28_43_64_0_0_0_0_0_24_0_null_[0, 64, 1, 0]
87_87_551_84_0_28_43_64_0_0_0_0_0_24_0_null_[0, 64, 1, 0]
88_88_551_84_0_28_43_64_0_0_0_0_0_24_0_null_[0, 64, 1, 0]
89_89_551_84_0_28_43_64_0_0_0_0_0_24_0_null_[0, 64, 1, 0]
90_90_551_84_0_28_43_64_0_0_0_0_0_24_0_null_[0, 64, 1, 0]
91_91_551_84_0_28_43_64_0_0_0_0_0_24_0_null_[0, 64, 1, 0]
92_92_551_84_0_28_43_64_0_0_0_0_0_24_0_null_[0, 64, 1, 0]
93_93_551_84_0_28_43_64_0_0_0_0_0_24_0_null_[0, 64, 1, 0]
94_94_551_84_0_28_43_64_0_0_0_0_0_24_0_null_[0, 64, 1, 0]
95_95_551_84_0_28_43_64_0_0_0_0_0_24_0_null_[0, 64, 1, 0]
96_96_551_84_0_28_43_64_0_0_0_0_0_24_0_null_[0, 64, 1, 0]
97_97_551_84_0_28_43_64_0_0_0_0_0_24_0_null_[0, 64, 1, 0]
98_98_551_84_0_28_43_64_0_0_0_0_0_24_0_null_[0, 64, 1, 0]
99_99_551_84_0_28_43_64_0_0_0_0_0_24_0_null_[0, 64, 1, 0]
100_100_551_84_0_28_43_64_0_0_0_0_0_24_0_null_[0, 64, 1, 0]
101_101_551_84_0_28_43_64_0_0_0_0_0_24_0_null_[0, 64, 1, 0]
102_102_551_84_0_28_43_64_0_0_0_0_0_24_0_null_[0, 64, 1, 0]
103_103_551_84_0_28_43_64_0_0_0_0_0_24_0_null_[0, 64, 1, 0]
104_104_551_84_0_28_43_64_0_0_0_0_0_24_0_null_[0, 64, 1, 0]
105_105_551_84_0_28_43_64_0_0_0_0_0_24_0_null_[0, 64, 1, 0]
106_106_551_84_0_28_43_64_0_0_0_0_0_24_0_null_[0, 64, 1, 0]
107_107_551_84_0_28_43_64_0_0_0_0_0_24_0_null_[0, 64, 1, 0]
108_108_551_84_0_28_43_64_0_0_0_0_0_24_0_null_[0, 64, 1, 0]
109_109_551_84_0_28_43_64_0_0_0_0_0_24_0_null_[0, 64, 1, 0]
110_110_551_84_0_28_43_64_0_0_0_0_0_24_0_null_[0, 64, 1, 0]
111_111_551_84_0_28_43_64_0_0_0_0_0_24_0_null_[0, 64, 1, 0]
112_112_551_84_0_28_43_64_0_0_0_0_0_24_0_null_[0, 64, 1, 0]
113_113_551_84_0_28_43_64_0_0_0_0_0_24_0_null_[0, 64, 1, 0]
114_114_551_84_0_28_43_64_0_0_0_0_0_24_0_null_[0, 64, 1, 0]
115_115_551_84_0_28_43_64_0_0_0_0_0_24_0_null_[0, 64, 1, 0]
116_116_551_84_0_28_43_64_0_0_0_0_0_24_0_null_[0, 64, 1, 0]
117_117_551_84_0_28_43_64_0_0_0_0_0_24_0_null_[0, 64, 1, 0]
118_118_551_84_0_28_43_64_0_0_0_0_0_24_0_null_[0, 64, 1, 0]
119_119_551_84_0_28_43_64_0_0_0_0_0_24_0_null_[0, 64, 1, 0]
120_120_551_84_0_28_43_64_0_0_0_0_0_24_0_null_[0, 64, 1, 0]
121_121_551_84_0_28_43_64_0_0_0_0_0_24_0_null_[0, 64, 1, 0]
122_122_551_84_0_28_43_64_0_0_0_0_0_24_0_null_[0, 64, 1, 0]
123_123_551_84_0_28_43_64_0_0_0_0_0_24_0_null_[0, 64, 1, 0]
124_124_551_84_0_28_43_64_0_0_0_0_0_24_0_null_[0, 64, 1, 0]
125_125_551_84_0_28_43_64_0_0_0_0_0_24_0_null_[0, 64, 1, 0]
126_126_551_84_0_28_43_64_0_0_0_0_0_24_0_null_[0, 64, 1, 0]
127_127_551_84_0_28_43_64_0_0_0_0_0_24_0_null_[0, 64, 1, 0]
