0_0_205_60_0_32_32_64_0_0_0_0_0_24_0_[0, 13, 3, 64]_[0, 64, 2, 0]
1_1_205_60_0_32_32_64_0_0_0_0_0_24_0_[0, 13, 3, 64]_[0, 64, 2, 0]
2_2_205_60_0_32_32_64_0_0_0_0_0_24_0_[0, 13, 3, 64]_[0, 64, 2, 0]
3_3_205_60_0_32_32_64_0_0_0_0_0_24_0_[0, 13, 3, 64]_[0, 64, 2, 0]
4_4_205_60_0_32_32_64_0_0_0_0_0_24_0_[0, 13, 3, 64]_[0, 64, 2, 0]
5_5_205_60_0_32_32_64_0_0_0_0_0_24_0_[0, 13, 3, 64]_[0, 64, 2, 0]
6_6_205_60_0_32_32_64_0_0_0_0_0_24_0_[0, 13, 3, 64]_[0, 64, 2, 0]
7_7_205_60_0_32_32_64_0_0_0_0_0_24_0_[0, 13, 3, 64]_[0, 64, 2, 0]
8_8_205_60_0_32_32_64_0_0_0_0_0_24_0_[0, 13, 3, 64]_[0, 64, 2, 0]
9_9_205_60_0_32_32_64_0_0_0_0_0_24_0_[0, 13, 3, 64]_[0, 64, 2, 0]
10_10_205_60_0_32_32_64_0_0_0_0_0_24_0_[0, 13, 3, 64]_[0, 64, 2, 0]
11_11_205_60_0_32_32_64_0_0_0_0_0_24_0_[0, 13, 3, 64]_[0, 64, 2, 0]
12_12_205_60_0_32_32_64_0_0_0_0_0_24_0_[0, 13, 3, 64]_[0, 64, 2, 0]
13_13_205_60_0_32_32_64_0_0_0_0_0_24_0_[0, 13, 3, 64]_[0, 64, 2, 0]
14_14_205_60_0_32_32_64_0_0_0_0_0_24_0_[0, 13, 3, 64]_[0, 64, 2, 0]
15_15_205_60_0_32_32_64_0_0_0_0_0_24_0_[0, 13, 3, 64]_[0, 64, 2, 0]
16_16_205_60_0_32_32_64_0_0_0_0_0_24_0_[0, 13, 3, 64]_[0, 64, 2, 0]
17_17_205_60_0_32_32_64_0_0_0_0_0_24_0_[0, 13, 3, 64]_[0, 64, 2, 0]
18_18_205_60_0_32_32_64_0_0_0_0_0_24_0_[0, 13, 3, 64]_[0, 64, 2, 0]
19_19_205_60_0_32_32_64_0_0_0_0_0_24_0_[0, 13, 3, 64]_[0, 64, 2, 0]
20_20_205_60_0_32_32_64_0_0_0_0_0_24_0_[0, 13, 3, 64]_[0, 64, 2, 0]
21_21_205_60_0_32_32_64_0_0_0_0_0_24_0_[0, 13, 3, 64]_[0, 64, 2, 0]
22_22_205_60_0_32_32_64_0_0_0_0_0_24_0_[0, 13, 3, 64]_[0, 64, 2, 0]
23_23_205_60_0_32_32_64_0_0_0_0_0_24_0_[0, 13, 3, 64]_[0, 64, 2, 0]
24_24_205_60_0_32_32_64_0_0_0_0_0_24_0_[0, 13, 3, 64]_[0, 64, 2, 0]
25_25_205_60_0_32_32_64_0_0_0_0_0_24_0_[0, 13, 3, 64]_[0, 64, 2, 0]
26_26_205_60_0_32_32_64_0_0_0_0_0_24_0_[0, 13, 3, 64]_[0, 64, 2, 0]
27_27_205_60_0_32_32_64_0_0_0_0_0_24_0_[0, 13, 3, 64]_[0, 64, 2, 0]
28_28_205_60_0_32_32_64_0_0_0_0_0_24_0_[0, 13, 3, 64]_[0, 64, 2, 0]
29_29_205_60_0_32_32_64_0_0_0_0_0_24_0_[0, 13, 3, 64]_[0, 64, 2, 0]
30_30_205_60_0_32_32_64_0_0_0_0_0_24_0_[0, 13, 3, 64]_[0, 64, 2, 0]
31_31_205_60_0_32_32_64_0_0_0_0_0_24_0_[0, 13, 3, 64]_[0, 64, 2, 0]
32_32_205_60_0_32_32_64_0_0_0_0_0_24_0_[0, 13, 3, 64]_[0, 64, 2, 0]
33_33_205_60_0_32_32_64_0_0_0_0_0_24_0_[0, 13, 3, 64]_[0, 64, 2, 0]
34_34_205_60_0_32_32_64_0_0_0_0_0_24_0_[0, 13, 3, 64]_[0, 64, 2, 0]
35_35_205_60_0_32_32_64_0_0_0_0_0_24_0_[0, 13, 3, 64]_[0, 64, 2, 0]
36_36_205_60_0_32_32_64_0_0_0_0_0_24_0_[0, 13, 3, 64]_[0, 64, 2, 0]
37_37_205_60_0_32_32_64_0_0_0_0_0_24_0_[0, 13, 3, 64]_[0, 64, 2, 0]
38_38_205_60_0_32_32_64_0_0_0_0_0_24_0_[0, 13, 3, 64]_[0, 64, 2, 0]
39_39_205_60_0_32_32_64_0_0_0_0_0_24_0_[0, 13, 3, 64]_[0, 64, 2, 0]
40_40_205_60_0_32_32_64_0_0_0_0_0_24_0_[0, 13, 3, 64]_[0, 64, 2, 0]
41_41_205_60_0_32_32_64_0_0_0_0_0_24_0_[0, 13, 3, 64]_[0, 64, 2, 0]
42_42_205_60_0_32_32_64_0_0_0_0_0_24_0_[0, 13, 3, 64]_[0, 64, 2, 0]
43_43_205_60_0_32_32_64_0_0_0_0_0_24_0_[0, 13, 3, 64]_[0, 64, 2, 0]
44_44_205_60_0_32_32_64_0_0_0_0_0_24_0_[0, 13, 3, 64]_[0, 64, 2, 0]
45_45_205_60_0_32_32_64_0_0_0_0_0_24_0_[0, 13, 3, 64]_[0, 64, 2, 0]
46_46_205_60_0_32_32_64_0_0_0_0_0_24_0_[0, 13, 3, 64]_[0, 64, 2, 0]
47_47_205_60_0_32_32_64_0_0_0_0_0_24_0_[0, 13, 3, 64]_[0, 64, 2, 0]
48_48_205_60_0_32_32_64_0_0_0_0_0_24_0_[0, 13, 3, 64]_[0, 64, 2, 0]
49_49_205_60_0_32_32_64_0_0_0_0_0_24_0_[0, 13, 3, 64]_[0, 64, 2, 0]
50_50_205_60_0_32_32_64_0_0_0_0_0_24_0_[0, 13, 3, 64]_[0, 64, 2, 0]
51_51_205_60_0_32_32_64_0_0_0_0_0_24_0_[0, 13, 3, 64]_[0, 64, 2, 0]
52_52_205_60_0_32_32_64_0_0_0_0_0_24_0_[0, 13, 3, 64]_[0, 64, 2, 0]
53_53_205_60_0_32_32_64_0_0_0_0_0_24_0_[0, 13, 3, 64]_[0, 64, 2, 0]
54_54_205_60_0_32_32_64_0_0_0_0_0_24_0_[0, 13, 3, 64]_[0, 64, 2, 0]
55_55_205_60_0_32_32_64_0_0_0_0_0_24_0_[0, 13, 3, 64]_[0, 64, 2, 0]
56_56_205_60_0_32_32_64_0_0_0_0_0_24_0_[0, 13, 3, 64]_[0, 64, 2, 0]
57_57_205_60_0_32_32_64_0_0_0_0_0_24_0_[0, 13, 3, 64]_[0, 64, 2, 0]
58_58_205_60_0_32_32_64_0_0_0_0_0_24_0_[0, 13, 3, 64]_[0, 64, 2, 0]
59_59_205_60_0_32_32_64_0_0_0_0_0_24_0_[0, 13, 3, 64]_[0, 64, 2, 0]
60_60_205_60_0_32_32_64_0_0_0_0_0_24_0_[0, 13, 3, 64]_[0, 64, 2, 0]
61_61_205_60_0_32_32_64_0_0_0_0_0_24_0_[0, 13, 3, 64]_[0, 64, 2, 0]
62_62_205_60_0_32_32_64_0_0_0_0_0_24_0_[0, 13, 3, 64]_[0, 64, 2, 0]
63_63_205_60_0_32_32_64_0_0_0_0_0_24_0_[0, 13, 3, 64]_[0, 64, 2, 0]
64_64_205_60_0_32_32_64_0_0_0_0_0_24_0_[0, 13, 3, 64]_[0, 64, 2, 0]
65_65_205_60_0_32_32_64_0_0_0_0_0_24_0_[0, 13, 3, 64]_[0, 64, 2, 0]
66_66_205_60_0_32_32_64_0_0_0_0_0_24_0_[0, 13, 3, 64]_[0, 64, 2, 0]
67_67_205_60_0_32_32_64_0_0_0_0_0_24_0_[0, 13, 3, 64]_[0, 64, 2, 0]
68_68_205_60_0_32_32_64_0_0_0_0_0_24_0_[0, 13, 3, 64]_[0, 64, 2, 0]
69_69_205_60_0_32_32_64_0_0_0_0_0_24_0_[0, 13, 3, 64]_[0, 64, 2, 0]
70_70_205_60_0_32_32_64_0_0_0_0_0_24_0_[0, 13, 3, 64]_[0, 64, 2, 0]
71_71_205_60_0_32_32_64_0_0_0_0_0_24_0_[0, 13, 3, 64]_[0, 64, 2, 0]
72_72_205_60_0_32_32_64_0_0_0_0_0_24_0_[0, 13, 3, 64]_[0, 64, 2, 0]
73_73_205_60_0_32_32_64_0_0_0_0_0_24_0_[0, 13, 3, 64]_[0, 64, 2, 0]
74_74_205_60_0_32_32_64_0_0_0_0_0_24_0_[0, 13, 3, 64]_[0, 64, 2, 0]
75_75_205_60_0_32_32_64_0_0_0_0_0_24_0_[0, 13, 3, 64]_[0, 64, 2, 0]
76_76_205_60_0_32_32_64_0_0_0_0_0_24_0_[0, 13, 3, 64]_[0, 64, 2, 0]
77_77_205_60_0_32_32_64_0_0_0_0_0_24_0_[0, 13, 3, 64]_[0, 64, 2, 0]
78_78_205_60_0_32_32_64_0_0_0_0_0_24_0_[0, 13, 3, 64]_[0, 64, 2, 0]
79_79_205_60_0_32_32_64_0_0_0_0_0_24_0_[0, 13, 3, 64]_[0, 64, 2, 0]
80_80_205_60_0_32_32_64_0_0_0_0_0_24_0_[0, 13, 3, 64]_[0, 64, 2, 0]
81_81_205_60_0_32_32_64_0_0_0_0_0_24_0_[0, 13, 3, 64]_[0, 64, 2, 0]
82_82_205_60_0_32_32_64_0_0_0_0_0_24_0_[0, 13, 3, 64]_[0, 64, 2, 0]
83_83_205_60_0_32_32_64_0_0_0_0_0_24_0_[0, 13, 3, 64]_[0, 64, 2, 0]
84_84_205_60_0_32_32_64_0_0_0_0_0_24_0_[0, 13, 3, 64]_[0, 64, 2, 0]
85_85_205_60_0_32_32_64_0_0_0_0_0_24_0_[0, 13, 3, 64]_[0, 64, 2, 0]
86_86_205_60_0_32_32_64_0_0_0_0_0_24_0_[0, 13, 3, 64]_[0, 64, 2, 0]
87_87_205_60_0_32_32_64_0_0_0_0_0_24_0_[0, 13, 3, 64]_[0, 64, 2, 0]
88_88_205_60_0_32_32_64_0_0_0_0_0_24_0_[0, 13, 3, 64]_[0, 64, 2, 0]
89_89_205_60_0_32_32_64_0_0_0_0_0_24_0_[0, 13, 3, 64]_[0, 64, 2, 0]
90_90_205_60_0_32_32_64_0_0_0_0_0_24_0_[0, 13, 3, 64]_[0, 64, 2, 0]
91_91_205_60_0_32_32_64_0_0_0_0_0_24_0_[0, 13, 3, 64]_[0, 64, 2, 0]
92_92_205_60_0_32_32_64_0_0_0_0_0_24_0_[0, 13, 3, 64]_[0, 64, 2, 0]
93_93_205_60_0_32_32_64_0_0_0_0_0_24_0_[0, 13, 3, 64]_[0, 64, 2, 0]
94_94_205_60_0_32_32_64_0_0_0_0_0_24_0_[0, 13, 3, 64]_[0, 64, 2, 0]
95_95_205_60_0_32_32_64_0_0_0_0_0_24_0_[0, 13, 3, 64]_[0, 64, 2, 0]
96_96_205_60_0_32_32_64_0_0_0_0_0_24_0_[0, 13, 3, 64]_[0, 64, 2, 0]
97_97_205_60_0_32_32_64_0_0_0_0_0_24_0_[0, 13, 3, 64]_[0, 64, 2, 0]
98_98_205_60_0_32_32_64_0_0_0_0_0_24_0_[0, 13, 3, 64]_[0, 64, 2, 0]
99_99_205_60_0_32_32_64_0_0_0_0_0_24_0_[0, 13, 3, 64]_[0, 64, 2, 0]
100_100_205_60_0_32_32_64_0_0_0_0_0_24_0_[0, 13, 3, 64]_[0, 64, 2, 0]
101_101_205_60_0_32_32_64_0_0_0_0_0_24_0_[0, 13, 3, 64]_[0, 64, 2, 0]
102_102_205_60_0_32_32_64_0_0_0_0_0_24_0_[0, 13, 3, 64]_[0, 64, 2, 0]
103_103_205_60_0_32_32_64_0_0_0_0_0_24_0_[0, 13, 3, 64]_[0, 64, 2, 0]
104_104_205_60_0_32_32_64_0_0_0_0_0_24_0_[0, 13, 3, 64]_[0, 64, 2, 0]
105_105_205_60_0_32_32_64_0_0_0_0_0_24_0_[0, 13, 3, 64]_[0, 64, 2, 0]
106_106_205_60_0_32_32_64_0_0_0_0_0_24_0_[0, 13, 3, 64]_[0, 64, 2, 0]
107_107_205_60_0_32_32_64_0_0_0_0_0_24_0_[0, 13, 3, 64]_[0, 64, 2, 0]
108_108_205_60_0_32_32_64_0_0_0_0_0_24_0_[0, 13, 3, 64]_[0, 64, 2, 0]
109_109_205_60_0_32_32_64_0_0_0_0_0_24_0_[0, 13, 3, 64]_[0, 64, 2, 0]
110_110_205_60_0_32_32_64_0_0_0_0_0_24_0_[0, 13, 3, 64]_[0, 64, 2, 0]
111_111_205_60_0_32_32_64_0_0_0_0_0_24_0_[0, 13, 3, 64]_[0, 64, 2, 0]
112_112_205_60_0_32_32_64_0_0_0_0_0_24_0_[0, 13, 3, 64]_[0, 64, 2, 0]
113_113_205_60_0_32_32_64_0_0_0_0_0_24_0_[0, 13, 3, 64]_[0, 64, 2, 0]
114_114_205_60_0_32_32_64_0_0_0_0_0_24_0_[0, 13, 3, 64]_[0, 64, 2, 0]
115_115_205_60_0_32_32_64_0_0_0_0_0_24_0_[0, 13, 3, 64]_[0, 64, 2, 0]
116_116_205_60_0_32_32_64_0_0_0_0_0_24_0_[0, 13, 3, 64]_[0, 64, 2, 0]
117_117_205_60_0_32_32_64_0_0_0_0_0_24_0_[0, 13, 3, 64]_[0, 64, 2, 0]
118_118_205_60_0_32_32_64_0_0_0_0_0_24_0_[0, 13, 3, 64]_[0, 64, 2, 0]
119_119_205_60_0_32_32_64_0_0_0_0_0_24_0_[0, 13, 3, 64]_[0, 64, 2, 0]
120_120_205_60_0_32_32_64_0_0_0_0_0_24_0_[0, 13, 3, 64]_[0, 64, 2, 0]
121_121_205_60_0_32_32_64_0_0_0_0_0_24_0_[0, 13, 3, 64]_[0, 64, 2, 0]
122_122_205_60_0_32_32_64_0_0_0_0_0_24_0_[0, 13, 3, 64]_[0, 64, 2, 0]
123_123_205_60_0_32_32_64_0_0_0_0_0_24_0_[0, 13, 3, 64]_[0, 64, 2, 0]
124_124_205_60_0_32_32_64_0_0_0_0_0_24_0_[0, 13, 3, 64]_[0, 64, 2, 0]
125_125_205_60_0_32_32_64_0_0_0_0_0_24_0_[0, 13, 3, 64]_[0, 64, 2, 0]
126_126_205_60_0_32_32_64_0_0_0_0_0_24_0_[0, 13, 3, 64]_[0, 64, 2, 0]
127_127_205_60_0_32_32_64_0_0_0_0_0_24_0_[0, 13, 3, 64]_[0, 64, 2, 0]
