0_0_80_59_0_38_32_64_0_0_0_0_0_24_0_null_[0, 64, 2, 0]
1_1_80_59_0_38_32_64_0_0_0_0_0_24_0_null_[0, 64, 2, 0]
2_2_80_59_0_38_32_64_0_0_0_0_0_24_0_null_[0, 64, 2, 0]
3_3_80_59_0_38_32_64_0_0_0_0_0_24_0_null_[0, 64, 2, 0]
4_4_80_59_0_38_32_64_0_0_0_0_0_24_0_null_[0, 64, 2, 0]
5_5_80_59_0_38_32_64_0_0_0_0_0_24_0_null_[0, 64, 2, 0]
6_6_80_59_0_38_32_64_0_0_0_0_0_24_0_null_[0, 64, 2, 0]
7_7_80_59_0_38_32_64_0_0_0_0_0_24_0_null_[0, 64, 2, 0]
8_8_80_59_0_38_32_64_0_0_0_0_0_24_0_null_[0, 64, 2, 0]
9_9_80_59_0_38_32_64_0_0_0_0_0_24_0_null_[0, 64, 2, 0]
10_10_80_59_0_38_32_64_0_0_0_0_0_24_0_null_[0, 64, 2, 0]
11_11_80_59_0_38_32_64_0_0_0_0_0_24_0_null_[0, 64, 2, 0]
12_12_80_59_0_38_32_64_0_0_0_0_0_24_0_null_[0, 64, 2, 0]
13_13_80_59_0_38_32_64_0_0_0_0_0_24_0_null_[0, 64, 2, 0]
14_14_80_59_0_38_32_64_0_0_0_0_0_24_0_null_[0, 64, 2, 0]
15_15_80_59_0_38_32_64_0_0_0_0_0_24_0_null_[0, 64, 2, 0]
16_16_80_59_0_38_32_64_0_0_0_0_0_24_0_null_[0, 64, 2, 0]
17_17_80_59_0_38_32_64_0_0_0_0_0_24_0_null_[0, 64, 2, 0]
18_18_80_59_0_38_32_64_0_0_0_0_0_24_0_null_[0, 64, 2, 0]
19_19_80_59_0_38_32_64_0_0_0_0_0_24_0_null_[0, 64, 2, 0]
20_20_80_59_0_38_32_64_0_0_0_0_0_24_0_null_[0, 64, 2, 0]
21_21_80_59_0_38_32_64_0_0_0_0_0_24_0_null_[0, 64, 2, 0]
22_22_80_59_0_38_32_64_0_0_0_0_0_24_0_null_[0, 64, 2, 0]
23_23_80_59_0_38_32_64_0_0_0_0_0_24_0_null_[0, 64, 2, 0]
24_24_80_59_0_38_32_64_0_0_0_0_0_24_0_null_[0, 64, 2, 0]
25_25_80_59_0_38_32_64_0_0_0_0_0_24_0_null_[0, 64, 2, 0]
26_26_80_59_0_38_32_64_0_0_0_0_0_24_0_null_[0, 64, 2, 0]
27_27_80_59_0_38_32_64_0_0_0_0_0_24_0_null_[0, 64, 2, 0]
28_28_80_59_0_38_32_64_0_0_0_0_0_24_0_null_[0, 64, 2, 0]
29_29_80_59_0_38_32_64_0_0_0_0_0_24_0_null_[0, 64, 2, 0]
30_30_80_59_0_38_32_64_0_0_0_0_0_24_0_null_[0, 64, 2, 0]
31_31_80_59_0_38_32_64_0_0_0_0_0_24_0_null_[0, 64, 2, 0]
32_32_80_59_0_38_32_64_0_0_0_0_0_24_0_null_[0, 64, 2, 0]
33_33_80_59_0_38_32_64_0_0_0_0_0_24_0_null_[0, 64, 2, 0]
34_34_80_59_0_38_32_64_0_0_0_0_0_24_0_null_[0, 64, 2, 0]
35_35_80_59_0_38_32_64_0_0_0_0_0_24_0_null_[0, 64, 2, 0]
36_36_80_59_0_38_32_64_0_0_0_0_0_24_0_null_[0, 64, 2, 0]
37_37_80_59_0_38_32_64_0_0_0_0_0_24_0_null_[0, 64, 2, 0]
38_38_80_59_0_38_32_64_0_0_0_0_0_24_0_null_[0, 64, 2, 0]
39_39_80_59_0_38_32_64_0_0_0_0_0_24_0_null_[0, 64, 2, 0]
40_40_80_59_0_38_32_64_0_0_0_0_0_24_0_null_[0, 64, 2, 0]
41_41_80_59_0_38_32_64_0_0_0_0_0_24_0_null_[0, 64, 2, 0]
42_42_80_59_0_38_32_64_0_0_0_0_0_24_0_null_[0, 64, 2, 0]
43_43_80_59_0_38_32_64_0_0_0_0_0_24_0_null_[0, 64, 2, 0]
44_44_80_59_0_38_32_64_0_0_0_0_0_24_0_null_[0, 64, 2, 0]
45_45_80_59_0_38_32_64_0_0_0_0_0_24_0_null_[0, 64, 2, 0]
46_46_80_59_0_38_32_64_0_0_0_0_0_24_0_null_[0, 64, 2, 0]
47_47_80_59_0_38_32_64_0_0_0_0_0_24_0_null_[0, 64, 2, 0]
48_48_80_59_0_38_32_64_0_0_0_0_0_24_0_null_[0, 64, 2, 0]
49_49_80_59_0_38_32_64_0_0_0_0_0_24_0_null_[0, 64, 2, 0]
50_50_80_59_0_38_32_64_0_0_0_0_0_24_0_null_[0, 64, 2, 0]
51_51_80_59_0_38_32_64_0_0_0_0_0_24_0_null_[0, 64, 2, 0]
52_52_80_59_0_38_32_64_0_0_0_0_0_24_0_null_[0, 64, 2, 0]
53_53_80_59_0_38_32_64_0_0_0_0_0_24_0_null_[0, 64, 2, 0]
54_54_80_59_0_38_32_64_0_0_0_0_0_24_0_null_[0, 64, 2, 0]
55_55_80_59_0_38_32_64_0_0_0_0_0_24_0_null_[0, 64, 2, 0]
56_56_80_59_0_38_32_64_0_0_0_0_0_24_0_null_[0, 64, 2, 0]
57_57_80_59_0_38_32_64_0_0_0_0_0_24_0_null_[0, 64, 2, 0]
58_58_80_59_0_38_32_64_0_0_0_0_0_24_0_null_[0, 64, 2, 0]
59_59_80_59_0_38_32_64_0_0_0_0_0_24_0_null_[0, 64, 2, 0]
60_60_80_59_0_38_32_64_0_0_0_0_0_24_0_null_[0, 64, 2, 0]
61_61_80_59_0_38_32_64_0_0_0_0_0_24_0_null_[0, 64, 2, 0]
62_62_80_59_0_38_32_64_0_0_0_0_0_24_0_null_[0, 64, 2, 0]
63_63_80_59_0_38_32_64_0_0_0_0_0_24_0_null_[0, 64, 2, 0]
64_64_80_59_0_38_32_64_0_0_0_0_0_24_0_null_[0, 64, 2, 0]
65_65_80_59_0_38_32_64_0_0_0_0_0_24_0_null_[0, 64, 2, 0]
66_66_80_59_0_38_32_64_0_0_0_0_0_24_0_null_[0, 64, 2, 0]
67_67_81_71_0_38_32_64_0_0_0_0_0_24_0_null_[0, 64, 2, 0]
68_68_81_71_0_38_32_64_0_0_0_0_0_24_0_null_[0, 64, 2, 0]
69_69_81_71_0_38_32_64_0_0_0_0_0_24_0_null_[0, 64, 2, 0]
70_70_81_71_0_38_32_64_0_0_0_0_0_24_0_null_[0, 64, 2, 0]
71_71_81_71_0_38_32_64_0_0_0_0_0_24_0_null_[0, 64, 2, 0]
72_72_81_71_0_38_32_64_0_0_0_0_0_24_0_null_[0, 64, 2, 0]
73_73_81_71_0_38_32_64_0_0_0_0_0_24_0_null_[0, 64, 2, 0]
74_74_81_71_0_38_32_64_0_0_0_0_0_24_0_null_[0, 64, 2, 0]
75_75_81_71_0_38_32_64_0_0_0_0_0_24_0_null_[0, 64, 2, 0]
76_76_81_71_0_38_32_64_0_0_0_0_0_24_0_null_[0, 64, 2, 0]
77_77_81_71_0_38_32_64_0_0_0_0_0_24_0_null_[0, 64, 2, 0]
78_78_81_71_0_38_32_64_0_0_0_0_0_24_0_null_[0, 64, 2, 0]
79_79_81_71_0_38_32_64_0_0_0_0_0_24_0_null_[0, 64, 2, 0]
80_80_81_71_0_38_32_64_0_0_0_0_0_24_0_null_[0, 64, 2, 0]
81_81_81_71_0_38_32_64_0_0_0_0_0_24_0_null_[0, 64, 2, 0]
82_82_81_71_0_38_32_64_0_0_0_0_0_24_0_null_[0, 64, 2, 0]
83_83_81_71_0_38_32_64_0_0_0_0_0_24_0_null_[0, 64, 2, 0]
84_84_81_71_0_38_32_64_0_0_0_0_0_24_0_null_[0, 64, 2, 0]
85_85_81_71_0_38_32_64_0_0_0_0_0_24_0_null_[0, 64, 2, 0]
86_86_81_71_0_38_32_64_0_0_0_0_0_24_0_null_[0, 64, 2, 0]
87_87_81_71_0_38_32_64_0_0_0_0_0_24_0_null_[0, 64, 2, 0]
88_88_81_71_0_38_32_64_0_0_0_0_0_24_0_null_[0, 64, 2, 0]
89_89_81_71_0_38_32_64_0_0_0_0_0_24_0_null_[0, 64, 2, 0]
90_90_81_71_0_38_32_64_0_0_0_0_0_24_0_null_[0, 64, 2, 0]
91_91_81_71_0_38_32_64_0_0_0_0_0_24_0_null_[0, 64, 2, 0]
92_92_81_71_0_38_32_64_0_0_0_0_0_24_0_null_[0, 64, 2, 0]
93_93_81_71_0_38_32_64_0_0_0_0_0_24_0_null_[0, 64, 2, 0]
94_94_81_71_0_38_32_64_0_0_0_0_0_24_0_null_[0, 64, 2, 0]
95_95_81_71_0_38_32_64_0_0_0_0_0_24_0_null_[0, 64, 2, 0]
96_96_81_71_0_38_32_64_0_0_0_0_0_24_0_null_[0, 64, 2, 0]
97_97_81_71_0_38_32_64_0_0_0_0_0_24_0_null_[0, 64, 2, 0]
98_98_81_71_0_38_32_64_0_0_0_0_0_24_0_null_[0, 64, 2, 0]
99_99_81_71_0_38_32_64_0_0_0_0_0_24_0_null_[0, 64, 2, 0]
100_100_81_71_0_38_32_64_0_0_0_0_0_24_0_null_[0, 64, 2, 0]
101_101_81_71_0_38_32_64_0_0_0_0_0_24_0_null_[0, 64, 2, 0]
102_102_81_71_0_38_32_64_0_0_0_0_0_24_0_null_[0, 64, 2, 0]
103_103_81_71_0_38_32_64_0_0_0_0_0_24_0_null_[0, 64, 2, 0]
104_104_81_71_0_38_32_64_0_0_0_0_0_24_0_null_[0, 64, 2, 0]
105_105_81_71_0_38_32_64_0_0_0_0_0_24_0_null_[0, 64, 2, 0]
106_106_81_71_0_38_32_64_0_0_0_0_0_24_0_null_[0, 64, 2, 0]
107_107_81_71_0_38_32_64_0_0_0_0_0_24_0_null_[0, 64, 2, 0]
108_108_81_71_0_38_32_64_0_0_0_0_0_24_0_null_[0, 64, 2, 0]
109_109_81_71_0_38_32_64_0_0_0_0_0_24_0_null_[0, 64, 2, 0]
110_110_81_71_0_38_32_64_0_0_0_0_0_24_0_null_[0, 64, 2, 0]
111_111_81_71_0_38_32_64_0_0_0_0_0_24_0_null_[0, 64, 2, 0]
112_112_81_71_0_38_32_64_0_0_0_0_0_24_0_null_[0, 64, 2, 0]
113_113_81_71_0_38_32_64_0_0_0_0_0_24_0_null_[0, 64, 2, 0]
114_114_81_71_0_38_32_64_0_0_0_0_0_24_0_null_[0, 64, 2, 0]
115_115_81_71_0_38_32_64_0_0_0_0_0_24_0_null_[0, 64, 2, 0]
116_116_81_71_0_38_32_64_0_0_0_0_0_24_0_null_[0, 64, 2, 0]
117_117_81_71_0_38_32_64_0_0_0_0_0_24_0_null_[0, 64, 2, 0]
118_118_81_71_0_38_32_64_0_0_0_0_0_24_0_null_[0, 64, 2, 0]
119_119_81_71_0_38_32_64_0_0_0_0_0_24_0_null_[0, 64, 2, 0]
120_120_81_71_0_38_32_64_0_0_0_0_0_24_0_null_[0, 64, 2, 0]
121_121_81_71_0_38_32_64_0_0_0_0_0_24_0_null_[0, 64, 2, 0]
122_122_81_71_0_38_32_64_0_0_0_0_0_24_0_null_[0, 64, 2, 0]
123_123_81_71_0_38_32_64_0_0_0_0_0_24_0_null_[0, 64, 2, 0]
124_124_81_71_0_38_32_64_0_0_0_0_0_24_0_null_[0, 64, 2, 0]
125_125_81_71_0_38_32_64_0_0_0_0_0_24_0_null_[0, 64, 2, 0]
126_126_81_71_0_38_32_64_0_0_0_0_0_24_0_null_[0, 64, 2, 0]
127_127_81_71_0_38_32_64_0_0_0_0_0_24_0_null_[0, 64, 2, 0]
