0_0_209_60_0_39_32_64_0_0_0_0_0_24_0_[0, 0, 2, 64, 50, 28]_[0, 64, 7, 19, 22, 0]
1_1_209_60_0_39_32_64_0_0_0_0_0_24_0_[0, 0, 2, 64, 50, 28]_[0, 64, 7, 19, 22, 0]
2_2_209_60_0_39_32_64_0_0_0_0_0_24_0_[0, 0, 2, 64, 50, 28]_[0, 64, 7, 19, 22, 0]
3_3_209_60_0_39_32_64_0_0_0_0_0_24_0_[0, 0, 2, 64, 50, 28]_[0, 64, 7, 19, 22, 0]
4_4_209_60_0_39_32_64_0_0_0_0_0_24_0_[0, 0, 2, 64, 50, 28]_[0, 64, 7, 19, 22, 0]
5_5_209_60_0_39_32_64_0_0_0_0_0_24_0_[0, 0, 2, 64, 50, 28]_[0, 64, 7, 19, 22, 0]
6_6_209_60_0_39_32_64_0_0_0_0_0_24_0_[0, 0, 2, 64, 50, 28]_[0, 64, 7, 19, 22, 0]
7_7_209_60_0_39_32_64_0_0_0_0_0_24_0_[0, 0, 2, 64, 50, 28]_[0, 64, 7, 19, 22, 0]
8_8_209_60_0_39_32_64_0_0_0_0_0_24_0_[0, 0, 2, 64, 50, 28]_[0, 64, 7, 19, 22, 0]
9_9_209_60_0_39_32_64_0_0_0_0_0_24_0_[0, 0, 2, 64, 50, 28]_[0, 64, 7, 19, 22, 0]
10_10_209_60_0_39_32_64_0_0_0_0_0_24_0_[0, 0, 2, 64, 50, 28]_[0, 64, 7, 19, 22, 0]
11_11_209_60_0_39_32_64_0_0_0_0_0_24_0_[0, 0, 2, 64, 50, 28]_[0, 64, 7, 19, 22, 0]
12_12_209_60_0_39_32_64_0_0_0_0_0_24_0_[0, 0, 2, 64, 50, 28]_[0, 64, 7, 19, 22, 0]
13_13_209_60_0_39_32_64_0_0_0_0_0_24_0_[0, 0, 2, 64, 50, 28]_[0, 64, 7, 19, 22, 0]
14_14_209_60_0_39_32_64_0_0_0_0_0_24_0_[0, 0, 2, 64, 50, 28]_[0, 64, 7, 19, 22, 0]
15_15_209_60_0_39_32_64_0_0_0_0_0_24_0_[0, 0, 2, 64, 50, 28]_[0, 64, 7, 19, 22, 0]
16_16_209_60_0_39_32_64_0_0_0_0_0_24_0_[0, 0, 2, 64, 50, 28]_[0, 64, 7, 19, 22, 0]
17_17_209_60_0_39_32_64_0_0_0_0_0_24_0_[0, 0, 2, 64, 50, 28]_[0, 64, 7, 19, 22, 0]
18_18_209_60_0_39_32_64_0_0_0_0_0_24_0_[0, 0, 2, 64, 50, 28]_[0, 64, 7, 19, 22, 0]
19_19_209_60_0_39_32_64_0_0_0_0_0_24_0_[0, 0, 2, 64, 50, 28]_[0, 64, 7, 19, 22, 0]
20_20_209_60_0_39_32_64_0_0_0_0_0_24_0_[0, 0, 2, 64, 50, 28]_[0, 64, 7, 19, 22, 0]
21_21_209_60_0_39_32_64_0_0_0_0_0_24_0_[0, 0, 2, 64, 50, 28]_[0, 64, 7, 19, 22, 0]
22_22_209_60_0_39_32_64_0_0_0_0_0_24_0_[0, 0, 2, 64, 50, 28]_[0, 64, 7, 19, 22, 0]
23_23_209_60_0_39_32_64_0_0_0_0_0_24_0_[0, 0, 2, 64, 50, 28]_[0, 64, 7, 19, 22, 0]
24_24_209_60_0_39_32_64_0_0_0_0_0_24_0_[0, 0, 2, 64, 50, 28]_[0, 64, 7, 19, 22, 0]
25_25_209_60_0_39_32_64_0_0_0_0_0_24_0_[0, 0, 2, 64, 50, 28]_[0, 64, 7, 19, 22, 0]
26_26_209_60_0_39_32_64_0_0_0_0_0_24_0_[0, 0, 2, 64, 50, 28]_[0, 64, 7, 19, 22, 0]
27_27_209_60_0_39_32_64_0_0_0_0_0_24_0_[0, 0, 2, 64, 50, 28]_[0, 64, 7, 19, 22, 0]
28_28_209_60_0_39_32_64_0_0_0_0_0_24_0_[0, 0, 2, 64, 50, 28]_[0, 64, 7, 19, 22, 0]
29_29_209_60_0_39_32_64_0_0_0_0_0_24_0_[0, 0, 2, 64, 50, 28]_[0, 64, 7, 19, 22, 0]
30_30_209_60_0_39_32_64_0_0_0_0_0_24_0_[0, 0, 2, 64, 50, 28]_[0, 64, 7, 19, 22, 0]
31_31_209_60_0_39_32_64_0_0_0_0_0_24_0_[0, 0, 2, 64, 50, 28]_[0, 64, 7, 19, 22, 0]
32_32_209_60_0_39_32_64_0_0_0_0_0_24_0_[0, 0, 2, 64, 50, 28]_[0, 64, 7, 19, 22, 0]
33_33_209_60_0_39_32_64_0_0_0_0_0_24_0_[0, 0, 2, 64, 50, 28]_[0, 64, 7, 19, 22, 0]
34_34_209_60_0_39_32_64_0_0_0_0_0_24_0_[0, 0, 2, 64, 50, 28]_[0, 64, 7, 19, 22, 0]
35_35_209_60_0_39_32_64_0_0_0_0_0_24_0_[0, 0, 2, 64, 50, 28]_[0, 64, 7, 19, 22, 0]
36_36_209_60_0_39_32_64_0_0_0_0_0_24_0_[0, 0, 2, 64, 50, 28]_[0, 64, 7, 19, 22, 0]
37_37_209_60_0_39_32_64_0_0_0_0_0_24_0_[0, 0, 2, 64, 50, 28]_[0, 64, 7, 19, 22, 0]
38_38_209_60_0_39_32_64_0_0_0_0_0_24_0_[0, 0, 2, 64, 50, 28]_[0, 64, 7, 19, 22, 0]
39_39_209_60_0_39_32_64_0_0_0_0_0_24_0_[0, 0, 2, 64, 50, 28]_[0, 64, 7, 19, 22, 0]
40_40_209_60_0_39_32_64_0_0_0_0_0_24_0_[0, 0, 2, 64, 50, 28]_[0, 64, 7, 19, 22, 0]
41_41_209_60_0_39_32_64_0_0_0_0_0_24_0_[0, 0, 2, 64, 50, 28]_[0, 64, 7, 19, 22, 0]
42_42_209_60_0_39_32_64_0_0_0_0_0_24_0_[0, 0, 2, 64, 50, 28]_[0, 64, 7, 19, 22, 0]
43_43_209_60_0_39_32_64_0_0_0_0_0_24_0_[0, 0, 2, 64, 50, 28]_[0, 64, 7, 19, 22, 0]
44_44_209_60_0_39_32_64_0_0_0_0_0_24_0_[0, 0, 2, 64, 50, 28]_[0, 64, 7, 19, 22, 0]
45_45_209_60_0_39_32_64_0_0_0_0_0_24_0_[0, 0, 2, 64, 50, 28]_[0, 64, 7, 19, 22, 0]
46_46_209_60_0_39_32_64_0_0_0_0_0_24_0_[0, 0, 2, 64, 50, 28]_[0, 64, 7, 19, 22, 0]
47_47_209_60_0_39_32_64_0_0_0_0_0_24_0_[0, 0, 2, 64, 50, 28]_[0, 64, 7, 19, 22, 0]
48_48_209_60_0_39_32_64_0_0_0_0_0_24_0_[0, 0, 2, 64, 50, 28]_[0, 64, 7, 19, 22, 0]
49_49_209_60_0_39_32_64_0_0_0_0_0_24_0_[0, 0, 2, 64, 50, 28]_[0, 64, 7, 19, 22, 0]
50_50_209_60_0_39_32_64_0_0_0_0_0_24_0_[0, 0, 2, 64, 50, 28]_[0, 64, 7, 19, 22, 0]
51_51_209_60_0_39_32_64_0_0_0_0_0_24_0_[0, 0, 2, 64, 50, 28]_[0, 64, 7, 19, 22, 0]
52_52_209_60_0_39_32_64_0_0_0_0_0_24_0_[0, 0, 2, 64, 50, 28]_[0, 64, 7, 19, 22, 0]
53_53_209_60_0_39_32_64_0_0_0_0_0_24_0_[0, 0, 2, 64, 50, 28]_[0, 64, 7, 19, 22, 0]
54_54_209_60_0_39_32_64_0_0_0_0_0_24_0_[0, 0, 2, 64, 50, 28]_[0, 64, 7, 19, 22, 0]
55_55_209_60_0_39_32_64_0_0_0_0_0_24_0_[0, 0, 2, 64, 50, 28]_[0, 64, 7, 19, 22, 0]
56_56_209_60_0_39_32_64_0_0_0_0_0_24_0_[0, 0, 2, 64, 50, 28]_[0, 64, 7, 19, 22, 0]
57_57_209_60_0_39_32_64_0_0_0_0_0_24_0_[0, 0, 2, 64, 50, 28]_[0, 64, 7, 19, 22, 0]
58_58_209_60_0_39_32_64_0_0_0_0_0_24_0_[0, 0, 2, 64, 50, 28]_[0, 64, 7, 19, 22, 0]
59_59_209_60_0_39_32_64_0_0_0_0_0_24_0_[0, 0, 2, 64, 50, 28]_[0, 64, 7, 19, 22, 0]
60_60_209_60_0_39_32_64_0_0_0_0_0_24_0_[0, 0, 2, 64, 50, 28]_[0, 64, 7, 19, 22, 0]
61_61_209_60_0_39_32_64_0_0_0_0_0_24_0_[0, 0, 2, 64, 50, 28]_[0, 64, 7, 19, 22, 0]
62_62_209_60_0_39_32_64_0_0_0_0_0_24_0_[0, 0, 2, 64, 50, 28]_[0, 64, 7, 19, 22, 0]
63_63_209_60_0_39_32_64_0_0_0_0_0_24_0_[0, 0, 2, 64, 50, 28]_[0, 64, 7, 19, 22, 0]
64_64_209_60_0_39_32_64_0_0_0_0_0_24_0_[0, 0, 2, 64, 50, 28]_[0, 64, 7, 19, 22, 0]
65_65_209_60_0_39_32_64_0_0_0_0_0_24_0_[0, 0, 2, 64, 50, 28]_[0, 64, 7, 19, 22, 0]
66_66_209_60_0_39_32_64_0_0_0_0_0_24_0_[0, 0, 2, 64, 50, 28]_[0, 64, 7, 19, 22, 0]
67_67_209_60_0_39_32_64_0_0_0_0_0_24_0_[0, 0, 2, 64, 50, 28]_[0, 64, 7, 19, 22, 0]
68_68_210_84_0_39_37_64_0_0_0_0_0_24_0_[0, 0, 2, 64, 50, 28]_[0, 64, 7, 19, 22, 0]
69_69_210_84_0_39_37_64_0_0_0_0_0_24_0_[0, 0, 2, 64, 50, 28]_[0, 64, 7, 19, 22, 0]
70_70_210_84_0_39_37_64_0_0_0_0_0_24_0_[0, 0, 2, 64, 50, 28]_[0, 64, 7, 19, 22, 0]
71_71_210_84_0_39_37_64_0_0_0_0_0_24_0_[0, 0, 2, 64, 50, 28]_[0, 64, 7, 19, 22, 0]
72_72_210_84_0_39_37_64_0_0_0_0_0_24_0_[0, 0, 2, 64, 50, 28]_[0, 64, 7, 19, 22, 0]
73_73_210_84_0_39_37_64_0_0_0_0_0_24_0_[0, 0, 2, 64, 50, 28]_[0, 64, 7, 19, 22, 0]
74_74_210_84_0_39_37_64_0_0_0_0_0_24_0_[0, 0, 2, 64, 50, 28]_[0, 64, 7, 19, 22, 0]
75_75_210_84_0_39_37_64_0_0_0_0_0_24_0_[0, 0, 2, 64, 50, 28]_[0, 64, 7, 19, 22, 0]
76_76_210_84_0_39_37_64_0_0_0_0_0_24_0_[0, 0, 2, 64, 50, 28]_[0, 64, 7, 19, 22, 0]
77_77_210_84_0_39_37_64_0_0_0_0_0_24_0_[0, 0, 2, 64, 50, 28]_[0, 64, 7, 19, 22, 0]
78_78_210_84_0_39_37_64_0_0_0_0_0_24_0_[0, 0, 2, 64, 50, 28]_[0, 64, 7, 19, 22, 0]
79_79_210_84_0_39_37_64_0_0_0_0_0_24_0_[0, 0, 2, 64, 50, 28]_[0, 64, 7, 19, 22, 0]
80_80_210_84_0_39_37_64_0_0_0_0_0_24_0_[0, 0, 2, 64, 50, 28]_[0, 64, 7, 19, 22, 0]
81_81_210_84_0_39_37_64_0_0_0_0_0_24_0_[0, 0, 2, 64, 50, 28]_[0, 64, 7, 19, 22, 0]
82_82_210_84_0_39_37_64_0_0_0_0_0_24_0_[0, 0, 2, 64, 50, 28]_[0, 64, 7, 19, 22, 0]
83_83_210_84_0_39_37_64_0_0_0_0_0_24_0_[0, 0, 2, 64, 50, 28]_[0, 64, 7, 19, 22, 0]
84_84_210_84_0_39_37_64_0_0_0_0_0_24_0_[0, 0, 2, 64, 50, 28]_[0, 64, 7, 19, 22, 0]
85_85_211_96_0_39_42_64_0_0_0_0_0_24_0_[0, 0, 2, 64, 50, 28]_[0, 64, 7, 19, 22, 0]
86_86_211_96_0_39_42_64_0_0_0_0_0_24_0_[0, 0, 2, 64, 50, 28]_[0, 64, 7, 19, 22, 0]
87_87_211_96_0_39_42_64_0_0_0_0_0_24_0_[0, 0, 2, 64, 50, 28]_[0, 64, 7, 19, 22, 0]
88_88_211_96_0_39_42_64_0_0_0_0_0_24_0_[0, 0, 2, 64, 50, 28]_[0, 64, 7, 19, 22, 0]
89_89_211_96_0_39_42_64_0_0_0_0_0_24_0_[0, 0, 2, 64, 50, 28]_[0, 64, 7, 19, 22, 0]
90_90_211_96_0_39_42_64_0_0_0_0_0_24_0_[0, 0, 2, 64, 50, 28]_[0, 64, 7, 19, 22, 0]
91_91_211_96_0_39_42_64_0_0_0_0_0_24_0_[0, 0, 2, 64, 50, 28]_[0, 64, 7, 19, 22, 0]
92_92_211_96_0_39_42_64_0_0_0_0_0_24_0_[0, 0, 2, 64, 50, 28]_[0, 64, 7, 19, 22, 0]
93_93_211_96_0_39_42_64_0_0_0_0_0_24_0_[0, 0, 2, 64, 50, 28]_[0, 64, 7, 19, 22, 0]
94_94_211_96_0_39_42_64_0_0_0_0_0_24_0_[0, 0, 2, 64, 50, 28]_[0, 64, 7, 19, 22, 0]
95_95_211_96_0_39_42_64_0_0_0_0_0_24_0_[0, 0, 2, 64, 50, 28]_[0, 64, 7, 19, 22, 0]
96_96_211_96_0_39_42_64_0_0_0_0_0_24_0_[0, 0, 2, 64, 50, 28]_[0, 64, 7, 19, 22, 0]
97_97_211_96_0_39_42_64_0_0_0_0_0_24_0_[0, 0, 2, 64, 50, 28]_[0, 64, 7, 19, 22, 0]
98_98_211_96_0_39_42_64_0_0_0_0_0_24_0_[0, 0, 2, 64, 50, 28]_[0, 64, 7, 19, 22, 0]
99_99_211_96_0_39_42_64_0_0_0_0_0_24_0_[0, 0, 2, 64, 50, 28]_[0, 64, 7, 19, 22, 0]
100_100_211_96_0_39_42_64_0_0_0_0_0_24_0_[0, 0, 2, 64, 50, 28]_[0, 64, 7, 19, 22, 0]
101_101_211_96_0_39_42_64_0_0_0_0_0_24_0_[0, 0, 2, 64, 50, 28]_[0, 64, 7, 19, 22, 0]
102_102_211_96_0_39_42_64_0_0_0_0_0_24_0_[0, 0, 2, 64, 50, 28]_[0, 64, 7, 19, 22, 0]
103_103_211_96_0_39_42_64_0_0_0_0_0_24_0_[0, 0, 2, 64, 50, 28]_[0, 64, 7, 19, 22, 0]
104_104_211_96_0_39_42_64_0_0_0_0_0_24_0_[0, 0, 2, 64, 50, 28]_[0, 64, 7, 19, 22, 0]
105_105_211_96_0_39_42_64_0_0_0_0_0_24_0_[0, 0, 2, 64, 50, 28]_[0, 64, 7, 19, 22, 0]
106_106_211_96_0_39_42_64_0_0_0_0_0_24_0_[0, 0, 2, 64, 50, 28]_[0, 64, 7, 19, 22, 0]
107_107_211_96_0_39_42_64_0_0_0_0_0_24_0_[0, 0, 2, 64, 50, 28]_[0, 64, 7, 19, 22, 0]
108_108_211_96_0_39_42_64_0_0_0_0_0_24_0_[0, 0, 2, 64, 50, 28]_[0, 64, 7, 19, 22, 0]
109_109_211_96_0_39_42_64_0_0_0_0_0_24_0_[0, 0, 2, 64, 50, 28]_[0, 64, 7, 19, 22, 0]
110_110_211_96_0_39_42_64_0_0_0_0_0_24_0_[0, 0, 2, 64, 50, 28]_[0, 64, 7, 19, 22, 0]
111_111_211_96_0_39_42_64_0_0_0_0_0_24_0_[0, 0, 2, 64, 50, 28]_[0, 64, 7, 19, 22, 0]
112_112_211_96_0_39_42_64_0_0_0_0_0_24_0_[0, 0, 2, 64, 50, 28]_[0, 64, 7, 19, 22, 0]
113_113_211_96_0_39_42_64_0_0_0_0_0_24_0_[0, 0, 2, 64, 50, 28]_[0, 64, 7, 19, 22, 0]
114_114_211_96_0_39_42_64_0_0_0_0_0_24_0_[0, 0, 2, 64, 50, 28]_[0, 64, 7, 19, 22, 0]
115_115_211_96_0_39_42_64_0_0_0_0_0_24_0_[0, 0, 2, 64, 50, 28]_[0, 64, 7, 19, 22, 0]
116_116_211_96_0_39_42_64_0_0_0_0_0_24_0_[0, 0, 2, 64, 50, 28]_[0, 64, 7, 19, 22, 0]
117_117_211_96_0_39_42_64_0_0_0_0_0_24_0_[0, 0, 2, 64, 50, 28]_[0, 64, 7, 19, 22, 0]
118_118_211_96_0_39_42_64_0_0_0_0_0_24_0_[0, 0, 2, 64, 50, 28]_[0, 64, 7, 19, 22, 0]
119_119_211_96_0_39_42_64_0_0_0_0_0_24_0_[0, 0, 2, 64, 50, 28]_[0, 64, 7, 19, 22, 0]
120_120_211_96_0_39_42_64_0_0_0_0_0_24_0_[0, 0, 2, 64, 50, 28]_[0, 64, 7, 19, 22, 0]
121_121_211_96_0_39_42_64_0_0_0_0_0_24_0_[0, 0, 2, 64, 50, 28]_[0, 64, 7, 19, 22, 0]
122_122_211_96_0_39_42_64_0_0_0_0_0_24_0_[0, 0, 2, 64, 50, 28]_[0, 64, 7, 19, 22, 0]
123_123_211_96_0_39_42_64_0_0_0_0_0_24_0_[0, 0, 2, 64, 50, 28]_[0, 64, 7, 19, 22, 0]
124_124_211_96_0_39_42_64_0_0_0_0_0_24_0_[0, 0, 2, 64, 50, 28]_[0, 64, 7, 19, 22, 0]
125_125_211_96_0_39_42_64_0_0_0_0_0_24_0_[0, 0, 2, 64, 50, 28]_[0, 64, 7, 19, 22, 0]
126_126_211_96_0_39_42_64_0_0_0_0_0_24_0_[0, 0, 2, 64, 50, 28]_[0, 64, 7, 19, 22, 0]
127_127_211_96_0_39_42_64_0_0_0_0_0_24_0_[0, 0, 2, 64, 50, 28]_[0, 64, 7, 19, 22, 0]
