0_0_215_60_0_49_40_64_0_0_0_0_0_24_0_[0, 0, 24, 64]_[0, 64, 12, 41, 28, 20, 46, 8, 61, 0]
1_1_215_60_0_49_40_64_0_0_0_0_0_24_0_[0, 0, 24, 64]_[0, 64, 12, 41, 28, 20, 46, 8, 61, 0]
2_2_215_60_0_49_40_64_0_0_0_0_0_24_0_[0, 0, 24, 64]_[0, 64, 12, 41, 28, 20, 46, 8, 61, 0]
3_3_215_60_0_49_40_64_0_0_0_0_0_24_0_[0, 0, 24, 64]_[0, 64, 12, 41, 28, 20, 46, 8, 61, 0]
4_4_215_60_0_49_40_64_0_0_0_0_0_24_0_[0, 0, 24, 64]_[0, 64, 12, 41, 28, 20, 46, 8, 61, 0]
5_5_215_60_0_49_40_64_0_0_0_0_0_24_0_[0, 0, 24, 64]_[0, 64, 12, 41, 28, 20, 46, 8, 61, 0]
6_6_215_60_0_49_40_64_0_0_0_0_0_24_0_[0, 0, 24, 64]_[0, 64, 12, 41, 28, 20, 46, 8, 61, 0]
7_7_215_60_0_49_40_64_0_0_0_0_0_24_0_[0, 0, 24, 64]_[0, 64, 12, 41, 28, 20, 46, 8, 61, 0]
8_8_215_60_0_49_40_64_0_0_0_0_0_24_0_[0, 0, 24, 64]_[0, 64, 12, 41, 28, 20, 46, 8, 61, 0]
9_9_215_60_0_49_40_64_0_0_0_0_0_24_0_[0, 0, 24, 64]_[0, 64, 12, 41, 28, 20, 46, 8, 61, 0]
10_10_215_60_0_49_40_64_0_0_0_0_0_24_0_[0, 0, 24, 64]_[0, 64, 12, 41, 28, 20, 46, 8, 61, 0]
11_11_215_60_0_49_40_64_0_0_0_0_0_24_0_[0, 0, 24, 64]_[0, 64, 12, 41, 28, 20, 46, 8, 61, 0]
12_12_215_60_0_49_40_64_0_0_0_0_0_24_0_[0, 0, 24, 64]_[0, 64, 12, 41, 28, 20, 46, 8, 61, 0]
13_13_215_60_0_49_40_64_0_0_0_0_0_24_0_[0, 0, 24, 64]_[0, 64, 12, 41, 28, 20, 46, 8, 61, 0]
14_14_215_60_0_49_40_64_0_0_0_0_0_24_0_[0, 0, 24, 64]_[0, 64, 12, 41, 28, 20, 46, 8, 61, 0]
15_15_215_60_0_49_40_64_0_0_0_0_0_24_0_[0, 0, 24, 64]_[0, 64, 12, 41, 28, 20, 46, 8, 61, 0]
16_16_215_60_0_49_40_64_0_0_0_0_0_24_0_[0, 0, 24, 64]_[0, 64, 12, 41, 28, 20, 46, 8, 61, 0]
17_17_215_60_0_49_40_64_0_0_0_0_0_24_0_[0, 0, 24, 64]_[0, 64, 12, 41, 28, 20, 46, 8, 61, 0]
18_18_215_60_0_49_40_64_0_0_0_0_0_24_0_[0, 0, 24, 64]_[0, 64, 12, 41, 28, 20, 46, 8, 61, 0]
19_19_215_60_0_49_40_64_0_0_0_0_0_24_0_[0, 0, 24, 64]_[0, 64, 12, 41, 28, 20, 46, 8, 61, 0]
20_20_215_60_0_49_40_64_0_0_0_0_0_24_0_[0, 0, 24, 64]_[0, 64, 12, 41, 28, 20, 46, 8, 61, 0]
21_21_215_60_0_49_40_64_0_0_0_0_0_24_0_[0, 0, 24, 64]_[0, 64, 12, 41, 28, 20, 46, 8, 61, 0]
22_22_215_60_0_49_40_64_0_0_0_0_0_24_0_[0, 0, 24, 64]_[0, 64, 12, 41, 28, 20, 46, 8, 61, 0]
23_23_215_60_0_49_40_64_0_0_0_0_0_24_0_[0, 0, 24, 64]_[0, 64, 12, 41, 28, 20, 46, 8, 61, 0]
24_24_215_60_0_49_40_64_0_0_0_0_0_24_0_[0, 0, 24, 64]_[0, 64, 12, 41, 28, 20, 46, 8, 61, 0]
25_25_215_60_0_49_40_64_0_0_0_0_0_24_0_[0, 0, 24, 64]_[0, 64, 12, 41, 28, 20, 46, 8, 61, 0]
26_26_215_60_0_49_40_64_0_0_0_0_0_24_0_[0, 0, 24, 64]_[0, 64, 12, 41, 28, 20, 46, 8, 61, 0]
27_27_215_60_0_49_40_64_0_0_0_0_0_24_0_[0, 0, 24, 64]_[0, 64, 12, 41, 28, 20, 46, 8, 61, 0]
28_28_215_60_0_49_40_64_0_0_0_0_0_24_0_[0, 0, 24, 64]_[0, 64, 12, 41, 28, 20, 46, 8, 61, 0]
29_29_215_60_0_49_40_64_0_0_0_0_0_24_0_[0, 0, 24, 64]_[0, 64, 12, 41, 28, 20, 46, 8, 61, 0]
30_30_215_60_0_49_40_64_0_0_0_0_0_24_0_[0, 0, 24, 64]_[0, 64, 12, 41, 28, 20, 46, 8, 61, 0]
31_31_215_60_0_49_40_64_0_0_0_0_0_24_0_[0, 0, 24, 64]_[0, 64, 12, 41, 28, 20, 46, 8, 61, 0]
32_32_215_60_0_49_40_64_0_0_0_0_0_24_0_[0, 0, 24, 64]_[0, 64, 12, 41, 28, 20, 46, 8, 61, 0]
33_33_215_60_0_49_40_64_0_0_0_0_0_24_0_[0, 0, 24, 64]_[0, 64, 12, 41, 28, 20, 46, 8, 61, 0]
34_34_215_60_0_49_40_64_0_0_0_0_0_24_0_[0, 0, 24, 64]_[0, 64, 12, 41, 28, 20, 46, 8, 61, 0]
35_35_215_60_0_49_40_64_0_0_0_0_0_24_0_[0, 0, 24, 64]_[0, 64, 12, 41, 28, 20, 46, 8, 61, 0]
36_36_215_60_0_49_40_64_0_0_0_0_0_24_0_[0, 0, 24, 64]_[0, 64, 12, 41, 28, 20, 46, 8, 61, 0]
37_37_215_60_0_49_40_64_0_0_0_0_0_24_0_[0, 0, 24, 64]_[0, 64, 12, 41, 28, 20, 46, 8, 61, 0]
38_38_215_60_0_49_40_64_0_0_0_0_0_24_0_[0, 0, 24, 64]_[0, 64, 12, 41, 28, 20, 46, 8, 61, 0]
39_39_215_60_0_49_40_64_0_0_0_0_0_24_0_[0, 0, 24, 64]_[0, 64, 12, 41, 28, 20, 46, 8, 61, 0]
40_40_215_60_0_49_40_64_0_0_0_0_0_24_0_[0, 0, 24, 64]_[0, 64, 12, 41, 28, 20, 46, 8, 61, 0]
41_41_215_60_0_49_40_64_0_0_0_0_0_24_0_[0, 0, 24, 64]_[0, 64, 12, 41, 28, 20, 46, 8, 61, 0]
42_42_215_60_0_49_40_64_0_0_0_0_0_24_0_[0, 0, 24, 64]_[0, 64, 12, 41, 28, 20, 46, 8, 61, 0]
43_43_215_60_0_49_40_64_0_0_0_0_0_24_0_[0, 0, 24, 64]_[0, 64, 12, 41, 28, 20, 46, 8, 61, 0]
44_44_215_60_0_49_40_64_0_0_0_0_0_24_0_[0, 0, 24, 64]_[0, 64, 12, 41, 28, 20, 46, 8, 61, 0]
45_45_215_60_0_49_40_64_0_0_0_0_0_24_0_[0, 0, 24, 64]_[0, 64, 12, 41, 28, 20, 46, 8, 61, 0]
46_46_215_60_0_49_40_64_0_0_0_0_0_24_0_[0, 0, 24, 64]_[0, 64, 12, 41, 28, 20, 46, 8, 61, 0]
47_47_215_60_0_49_40_64_0_0_0_0_0_24_0_[0, 0, 24, 64]_[0, 64, 12, 41, 28, 20, 46, 8, 61, 0]
48_48_215_60_0_49_40_64_0_0_0_0_0_24_0_[0, 0, 24, 64]_[0, 64, 12, 41, 28, 20, 46, 8, 61, 0]
49_49_215_60_0_49_40_64_0_0_0_0_0_24_0_[0, 0, 24, 64]_[0, 64, 12, 41, 28, 20, 46, 8, 61, 0]
50_50_215_60_0_49_40_64_0_0_0_0_0_24_0_[0, 0, 24, 64]_[0, 64, 12, 41, 28, 20, 46, 8, 61, 0]
51_51_215_60_0_49_40_64_0_0_0_0_0_24_0_[0, 0, 24, 64]_[0, 64, 12, 41, 28, 20, 46, 8, 61, 0]
52_52_215_60_0_49_40_64_0_0_0_0_0_24_0_[0, 0, 24, 64]_[0, 64, 12, 41, 28, 20, 46, 8, 61, 0]
53_53_215_60_0_49_40_64_0_0_0_0_0_24_0_[0, 0, 24, 64]_[0, 64, 12, 41, 28, 20, 46, 8, 61, 0]
54_54_215_60_0_49_40_64_0_0_0_0_0_24_0_[0, 0, 24, 64]_[0, 64, 12, 41, 28, 20, 46, 8, 61, 0]
55_55_215_60_0_49_40_64_0_0_0_0_0_24_0_[0, 0, 24, 64]_[0, 64, 12, 41, 28, 20, 46, 8, 61, 0]
56_56_215_60_0_49_40_64_0_0_0_0_0_24_0_[0, 0, 24, 64]_[0, 64, 12, 41, 28, 20, 46, 8, 61, 0]
57_57_215_60_0_49_40_64_0_0_0_0_0_24_0_[0, 0, 24, 64]_[0, 64, 12, 41, 28, 20, 46, 8, 61, 0]
58_58_215_60_0_49_40_64_0_0_0_0_0_24_0_[0, 0, 24, 64]_[0, 64, 12, 41, 28, 20, 46, 8, 61, 0]
59_59_215_60_0_49_40_64_0_0_0_0_0_24_0_[0, 0, 24, 64]_[0, 64, 12, 41, 28, 20, 46, 8, 61, 0]
60_60_215_60_0_49_40_64_0_0_0_0_0_24_0_[0, 0, 24, 64]_[0, 64, 12, 41, 28, 20, 46, 8, 61, 0]
61_61_215_60_0_49_40_64_0_0_0_0_0_24_0_[0, 0, 24, 64]_[0, 64, 12, 41, 28, 20, 46, 8, 61, 0]
62_62_215_60_0_49_40_64_0_0_0_0_0_24_0_[0, 0, 24, 64]_[0, 64, 12, 41, 28, 20, 46, 8, 61, 0]
63_63_215_60_0_49_40_64_0_0_0_0_0_24_0_[0, 0, 24, 64]_[0, 64, 12, 41, 28, 20, 46, 8, 61, 0]
64_64_215_60_0_49_40_64_0_0_0_0_0_24_0_[0, 0, 24, 64]_[0, 64, 12, 41, 28, 20, 46, 8, 61, 0]
65_65_215_60_0_49_40_64_0_0_0_0_0_24_0_[0, 0, 24, 64]_[0, 64, 12, 41, 28, 20, 46, 8, 61, 0]
66_66_215_60_0_49_40_64_0_0_0_0_0_24_0_[0, 0, 24, 64]_[0, 64, 12, 41, 28, 20, 46, 8, 61, 0]
67_67_215_60_0_49_40_64_0_0_0_0_0_24_0_[0, 0, 24, 64]_[0, 64, 12, 41, 28, 20, 46, 8, 61, 0]
68_68_215_60_0_49_40_64_0_0_0_0_0_24_0_[0, 0, 24, 64]_[0, 64, 12, 41, 28, 20, 46, 8, 61, 0]
69_69_215_60_0_49_40_64_0_0_0_0_0_24_0_[0, 0, 24, 64]_[0, 64, 12, 41, 28, 20, 46, 8, 61, 0]
70_70_215_60_0_49_40_64_0_0_0_0_0_24_0_[0, 0, 24, 64]_[0, 64, 12, 41, 28, 20, 46, 8, 61, 0]
71_71_215_60_0_49_40_64_0_0_0_0_0_24_0_[0, 0, 24, 64]_[0, 64, 12, 41, 28, 20, 46, 8, 61, 0]
72_72_216_84_0_49_40_64_0_0_0_0_0_24_0_[0, 0, 24, 64]_[0, 64, 12, 41, 28, 20, 46, 8, 61, 0]
73_73_216_84_0_49_40_64_0_0_0_0_0_24_0_[0, 0, 24, 64]_[0, 64, 12, 41, 28, 20, 46, 8, 61, 0]
74_74_216_84_0_49_40_64_0_0_0_0_0_24_0_[0, 0, 24, 64]_[0, 64, 12, 41, 28, 20, 46, 8, 61, 0]
75_75_216_84_0_49_40_64_0_0_0_0_0_24_0_[0, 0, 24, 64]_[0, 64, 12, 41, 28, 20, 46, 8, 61, 0]
76_76_216_84_0_49_40_64_0_0_0_0_0_24_0_[0, 0, 24, 64]_[0, 64, 12, 41, 28, 20, 46, 8, 61, 0]
77_77_216_84_0_49_40_64_0_0_0_0_0_24_0_[0, 0, 24, 64]_[0, 64, 12, 41, 28, 20, 46, 8, 61, 0]
78_78_216_84_0_49_40_64_0_0_0_0_0_24_0_[0, 0, 24, 64]_[0, 64, 12, 41, 28, 20, 46, 8, 61, 0]
79_79_216_84_0_49_40_64_0_0_0_0_0_24_0_[0, 0, 24, 64]_[0, 64, 12, 41, 28, 20, 46, 8, 61, 0]
80_80_216_84_0_49_40_64_0_0_0_0_0_24_0_[0, 0, 24, 64]_[0, 64, 12, 41, 28, 20, 46, 8, 61, 0]
81_81_216_84_0_49_40_64_0_0_0_0_0_24_0_[0, 0, 24, 64]_[0, 64, 12, 41, 28, 20, 46, 8, 61, 0]
82_82_216_84_0_49_40_64_0_0_0_0_0_24_0_[0, 0, 24, 64]_[0, 64, 12, 41, 28, 20, 46, 8, 61, 0]
83_83_216_84_0_49_40_64_0_0_0_0_0_24_0_[0, 0, 24, 64]_[0, 64, 12, 41, 28, 20, 46, 8, 61, 0]
84_84_216_84_0_49_40_64_0_0_0_0_0_24_0_[0, 0, 24, 64]_[0, 64, 12, 41, 28, 20, 46, 8, 61, 0]
85_85_216_84_0_49_40_64_0_0_0_0_0_24_0_[0, 0, 24, 64]_[0, 64, 12, 41, 28, 20, 46, 8, 61, 0]
86_86_216_84_0_49_40_64_0_0_0_0_0_24_0_[0, 0, 24, 64]_[0, 64, 12, 41, 28, 20, 46, 8, 61, 0]
87_87_216_84_0_49_40_64_0_0_0_0_0_24_0_[0, 0, 24, 64]_[0, 64, 12, 41, 28, 20, 46, 8, 61, 0]
88_88_216_84_0_49_40_64_0_0_0_0_0_24_0_[0, 0, 24, 64]_[0, 64, 12, 41, 28, 20, 46, 8, 61, 0]
89_89_216_84_0_49_40_64_0_0_0_0_0_24_0_[0, 0, 24, 64]_[0, 64, 12, 41, 28, 20, 46, 8, 61, 0]
90_90_216_84_0_49_40_64_0_0_0_0_0_24_0_[0, 0, 24, 64]_[0, 64, 12, 41, 28, 20, 46, 8, 61, 0]
91_91_216_84_0_49_40_64_0_0_0_0_0_24_0_[0, 0, 24, 64]_[0, 64, 12, 41, 28, 20, 46, 8, 61, 0]
92_92_216_84_0_49_40_64_0_0_0_0_0_24_0_[0, 0, 24, 64]_[0, 64, 12, 41, 28, 20, 46, 8, 61, 0]
93_93_216_84_0_49_40_64_0_0_0_0_0_24_0_[0, 0, 24, 64]_[0, 64, 12, 41, 28, 20, 46, 8, 61, 0]
94_94_216_84_0_49_40_64_0_0_0_0_0_24_0_[0, 0, 24, 64]_[0, 64, 12, 41, 28, 20, 46, 8, 61, 0]
95_95_216_84_0_49_40_64_0_0_0_0_0_24_0_[0, 0, 24, 64]_[0, 64, 12, 41, 28, 20, 46, 8, 61, 0]
96_96_216_84_0_49_40_64_0_0_0_0_0_24_0_[0, 0, 24, 64]_[0, 64, 12, 41, 28, 20, 46, 8, 61, 0]
97_97_216_84_0_49_40_64_0_0_0_0_0_24_0_[0, 0, 24, 64]_[0, 64, 12, 41, 28, 20, 46, 8, 61, 0]
98_98_216_84_0_49_40_64_0_0_0_0_0_24_0_[0, 0, 24, 64]_[0, 64, 12, 41, 28, 20, 46, 8, 61, 0]
99_99_216_84_0_49_40_64_0_0_0_0_0_24_0_[0, 0, 24, 64]_[0, 64, 12, 41, 28, 20, 46, 8, 61, 0]
100_100_216_84_0_49_40_64_0_0_0_0_0_24_0_[0, 0, 24, 64]_[0, 64, 12, 41, 28, 20, 46, 8, 61, 0]
101_101_216_84_0_49_40_64_0_0_0_0_0_24_0_[0, 0, 24, 64]_[0, 64, 12, 41, 28, 20, 46, 8, 61, 0]
102_102_216_84_0_49_40_64_0_0_0_0_0_24_0_[0, 0, 24, 64]_[0, 64, 12, 41, 28, 20, 46, 8, 61, 0]
103_103_216_84_0_49_40_64_0_0_0_0_0_24_0_[0, 0, 24, 64]_[0, 64, 12, 41, 28, 20, 46, 8, 61, 0]
104_104_216_84_0_49_40_64_0_0_0_0_0_24_0_[0, 0, 24, 64]_[0, 64, 12, 41, 28, 20, 46, 8, 61, 0]
105_105_216_84_0_49_40_64_0_0_0_0_0_24_0_[0, 0, 24, 64]_[0, 64, 12, 41, 28, 20, 46, 8, 61, 0]
106_106_216_84_0_49_40_64_0_0_0_0_0_24_0_[0, 0, 24, 64]_[0, 64, 12, 41, 28, 20, 46, 8, 61, 0]
107_107_216_84_0_49_40_64_0_0_0_0_0_24_0_[0, 0, 24, 64]_[0, 64, 12, 41, 28, 20, 46, 8, 61, 0]
108_108_216_84_0_49_40_64_0_0_0_0_0_24_0_[0, 0, 24, 64]_[0, 64, 12, 41, 28, 20, 46, 8, 61, 0]
109_109_216_84_0_49_40_64_0_0_0_0_0_24_0_[0, 0, 24, 64]_[0, 64, 12, 41, 28, 20, 46, 8, 61, 0]
110_110_216_84_0_49_40_64_0_0_0_0_0_24_0_[0, 0, 24, 64]_[0, 64, 12, 41, 28, 20, 46, 8, 61, 0]
111_111_216_84_0_49_40_64_0_0_0_0_0_24_0_[0, 0, 24, 64]_[0, 64, 12, 41, 28, 20, 46, 8, 61, 0]
112_112_216_84_0_49_40_64_0_0_0_0_0_24_0_[0, 0, 24, 64]_[0, 64, 12, 41, 28, 20, 46, 8, 61, 0]
113_113_216_84_0_49_40_64_0_0_0_0_0_24_0_[0, 0, 24, 64]_[0, 64, 12, 41, 28, 20, 46, 8, 61, 0]
114_114_216_84_0_49_40_64_0_0_0_0_0_24_0_[0, 0, 24, 64]_[0, 64, 12, 41, 28, 20, 46, 8, 61, 0]
115_115_216_84_0_49_40_64_0_0_0_0_0_24_0_[0, 0, 24, 64]_[0, 64, 12, 41, 28, 20, 46, 8, 61, 0]
116_116_216_84_0_49_40_64_0_0_0_0_0_24_0_[0, 0, 24, 64]_[0, 64, 12, 41, 28, 20, 46, 8, 61, 0]
117_117_216_84_0_49_40_64_0_0_0_0_0_24_0_[0, 0, 24, 64]_[0, 64, 12, 41, 28, 20, 46, 8, 61, 0]
118_118_216_84_0_49_40_64_0_0_0_0_0_24_0_[0, 0, 24, 64]_[0, 64, 12, 41, 28, 20, 46, 8, 61, 0]
119_119_216_84_0_49_40_64_0_0_0_0_0_24_0_[0, 0, 24, 64]_[0, 64, 12, 41, 28, 20, 46, 8, 61, 0]
120_120_216_84_0_49_40_64_0_0_0_0_0_24_0_[0, 0, 24, 64]_[0, 64, 12, 41, 28, 20, 46, 8, 61, 0]
121_121_216_84_0_49_40_64_0_0_0_0_0_24_0_[0, 0, 24, 64]_[0, 64, 12, 41, 28, 20, 46, 8, 61, 0]
122_122_216_84_0_49_40_64_0_0_0_0_0_24_0_[0, 0, 24, 64]_[0, 64, 12, 41, 28, 20, 46, 8, 61, 0]
123_123_216_84_0_49_40_64_0_0_0_0_0_24_0_[0, 0, 24, 64]_[0, 64, 12, 41, 28, 20, 46, 8, 61, 0]
124_124_216_84_0_49_40_64_0_0_0_0_0_24_0_[0, 0, 24, 64]_[0, 64, 12, 41, 28, 20, 46, 8, 61, 0]
125_125_216_84_0_49_40_64_0_0_0_0_0_24_0_[0, 0, 24, 64]_[0, 64, 12, 41, 28, 20, 46, 8, 61, 0]
126_126_216_84_0_49_40_64_0_0_0_0_0_24_0_[0, 0, 24, 64]_[0, 64, 12, 41, 28, 20, 46, 8, 61, 0]
127_127_216_84_0_49_40_64_0_0_0_0_0_24_0_[0, 0, 24, 64]_[0, 64, 12, 41, 28, 20, 46, 8, 61, 0]
