0_0_231_72_0_33_46_64_0_0_0_0_0_24_0_[0, 64, 3, 6, 5, 64, 8, 6, 10, 64, 13, 6, 15, 64, 18, 6, 20, 64, 22, 39]_[0, 64, 11, 34, 22, 17, 34, 8, 53, 0]
1_1_231_72_0_33_46_64_0_0_0_0_0_24_0_[0, 64, 3, 6, 5, 64, 8, 6, 10, 64, 13, 6, 15, 64, 18, 6, 20, 64, 22, 39]_[0, 64, 11, 34, 22, 17, 34, 8, 53, 0]
2_2_231_72_0_33_46_64_0_0_0_0_0_24_0_[0, 64, 3, 6, 5, 64, 8, 6, 10, 64, 13, 6, 15, 64, 18, 6, 20, 64, 22, 39]_[0, 64, 11, 34, 22, 17, 34, 8, 53, 0]
3_3_231_72_0_33_46_64_0_0_0_0_0_24_0_[0, 64, 3, 6, 5, 64, 8, 6, 10, 64, 13, 6, 15, 64, 18, 6, 20, 64, 22, 39]_[0, 64, 11, 34, 22, 17, 34, 8, 53, 0]
4_4_231_72_0_33_46_64_0_0_0_0_0_24_0_[0, 64, 3, 6, 5, 64, 8, 6, 10, 64, 13, 6, 15, 64, 18, 6, 20, 64, 22, 39]_[0, 64, 11, 34, 22, 17, 34, 8, 53, 0]
5_5_231_72_0_33_46_64_0_0_0_0_0_24_0_[0, 64, 3, 6, 5, 64, 8, 6, 10, 64, 13, 6, 15, 64, 18, 6, 20, 64, 22, 39]_[0, 64, 11, 34, 22, 17, 34, 8, 53, 0]
6_6_231_72_0_33_46_64_0_0_0_0_0_24_0_[0, 64, 3, 6, 5, 64, 8, 6, 10, 64, 13, 6, 15, 64, 18, 6, 20, 64, 22, 39]_[0, 64, 11, 34, 22, 17, 34, 8, 53, 0]
7_7_231_72_0_33_46_64_0_0_0_0_0_24_0_[0, 64, 3, 6, 5, 64, 8, 6, 10, 64, 13, 6, 15, 64, 18, 6, 20, 64, 22, 39]_[0, 64, 11, 34, 22, 17, 34, 8, 53, 0]
8_8_231_72_0_33_46_64_0_0_0_0_0_24_0_[0, 64, 3, 6, 5, 64, 8, 6, 10, 64, 13, 6, 15, 64, 18, 6, 20, 64, 22, 39]_[0, 64, 11, 34, 22, 17, 34, 8, 53, 0]
9_9_231_72_0_33_46_64_0_0_0_0_0_24_0_[0, 64, 3, 6, 5, 64, 8, 6, 10, 64, 13, 6, 15, 64, 18, 6, 20, 64, 22, 39]_[0, 64, 11, 34, 22, 17, 34, 8, 53, 0]
10_10_231_72_0_33_46_64_0_0_0_0_0_24_0_[0, 64, 3, 6, 5, 64, 8, 6, 10, 64, 13, 6, 15, 64, 18, 6, 20, 64, 22, 39]_[0, 64, 11, 34, 22, 17, 34, 8, 53, 0]
11_11_231_72_0_33_46_64_0_0_0_0_0_24_0_[0, 64, 3, 6, 5, 64, 8, 6, 10, 64, 13, 6, 15, 64, 18, 6, 20, 64, 22, 39]_[0, 64, 11, 34, 22, 17, 34, 8, 53, 0]
12_12_231_72_0_33_46_64_0_0_0_0_0_24_0_[0, 64, 3, 6, 5, 64, 8, 6, 10, 64, 13, 6, 15, 64, 18, 6, 20, 64, 22, 39]_[0, 64, 11, 34, 22, 17, 34, 8, 53, 0]
13_13_231_72_0_33_46_64_0_0_0_0_0_24_0_[0, 64, 3, 6, 5, 64, 8, 6, 10, 64, 13, 6, 15, 64, 18, 6, 20, 64, 22, 39]_[0, 64, 11, 34, 22, 17, 34, 8, 53, 0]
14_14_231_72_0_33_46_64_0_0_0_0_0_24_0_[0, 64, 3, 6, 5, 64, 8, 6, 10, 64, 13, 6, 15, 64, 18, 6, 20, 64, 22, 39]_[0, 64, 11, 34, 22, 17, 34, 8, 53, 0]
15_15_231_72_0_33_46_64_0_0_0_0_0_24_0_[0, 64, 3, 6, 5, 64, 8, 6, 10, 64, 13, 6, 15, 64, 18, 6, 20, 64, 22, 39]_[0, 64, 11, 34, 22, 17, 34, 8, 53, 0]
16_16_231_72_0_33_46_64_0_0_0_0_0_24_0_[0, 64, 3, 6, 5, 64, 8, 6, 10, 64, 13, 6, 15, 64, 18, 6, 20, 64, 22, 39]_[0, 64, 11, 34, 22, 17, 34, 8, 53, 0]
17_17_231_72_0_33_46_64_0_0_0_0_0_24_0_[0, 64, 3, 6, 5, 64, 8, 6, 10, 64, 13, 6, 15, 64, 18, 6, 20, 64, 22, 39]_[0, 64, 11, 34, 22, 17, 34, 8, 53, 0]
18_18_231_72_0_33_46_64_0_0_0_0_0_24_0_[0, 64, 3, 6, 5, 64, 8, 6, 10, 64, 13, 6, 15, 64, 18, 6, 20, 64, 22, 39]_[0, 64, 11, 34, 22, 17, 34, 8, 53, 0]
19_19_231_72_0_33_46_64_0_0_0_0_0_24_0_[0, 64, 3, 6, 5, 64, 8, 6, 10, 64, 13, 6, 15, 64, 18, 6, 20, 64, 22, 39]_[0, 64, 11, 34, 22, 17, 34, 8, 53, 0]
20_20_231_72_0_33_46_64_0_0_0_0_0_24_0_[0, 64, 3, 6, 5, 64, 8, 6, 10, 64, 13, 6, 15, 64, 18, 6, 20, 64, 22, 39]_[0, 64, 11, 34, 22, 17, 34, 8, 53, 0]
21_21_231_72_0_33_46_64_0_0_0_0_0_24_0_[0, 64, 3, 6, 5, 64, 8, 6, 10, 64, 13, 6, 15, 64, 18, 6, 20, 64, 22, 39]_[0, 64, 11, 34, 22, 17, 34, 8, 53, 0]
22_22_231_72_0_33_46_64_0_0_0_0_0_24_0_[0, 64, 3, 6, 5, 64, 8, 6, 10, 64, 13, 6, 15, 64, 18, 6, 20, 64, 22, 39]_[0, 64, 11, 34, 22, 17, 34, 8, 53, 0]
23_23_231_72_0_33_46_64_0_0_0_0_0_24_0_[0, 64, 3, 6, 5, 64, 8, 6, 10, 64, 13, 6, 15, 64, 18, 6, 20, 64, 22, 39]_[0, 64, 11, 34, 22, 17, 34, 8, 53, 0]
24_24_231_72_0_33_46_64_0_0_0_0_0_24_0_[0, 64, 3, 6, 5, 64, 8, 6, 10, 64, 13, 6, 15, 64, 18, 6, 20, 64, 22, 39]_[0, 64, 11, 34, 22, 17, 34, 8, 53, 0]
25_25_231_72_0_33_46_64_0_0_0_0_0_24_0_[0, 64, 3, 6, 5, 64, 8, 6, 10, 64, 13, 6, 15, 64, 18, 6, 20, 64, 22, 39]_[0, 64, 11, 34, 22, 17, 34, 8, 53, 0]
26_26_231_72_0_33_46_64_0_0_0_0_0_24_0_[0, 64, 3, 6, 5, 64, 8, 6, 10, 64, 13, 6, 15, 64, 18, 6, 20, 64, 22, 39]_[0, 64, 11, 34, 22, 17, 34, 8, 53, 0]
27_27_231_72_0_33_46_64_0_0_0_0_0_24_0_[0, 64, 3, 6, 5, 64, 8, 6, 10, 64, 13, 6, 15, 64, 18, 6, 20, 64, 22, 39]_[0, 64, 11, 34, 22, 17, 34, 8, 53, 0]
28_28_231_72_0_33_46_64_0_0_0_0_0_24_0_[0, 64, 3, 6, 5, 64, 8, 6, 10, 64, 13, 6, 15, 64, 18, 6, 20, 64, 22, 39]_[0, 64, 11, 34, 22, 17, 34, 8, 53, 0]
29_29_231_72_0_33_46_64_0_0_0_0_0_24_0_[0, 64, 3, 6, 5, 64, 8, 6, 10, 64, 13, 6, 15, 64, 18, 6, 20, 64, 22, 39]_[0, 64, 11, 34, 22, 17, 34, 8, 53, 0]
30_30_231_72_0_33_46_64_0_0_0_0_0_24_0_[0, 64, 3, 6, 5, 64, 8, 6, 10, 64, 13, 6, 15, 64, 18, 6, 20, 64, 22, 39]_[0, 64, 11, 34, 22, 17, 34, 8, 53, 0]
31_31_231_72_0_33_46_64_0_0_0_0_0_24_0_[0, 64, 3, 6, 5, 64, 8, 6, 10, 64, 13, 6, 15, 64, 18, 6, 20, 64, 22, 39]_[0, 64, 11, 34, 22, 17, 34, 8, 53, 0]
32_32_231_72_0_33_46_64_0_0_0_0_0_24_0_[0, 64, 3, 6, 5, 64, 8, 6, 10, 64, 13, 6, 15, 64, 18, 6, 20, 64, 22, 39]_[0, 64, 11, 34, 22, 17, 34, 8, 53, 0]
33_33_231_72_0_33_46_64_0_0_0_0_0_24_0_[0, 64, 3, 6, 5, 64, 8, 6, 10, 64, 13, 6, 15, 64, 18, 6, 20, 64, 22, 39]_[0, 64, 11, 34, 22, 17, 34, 8, 53, 0]
34_34_231_72_0_33_46_64_0_0_0_0_0_24_0_[0, 64, 3, 6, 5, 64, 8, 6, 10, 64, 13, 6, 15, 64, 18, 6, 20, 64, 22, 39]_[0, 64, 11, 34, 22, 17, 34, 8, 53, 0]
35_35_231_72_0_33_46_64_0_0_0_0_0_24_0_[0, 64, 3, 6, 5, 64, 8, 6, 10, 64, 13, 6, 15, 64, 18, 6, 20, 64, 22, 39]_[0, 64, 11, 34, 22, 17, 34, 8, 53, 0]
36_36_231_72_0_33_46_64_0_0_0_0_0_24_0_[0, 64, 3, 6, 5, 64, 8, 6, 10, 64, 13, 6, 15, 64, 18, 6, 20, 64, 22, 39]_[0, 64, 11, 34, 22, 17, 34, 8, 53, 0]
37_37_231_72_0_33_46_64_0_0_0_0_0_24_0_[0, 64, 3, 6, 5, 64, 8, 6, 10, 64, 13, 6, 15, 64, 18, 6, 20, 64, 22, 39]_[0, 64, 11, 34, 22, 17, 34, 8, 53, 0]
38_38_231_72_0_33_46_64_0_0_0_0_0_24_0_[0, 64, 3, 6, 5, 64, 8, 6, 10, 64, 13, 6, 15, 64, 18, 6, 20, 64, 22, 39]_[0, 64, 11, 34, 22, 17, 34, 8, 53, 0]
39_39_231_72_0_33_46_64_0_0_0_0_0_24_0_[0, 64, 3, 6, 5, 64, 8, 6, 10, 64, 13, 6, 15, 64, 18, 6, 20, 64, 22, 39]_[0, 64, 11, 34, 22, 17, 34, 8, 53, 0]
40_40_231_72_0_33_46_64_0_0_0_0_0_24_0_[0, 64, 3, 6, 5, 64, 8, 6, 10, 64, 13, 6, 15, 64, 18, 6, 20, 64, 22, 39]_[0, 64, 11, 34, 22, 17, 34, 8, 53, 0]
41_41_231_72_0_33_46_64_0_0_0_0_0_24_0_[0, 64, 3, 6, 5, 64, 8, 6, 10, 64, 13, 6, 15, 64, 18, 6, 20, 64, 22, 39]_[0, 64, 11, 34, 22, 17, 34, 8, 53, 0]
42_42_231_72_0_33_46_64_0_0_0_0_0_24_0_[0, 64, 3, 6, 5, 64, 8, 6, 10, 64, 13, 6, 15, 64, 18, 6, 20, 64, 22, 39]_[0, 64, 11, 34, 22, 17, 34, 8, 53, 0]
43_43_231_72_0_33_46_64_0_0_0_0_0_24_0_[0, 64, 3, 6, 5, 64, 8, 6, 10, 64, 13, 6, 15, 64, 18, 6, 20, 64, 22, 39]_[0, 64, 11, 34, 22, 17, 34, 8, 53, 0]
44_44_231_72_0_33_46_64_0_0_0_0_0_24_0_[0, 64, 3, 6, 5, 64, 8, 6, 10, 64, 13, 6, 15, 64, 18, 6, 20, 64, 22, 39]_[0, 64, 11, 34, 22, 17, 34, 8, 53, 0]
45_45_231_72_0_33_46_64_0_0_0_0_0_24_0_[0, 64, 3, 6, 5, 64, 8, 6, 10, 64, 13, 6, 15, 64, 18, 6, 20, 64, 22, 39]_[0, 64, 11, 34, 22, 17, 34, 8, 53, 0]
46_46_231_72_0_33_46_64_0_0_0_0_0_24_0_[0, 64, 3, 6, 5, 64, 8, 6, 10, 64, 13, 6, 15, 64, 18, 6, 20, 64, 22, 39]_[0, 64, 11, 34, 22, 17, 34, 8, 53, 0]
47_47_231_72_0_33_46_64_0_0_0_0_0_24_0_[0, 64, 3, 6, 5, 64, 8, 6, 10, 64, 13, 6, 15, 64, 18, 6, 20, 64, 22, 39]_[0, 64, 11, 34, 22, 17, 34, 8, 53, 0]
48_48_231_72_0_33_46_64_0_0_0_0_0_24_0_[0, 64, 3, 6, 5, 64, 8, 6, 10, 64, 13, 6, 15, 64, 18, 6, 20, 64, 22, 39]_[0, 64, 11, 34, 22, 17, 34, 8, 53, 0]
49_49_231_72_0_33_46_64_0_0_0_0_0_24_0_[0, 64, 3, 6, 5, 64, 8, 6, 10, 64, 13, 6, 15, 64, 18, 6, 20, 64, 22, 39]_[0, 64, 11, 34, 22, 17, 34, 8, 53, 0]
50_50_231_72_0_33_46_64_0_0_0_0_0_24_0_[0, 64, 3, 6, 5, 64, 8, 6, 10, 64, 13, 6, 15, 64, 18, 6, 20, 64, 22, 39]_[0, 64, 11, 34, 22, 17, 34, 8, 53, 0]
51_51_231_72_0_33_46_64_0_0_0_0_0_24_0_[0, 64, 3, 6, 5, 64, 8, 6, 10, 64, 13, 6, 15, 64, 18, 6, 20, 64, 22, 39]_[0, 64, 11, 34, 22, 17, 34, 8, 53, 0]
52_52_231_72_0_33_46_64_0_0_0_0_0_24_0_[0, 64, 3, 6, 5, 64, 8, 6, 10, 64, 13, 6, 15, 64, 18, 6, 20, 64, 22, 39]_[0, 64, 11, 34, 22, 17, 34, 8, 53, 0]
53_53_231_72_0_33_46_64_0_0_0_0_0_24_0_[0, 64, 3, 6, 5, 64, 8, 6, 10, 64, 13, 6, 15, 64, 18, 6, 20, 64, 22, 39]_[0, 64, 11, 34, 22, 17, 34, 8, 53, 0]
54_54_231_72_0_33_46_64_0_0_0_0_0_24_0_[0, 64, 3, 6, 5, 64, 8, 6, 10, 64, 13, 6, 15, 64, 18, 6, 20, 64, 22, 39]_[0, 64, 11, 34, 22, 17, 34, 8, 53, 0]
55_55_231_72_0_33_46_64_0_0_0_0_0_24_0_[0, 64, 3, 6, 5, 64, 8, 6, 10, 64, 13, 6, 15, 64, 18, 6, 20, 64, 22, 39]_[0, 64, 11, 34, 22, 17, 34, 8, 53, 0]
56_56_231_72_0_33_46_64_0_0_0_0_0_24_0_[0, 64, 3, 6, 5, 64, 8, 6, 10, 64, 13, 6, 15, 64, 18, 6, 20, 64, 22, 39]_[0, 64, 11, 34, 22, 17, 34, 8, 53, 0]
57_57_231_72_0_33_46_64_0_0_0_0_0_24_0_[0, 64, 3, 6, 5, 64, 8, 6, 10, 64, 13, 6, 15, 64, 18, 6, 20, 64, 22, 39]_[0, 64, 11, 34, 22, 17, 34, 8, 53, 0]
58_58_231_72_0_33_46_64_0_0_0_0_0_24_0_[0, 64, 3, 6, 5, 64, 8, 6, 10, 64, 13, 6, 15, 64, 18, 6, 20, 64, 22, 39]_[0, 64, 11, 34, 22, 17, 34, 8, 53, 0]
59_59_231_72_0_33_46_64_0_0_0_0_0_24_0_[0, 64, 3, 6, 5, 64, 8, 6, 10, 64, 13, 6, 15, 64, 18, 6, 20, 64, 22, 39]_[0, 64, 11, 34, 22, 17, 34, 8, 53, 0]
60_60_231_72_0_33_46_64_0_0_0_0_0_24_0_[0, 64, 3, 6, 5, 64, 8, 6, 10, 64, 13, 6, 15, 64, 18, 6, 20, 64, 22, 39]_[0, 64, 11, 34, 22, 17, 34, 8, 53, 0]
61_61_231_72_0_33_46_64_0_0_0_0_0_24_0_[0, 64, 3, 6, 5, 64, 8, 6, 10, 64, 13, 6, 15, 64, 18, 6, 20, 64, 22, 39]_[0, 64, 11, 34, 22, 17, 34, 8, 53, 0]
62_62_231_72_0_33_46_64_0_0_0_0_0_24_0_[0, 64, 3, 6, 5, 64, 8, 6, 10, 64, 13, 6, 15, 64, 18, 6, 20, 64, 22, 39]_[0, 64, 11, 34, 22, 17, 34, 8, 53, 0]
63_63_231_72_0_33_46_64_0_0_0_0_0_24_0_[0, 64, 3, 6, 5, 64, 8, 6, 10, 64, 13, 6, 15, 64, 18, 6, 20, 64, 22, 39]_[0, 64, 11, 34, 22, 17, 34, 8, 53, 0]
64_64_231_72_0_33_46_64_0_0_0_0_0_24_0_[0, 64, 3, 6, 5, 64, 8, 6, 10, 64, 13, 6, 15, 64, 18, 6, 20, 64, 22, 39]_[0, 64, 11, 34, 22, 17, 34, 8, 53, 0]
65_65_231_72_0_33_46_64_0_0_0_0_0_24_0_[0, 64, 3, 6, 5, 64, 8, 6, 10, 64, 13, 6, 15, 64, 18, 6, 20, 64, 22, 39]_[0, 64, 11, 34, 22, 17, 34, 8, 53, 0]
66_66_231_72_0_33_46_64_0_0_0_0_0_24_0_[0, 64, 3, 6, 5, 64, 8, 6, 10, 64, 13, 6, 15, 64, 18, 6, 20, 64, 22, 39]_[0, 64, 11, 34, 22, 17, 34, 8, 53, 0]
67_67_231_72_0_33_46_64_0_0_0_0_0_24_0_[0, 64, 3, 6, 5, 64, 8, 6, 10, 64, 13, 6, 15, 64, 18, 6, 20, 64, 22, 39]_[0, 64, 11, 34, 22, 17, 34, 8, 53, 0]
68_68_231_72_0_33_46_64_0_0_0_0_0_24_0_[0, 64, 3, 6, 5, 64, 8, 6, 10, 64, 13, 6, 15, 64, 18, 6, 20, 64, 22, 39]_[0, 64, 11, 34, 22, 17, 34, 8, 53, 0]
69_69_231_72_0_33_46_64_0_0_0_0_0_24_0_[0, 64, 3, 6, 5, 64, 8, 6, 10, 64, 13, 6, 15, 64, 18, 6, 20, 64, 22, 39]_[0, 64, 11, 34, 22, 17, 34, 8, 53, 0]
70_70_231_72_0_33_46_64_0_0_0_0_0_24_0_[0, 64, 3, 6, 5, 64, 8, 6, 10, 64, 13, 6, 15, 64, 18, 6, 20, 64, 22, 39]_[0, 64, 11, 34, 22, 17, 34, 8, 53, 0]
71_71_231_72_0_33_46_64_0_0_0_0_0_24_0_[0, 64, 3, 6, 5, 64, 8, 6, 10, 64, 13, 6, 15, 64, 18, 6, 20, 64, 22, 39]_[0, 64, 11, 34, 22, 17, 34, 8, 53, 0]
72_72_231_72_0_33_46_64_0_0_0_0_0_24_0_[0, 64, 3, 6, 5, 64, 8, 6, 10, 64, 13, 6, 15, 64, 18, 6, 20, 64, 22, 39]_[0, 64, 11, 34, 22, 17, 34, 8, 53, 0]
73_73_231_72_0_33_46_64_0_0_0_0_0_24_0_[0, 64, 3, 6, 5, 64, 8, 6, 10, 64, 13, 6, 15, 64, 18, 6, 20, 64, 22, 39]_[0, 64, 11, 34, 22, 17, 34, 8, 53, 0]
74_74_231_72_0_33_46_64_0_0_0_0_0_24_0_[0, 64, 3, 6, 5, 64, 8, 6, 10, 64, 13, 6, 15, 64, 18, 6, 20, 64, 22, 39]_[0, 64, 11, 34, 22, 17, 34, 8, 53, 0]
75_75_231_72_0_33_46_64_0_0_0_0_0_24_0_[0, 64, 3, 6, 5, 64, 8, 6, 10, 64, 13, 6, 15, 64, 18, 6, 20, 64, 22, 39]_[0, 64, 11, 34, 22, 17, 34, 8, 53, 0]
76_76_231_72_0_33_46_64_0_0_0_0_0_24_0_[0, 64, 3, 6, 5, 64, 8, 6, 10, 64, 13, 6, 15, 64, 18, 6, 20, 64, 22, 39]_[0, 64, 11, 34, 22, 17, 34, 8, 53, 0]
77_77_231_72_0_33_46_64_0_0_0_0_0_24_0_[0, 64, 3, 6, 5, 64, 8, 6, 10, 64, 13, 6, 15, 64, 18, 6, 20, 64, 22, 39]_[0, 64, 11, 34, 22, 17, 34, 8, 53, 0]
78_78_231_72_0_33_46_64_0_0_0_0_0_24_0_[0, 64, 3, 6, 5, 64, 8, 6, 10, 64, 13, 6, 15, 64, 18, 6, 20, 64, 22, 39]_[0, 64, 11, 34, 22, 17, 34, 8, 53, 0]
79_79_231_72_0_33_46_64_0_0_0_0_0_24_0_[0, 64, 3, 6, 5, 64, 8, 6, 10, 64, 13, 6, 15, 64, 18, 6, 20, 64, 22, 39]_[0, 64, 11, 34, 22, 17, 34, 8, 53, 0]
80_80_231_72_0_33_46_64_0_0_0_0_0_24_0_[0, 64, 3, 6, 5, 64, 8, 6, 10, 64, 13, 6, 15, 64, 18, 6, 20, 64, 22, 39]_[0, 64, 11, 34, 22, 17, 34, 8, 53, 0]
81_81_231_72_0_33_46_64_0_0_0_0_0_24_0_[0, 64, 3, 6, 5, 64, 8, 6, 10, 64, 13, 6, 15, 64, 18, 6, 20, 64, 22, 39]_[0, 64, 11, 34, 22, 17, 34, 8, 53, 0]
82_82_231_72_0_33_46_64_0_0_0_0_0_24_0_[0, 64, 3, 6, 5, 64, 8, 6, 10, 64, 13, 6, 15, 64, 18, 6, 20, 64, 22, 39]_[0, 64, 11, 34, 22, 17, 34, 8, 53, 0]
83_83_231_72_0_33_46_64_0_0_0_0_0_24_0_[0, 64, 3, 6, 5, 64, 8, 6, 10, 64, 13, 6, 15, 64, 18, 6, 20, 64, 22, 39]_[0, 64, 11, 34, 22, 17, 34, 8, 53, 0]
84_84_231_72_0_33_46_64_0_0_0_0_0_24_0_[0, 64, 3, 6, 5, 64, 8, 6, 10, 64, 13, 6, 15, 64, 18, 6, 20, 64, 22, 39]_[0, 64, 11, 34, 22, 17, 34, 8, 53, 0]
85_85_231_72_0_33_46_64_0_0_0_0_0_24_0_[0, 64, 3, 6, 5, 64, 8, 6, 10, 64, 13, 6, 15, 64, 18, 6, 20, 64, 22, 39]_[0, 64, 11, 34, 22, 17, 34, 8, 53, 0]
86_86_231_72_0_33_46_64_0_0_0_0_0_24_0_[0, 64, 3, 6, 5, 64, 8, 6, 10, 64, 13, 6, 15, 64, 18, 6, 20, 64, 22, 39]_[0, 64, 11, 34, 22, 17, 34, 8, 53, 0]
87_87_231_72_0_33_46_64_0_0_0_0_0_24_0_[0, 64, 3, 6, 5, 64, 8, 6, 10, 64, 13, 6, 15, 64, 18, 6, 20, 64, 22, 39]_[0, 64, 11, 34, 22, 17, 34, 8, 53, 0]
88_88_231_72_0_33_46_64_0_0_0_0_0_24_0_[0, 64, 3, 6, 5, 64, 8, 6, 10, 64, 13, 6, 15, 64, 18, 6, 20, 64, 22, 39]_[0, 64, 11, 34, 22, 17, 34, 8, 53, 0]
89_89_231_72_0_33_46_64_0_0_0_0_0_24_0_[0, 64, 3, 6, 5, 64, 8, 6, 10, 64, 13, 6, 15, 64, 18, 6, 20, 64, 22, 39]_[0, 64, 11, 34, 22, 17, 34, 8, 53, 0]
90_90_231_72_0_33_46_64_0_0_0_0_0_24_0_[0, 64, 3, 6, 5, 64, 8, 6, 10, 64, 13, 6, 15, 64, 18, 6, 20, 64, 22, 39]_[0, 64, 11, 34, 22, 17, 34, 8, 53, 0]
91_91_231_72_0_33_46_64_0_0_0_0_0_24_0_[0, 64, 3, 6, 5, 64, 8, 6, 10, 64, 13, 6, 15, 64, 18, 6, 20, 64, 22, 39]_[0, 64, 11, 34, 22, 17, 34, 8, 53, 0]
92_92_231_72_0_33_46_64_0_0_0_0_0_24_0_[0, 64, 3, 6, 5, 64, 8, 6, 10, 64, 13, 6, 15, 64, 18, 6, 20, 64, 22, 39]_[0, 64, 11, 34, 22, 17, 34, 8, 53, 0]
93_93_231_72_0_33_46_64_0_0_0_0_0_24_0_[0, 64, 3, 6, 5, 64, 8, 6, 10, 64, 13, 6, 15, 64, 18, 6, 20, 64, 22, 39]_[0, 64, 11, 34, 22, 17, 34, 8, 53, 0]
94_94_231_72_0_33_46_64_0_0_0_0_0_24_0_[0, 64, 3, 6, 5, 64, 8, 6, 10, 64, 13, 6, 15, 64, 18, 6, 20, 64, 22, 39]_[0, 64, 11, 34, 22, 17, 34, 8, 53, 0]
95_95_231_72_0_33_46_64_0_0_0_0_0_24_0_[0, 64, 3, 6, 5, 64, 8, 6, 10, 64, 13, 6, 15, 64, 18, 6, 20, 64, 22, 39]_[0, 64, 11, 34, 22, 17, 34, 8, 53, 0]
96_96_231_72_0_33_46_64_0_0_0_0_0_24_0_[0, 64, 3, 6, 5, 64, 8, 6, 10, 64, 13, 6, 15, 64, 18, 6, 20, 64, 22, 39]_[0, 64, 11, 34, 22, 17, 34, 8, 53, 0]
97_97_231_72_0_33_46_64_0_0_0_0_0_24_0_[0, 64, 3, 6, 5, 64, 8, 6, 10, 64, 13, 6, 15, 64, 18, 6, 20, 64, 22, 39]_[0, 64, 11, 34, 22, 17, 34, 8, 53, 0]
98_98_231_72_0_33_46_64_0_0_0_0_0_24_0_[0, 64, 3, 6, 5, 64, 8, 6, 10, 64, 13, 6, 15, 64, 18, 6, 20, 64, 22, 39]_[0, 64, 11, 34, 22, 17, 34, 8, 53, 0]
99_99_231_72_0_33_46_64_0_0_0_0_0_24_0_[0, 64, 3, 6, 5, 64, 8, 6, 10, 64, 13, 6, 15, 64, 18, 6, 20, 64, 22, 39]_[0, 64, 11, 34, 22, 17, 34, 8, 53, 0]
100_100_231_72_0_33_46_64_0_0_0_0_0_24_0_[0, 64, 3, 6, 5, 64, 8, 6, 10, 64, 13, 6, 15, 64, 18, 6, 20, 64, 22, 39]_[0, 64, 11, 34, 22, 17, 34, 8, 53, 0]
101_101_231_72_0_33_46_64_0_0_0_0_0_24_0_[0, 64, 3, 6, 5, 64, 8, 6, 10, 64, 13, 6, 15, 64, 18, 6, 20, 64, 22, 39]_[0, 64, 11, 34, 22, 17, 34, 8, 53, 0]
102_102_231_72_0_33_46_64_0_0_0_0_0_24_0_[0, 64, 3, 6, 5, 64, 8, 6, 10, 64, 13, 6, 15, 64, 18, 6, 20, 64, 22, 39]_[0, 64, 11, 34, 22, 17, 34, 8, 53, 0]
103_103_231_72_0_33_46_64_0_0_0_0_0_24_0_[0, 64, 3, 6, 5, 64, 8, 6, 10, 64, 13, 6, 15, 64, 18, 6, 20, 64, 22, 39]_[0, 64, 11, 34, 22, 17, 34, 8, 53, 0]
104_104_231_72_0_33_46_64_0_0_0_0_0_24_0_[0, 64, 3, 6, 5, 64, 8, 6, 10, 64, 13, 6, 15, 64, 18, 6, 20, 64, 22, 39]_[0, 64, 11, 34, 22, 17, 34, 8, 53, 0]
105_105_231_72_0_33_46_64_0_0_0_0_0_24_0_[0, 64, 3, 6, 5, 64, 8, 6, 10, 64, 13, 6, 15, 64, 18, 6, 20, 64, 22, 39]_[0, 64, 11, 34, 22, 17, 34, 8, 53, 0]
106_106_231_72_0_33_46_64_0_0_0_0_0_24_0_[0, 64, 3, 6, 5, 64, 8, 6, 10, 64, 13, 6, 15, 64, 18, 6, 20, 64, 22, 39]_[0, 64, 11, 34, 22, 17, 34, 8, 53, 0]
107_107_231_72_0_33_46_64_0_0_0_0_0_24_0_[0, 64, 3, 6, 5, 64, 8, 6, 10, 64, 13, 6, 15, 64, 18, 6, 20, 64, 22, 39]_[0, 64, 11, 34, 22, 17, 34, 8, 53, 0]
108_108_231_72_0_33_46_64_0_0_0_0_0_24_0_[0, 64, 3, 6, 5, 64, 8, 6, 10, 64, 13, 6, 15, 64, 18, 6, 20, 64, 22, 39]_[0, 64, 11, 34, 22, 17, 34, 8, 53, 0]
109_109_231_72_0_33_46_64_0_0_0_0_0_24_0_[0, 64, 3, 6, 5, 64, 8, 6, 10, 64, 13, 6, 15, 64, 18, 6, 20, 64, 22, 39]_[0, 64, 11, 34, 22, 17, 34, 8, 53, 0]
110_110_231_72_0_33_46_64_0_0_0_0_0_24_0_[0, 64, 3, 6, 5, 64, 8, 6, 10, 64, 13, 6, 15, 64, 18, 6, 20, 64, 22, 39]_[0, 64, 11, 34, 22, 17, 34, 8, 53, 0]
111_111_231_72_0_33_46_64_0_0_0_0_0_24_0_[0, 64, 3, 6, 5, 64, 8, 6, 10, 64, 13, 6, 15, 64, 18, 6, 20, 64, 22, 39]_[0, 64, 11, 34, 22, 17, 34, 8, 53, 0]
112_112_231_72_0_33_46_64_0_0_0_0_0_24_0_[0, 64, 3, 6, 5, 64, 8, 6, 10, 64, 13, 6, 15, 64, 18, 6, 20, 64, 22, 39]_[0, 64, 11, 34, 22, 17, 34, 8, 53, 0]
113_113_231_72_0_33_46_64_0_0_0_0_0_24_0_[0, 64, 3, 6, 5, 64, 8, 6, 10, 64, 13, 6, 15, 64, 18, 6, 20, 64, 22, 39]_[0, 64, 11, 34, 22, 17, 34, 8, 53, 0]
114_114_231_72_0_33_46_64_0_0_0_0_0_24_0_[0, 64, 3, 6, 5, 64, 8, 6, 10, 64, 13, 6, 15, 64, 18, 6, 20, 64, 22, 39]_[0, 64, 11, 34, 22, 17, 34, 8, 53, 0]
115_115_231_72_0_33_46_64_0_0_0_0_0_24_0_[0, 64, 3, 6, 5, 64, 8, 6, 10, 64, 13, 6, 15, 64, 18, 6, 20, 64, 22, 39]_[0, 64, 11, 34, 22, 17, 34, 8, 53, 0]
116_116_231_72_0_33_46_64_0_0_0_0_0_24_0_[0, 64, 3, 6, 5, 64, 8, 6, 10, 64, 13, 6, 15, 64, 18, 6, 20, 64, 22, 39]_[0, 64, 11, 34, 22, 17, 34, 8, 53, 0]
117_117_231_72_0_33_46_64_0_0_0_0_0_24_0_[0, 64, 3, 6, 5, 64, 8, 6, 10, 64, 13, 6, 15, 64, 18, 6, 20, 64, 22, 39]_[0, 64, 11, 34, 22, 17, 34, 8, 53, 0]
118_118_231_72_0_33_46_64_0_0_0_0_0_24_0_[0, 64, 3, 6, 5, 64, 8, 6, 10, 64, 13, 6, 15, 64, 18, 6, 20, 64, 22, 39]_[0, 64, 11, 34, 22, 17, 34, 8, 53, 0]
119_119_231_72_0_33_46_64_0_0_0_0_0_24_0_[0, 64, 3, 6, 5, 64, 8, 6, 10, 64, 13, 6, 15, 64, 18, 6, 20, 64, 22, 39]_[0, 64, 11, 34, 22, 17, 34, 8, 53, 0]
120_120_231_72_0_33_46_64_0_0_0_0_0_24_0_[0, 64, 3, 6, 5, 64, 8, 6, 10, 64, 13, 6, 15, 64, 18, 6, 20, 64, 22, 39]_[0, 64, 11, 34, 22, 17, 34, 8, 53, 0]
121_121_231_72_0_33_46_64_0_0_0_0_0_24_0_[0, 64, 3, 6, 5, 64, 8, 6, 10, 64, 13, 6, 15, 64, 18, 6, 20, 64, 22, 39]_[0, 64, 11, 34, 22, 17, 34, 8, 53, 0]
122_122_231_72_0_33_46_64_0_0_0_0_0_24_0_[0, 64, 3, 6, 5, 64, 8, 6, 10, 64, 13, 6, 15, 64, 18, 6, 20, 64, 22, 39]_[0, 64, 11, 34, 22, 17, 34, 8, 53, 0]
123_123_231_72_0_33_46_64_0_0_0_0_0_24_0_[0, 64, 3, 6, 5, 64, 8, 6, 10, 64, 13, 6, 15, 64, 18, 6, 20, 64, 22, 39]_[0, 64, 11, 34, 22, 17, 34, 8, 53, 0]
124_124_231_72_0_33_46_64_0_0_0_0_0_24_0_[0, 64, 3, 6, 5, 64, 8, 6, 10, 64, 13, 6, 15, 64, 18, 6, 20, 64, 22, 39]_[0, 64, 11, 34, 22, 17, 34, 8, 53, 0]
125_125_231_72_0_33_46_64_0_0_0_0_0_24_0_[0, 64, 3, 6, 5, 64, 8, 6, 10, 64, 13, 6, 15, 64, 18, 6, 20, 64, 22, 39]_[0, 64, 11, 34, 22, 17, 34, 8, 53, 0]
126_126_231_72_0_33_46_64_0_0_0_0_0_24_0_[0, 64, 3, 6, 5, 64, 8, 6, 10, 64, 13, 6, 15, 64, 18, 6, 20, 64, 22, 39]_[0, 64, 11, 34, 22, 17, 34, 8, 53, 0]
127_127_231_72_0_33_46_64_0_0_0_0_0_24_0_[0, 64, 3, 6, 5, 64, 8, 6, 10, 64, 13, 6, 15, 64, 18, 6, 20, 64, 22, 39]_[0, 64, 11, 34, 22, 17, 34, 8, 53, 0]
