0_0_237_72_0_34_32_64_0_0_0_0_0_24_0_null_[0, 64, 100, 0]
1_1_237_72_0_34_32_64_0_0_0_0_0_24_0_null_[0, 64, 100, 0]
2_2_237_72_0_34_32_64_0_0_0_0_0_24_0_null_[0, 64, 100, 0]
3_3_237_72_0_34_32_64_0_0_0_0_0_24_0_null_[0, 64, 100, 0]
4_4_237_72_0_34_32_64_0_0_0_0_0_24_0_null_[0, 64, 100, 0]
5_5_237_72_0_34_32_64_0_0_0_0_0_24_0_null_[0, 64, 100, 0]
6_6_237_72_0_34_32_64_0_0_0_0_0_24_0_null_[0, 64, 100, 0]
7_7_237_72_0_34_32_64_0_0_0_0_0_24_0_null_[0, 64, 100, 0]
8_8_237_72_0_34_32_64_0_0_0_0_0_24_0_null_[0, 64, 100, 0]
9_9_237_72_0_34_32_64_0_0_0_0_0_24_0_null_[0, 64, 100, 0]
10_10_237_72_0_34_32_64_0_0_0_0_0_24_0_null_[0, 64, 100, 0]
11_11_237_72_0_34_32_64_0_0_0_0_0_24_0_null_[0, 64, 100, 0]
12_12_237_72_0_34_32_64_0_0_0_0_0_24_0_null_[0, 64, 100, 0]
13_13_237_72_0_34_32_64_0_0_0_0_0_24_0_null_[0, 64, 100, 0]
14_14_237_72_0_34_32_64_0_0_0_0_0_24_0_null_[0, 64, 100, 0]
15_15_237_72_0_34_32_64_0_0_0_0_0_24_0_null_[0, 64, 100, 0]
16_16_237_72_0_34_32_64_0_0_0_0_0_24_0_null_[0, 64, 100, 0]
17_17_237_72_0_34_32_64_0_0_0_0_0_24_0_null_[0, 64, 100, 0]
18_18_237_72_0_34_32_64_0_0_0_0_0_24_0_null_[0, 64, 100, 0]
19_19_237_72_0_34_32_64_0_0_0_0_0_24_0_null_[0, 64, 100, 0]
20_20_237_72_0_34_32_64_0_0_0_0_0_24_0_null_[0, 64, 100, 0]
21_21_237_72_0_34_32_64_0_0_0_0_0_24_0_null_[0, 64, 100, 0]
22_22_237_72_0_34_32_64_0_0_0_0_0_24_0_null_[0, 64, 100, 0]
23_23_237_72_0_34_32_64_0_0_0_0_0_24_0_null_[0, 64, 100, 0]
24_24_237_72_0_34_32_64_0_0_0_0_0_24_0_null_[0, 64, 100, 0]
25_25_237_72_0_34_32_64_0_0_0_0_0_24_0_null_[0, 64, 100, 0]
26_26_237_72_0_34_32_64_0_0_0_0_0_24_0_null_[0, 64, 100, 0]
27_27_237_72_0_34_32_64_0_0_0_0_0_24_0_null_[0, 64, 100, 0]
28_28_237_72_0_34_32_64_0_0_0_0_0_24_0_null_[0, 64, 100, 0]
29_29_237_72_0_34_32_64_0_0_0_0_0_24_0_null_[0, 64, 100, 0]
30_30_237_72_0_34_32_64_0_0_0_0_0_24_0_null_[0, 64, 100, 0]
31_31_237_72_0_34_32_64_0_0_0_0_0_24_0_null_[0, 64, 100, 0]
32_32_237_72_0_34_32_64_0_0_0_0_0_24_0_null_[0, 64, 100, 0]
33_33_237_72_0_34_32_64_0_0_0_0_0_24_0_null_[0, 64, 100, 0]
34_34_237_72_0_34_32_64_0_0_0_0_0_24_0_null_[0, 64, 100, 0]
35_35_237_72_0_34_32_64_0_0_0_0_0_24_0_null_[0, 64, 100, 0]
36_36_237_72_0_34_32_64_0_0_0_0_0_24_0_null_[0, 64, 100, 0]
37_37_237_72_0_34_32_64_0_0_0_0_0_24_0_null_[0, 64, 100, 0]
38_38_237_72_0_34_32_64_0_0_0_0_0_24_0_null_[0, 64, 100, 0]
39_39_237_72_0_34_32_64_0_0_0_0_0_24_0_null_[0, 64, 100, 0]
40_40_237_72_0_34_32_64_0_0_0_0_0_24_0_null_[0, 64, 100, 0]
41_41_237_72_0_34_32_64_0_0_0_0_0_24_0_null_[0, 64, 100, 0]
42_42_237_72_0_34_32_64_0_0_0_0_0_24_0_null_[0, 64, 100, 0]
43_43_237_72_0_34_32_64_0_0_0_0_0_24_0_null_[0, 64, 100, 0]
44_44_237_72_0_34_32_64_0_0_0_0_0_24_0_null_[0, 64, 100, 0]
45_45_237_72_0_34_32_64_0_0_0_0_0_24_0_null_[0, 64, 100, 0]
46_46_237_72_0_34_32_64_0_0_0_0_0_24_0_null_[0, 64, 100, 0]
47_47_237_72_0_34_32_64_0_0_0_0_0_24_0_null_[0, 64, 100, 0]
48_48_237_72_0_34_32_64_0_0_0_0_0_24_0_null_[0, 64, 100, 0]
49_49_237_72_0_34_32_64_0_0_0_0_0_24_0_null_[0, 64, 100, 0]
50_50_237_72_0_34_32_64_0_0_0_0_0_24_0_null_[0, 64, 100, 0]
51_51_237_72_0_34_32_64_0_0_0_0_0_24_0_null_[0, 64, 100, 0]
52_52_237_72_0_34_32_64_0_0_0_0_0_24_0_null_[0, 64, 100, 0]
53_53_237_72_0_34_32_64_0_0_0_0_0_24_0_null_[0, 64, 100, 0]
54_54_237_72_0_34_32_64_0_0_0_0_0_24_0_null_[0, 64, 100, 0]
55_55_237_72_0_34_32_64_0_0_0_0_0_24_0_null_[0, 64, 100, 0]
56_56_237_72_0_34_32_64_0_0_0_0_0_24_0_null_[0, 64, 100, 0]
57_57_237_72_0_34_32_64_0_0_0_0_0_24_0_null_[0, 64, 100, 0]
58_58_237_72_0_34_32_64_0_0_0_0_0_24_0_null_[0, 64, 100, 0]
59_59_237_72_0_34_32_64_0_0_0_0_0_24_0_null_[0, 64, 100, 0]
60_60_237_72_0_34_32_64_0_0_0_0_0_24_0_null_[0, 64, 100, 0]
61_61_237_72_0_34_32_64_0_0_0_0_0_24_0_null_[0, 64, 100, 0]
62_62_237_72_0_34_32_64_0_0_0_0_0_24_0_null_[0, 64, 100, 0]
63_63_237_72_0_34_32_64_0_0_0_0_0_24_0_null_[0, 64, 100, 0]
64_64_237_72_0_34_32_64_0_0_0_0_0_24_0_null_[0, 64, 100, 0]
65_65_237_72_0_34_32_64_0_0_0_0_0_24_0_null_[0, 64, 100, 0]
66_66_237_72_0_34_32_64_0_0_0_0_0_24_0_null_[0, 64, 100, 0]
67_67_237_72_0_34_32_64_0_0_0_0_0_24_0_null_[0, 64, 100, 0]
68_68_237_72_0_34_32_64_0_0_0_0_0_24_0_null_[0, 64, 100, 0]
69_69_237_72_0_34_32_64_0_0_0_0_0_24_0_null_[0, 64, 100, 0]
70_70_237_72_0_34_32_64_0_0_0_0_0_24_0_null_[0, 64, 100, 0]
71_71_237_72_0_34_32_64_0_0_0_0_0_24_0_null_[0, 64, 100, 0]
72_72_237_72_0_34_32_64_0_0_0_0_0_24_0_null_[0, 64, 100, 0]
73_73_237_72_0_34_32_64_0_0_0_0_0_24_0_null_[0, 64, 100, 0]
74_74_237_72_0_34_32_64_0_0_0_0_0_24_0_null_[0, 64, 100, 0]
75_75_237_72_0_34_32_64_0_0_0_0_0_24_0_null_[0, 64, 100, 0]
76_76_238_84_0_34_32_64_0_0_0_0_0_24_0_null_[0, 64, 100, 0]
77_77_238_84_0_34_32_64_0_0_0_0_0_24_0_null_[0, 64, 100, 0]
78_78_238_84_0_34_32_64_0_0_0_0_0_24_0_null_[0, 64, 100, 0]
79_79_238_84_0_34_32_64_0_0_0_0_0_24_0_null_[0, 64, 100, 0]
80_80_238_84_0_34_32_64_0_0_0_0_0_24_0_null_[0, 64, 100, 0]
81_81_238_84_0_34_32_64_0_0_0_0_0_24_0_null_[0, 64, 100, 0]
82_82_238_84_0_34_32_64_0_0_0_0_0_24_0_null_[0, 64, 100, 0]
83_83_238_84_0_34_32_64_0_0_0_0_0_24_0_null_[0, 64, 100, 0]
84_84_238_84_0_34_32_64_0_0_0_0_0_24_0_null_[0, 64, 100, 0]
85_85_238_84_0_34_32_64_0_0_0_0_0_24_0_null_[0, 64, 100, 0]
86_86_238_84_0_34_32_64_0_0_0_0_0_24_0_null_[0, 64, 100, 0]
87_87_238_84_0_34_32_64_0_0_0_0_0_24_0_null_[0, 64, 100, 0]
88_88_238_84_0_34_32_64_0_0_0_0_0_24_0_null_[0, 64, 100, 0]
89_89_238_84_0_34_32_64_0_0_0_0_0_24_0_null_[0, 64, 100, 0]
90_90_239_96_0_34_32_64_0_0_0_0_0_24_0_null_[0, 64, 100, 0]
91_91_239_96_0_34_32_64_0_0_0_0_0_24_0_null_[0, 64, 100, 0]
92_92_239_96_0_34_32_64_0_0_0_0_0_24_0_null_[0, 64, 100, 0]
93_93_239_96_0_34_32_64_0_0_0_0_0_24_0_null_[0, 64, 100, 0]
94_94_239_96_0_34_32_64_0_0_0_0_0_24_0_null_[0, 64, 100, 0]
95_95_239_96_0_34_32_64_0_0_0_0_0_24_0_null_[0, 64, 100, 0]
96_96_239_96_0_34_32_64_0_0_0_0_0_24_0_null_[0, 64, 100, 0]
97_97_239_96_0_34_32_64_0_0_0_0_0_24_0_null_[0, 64, 100, 0]
98_98_239_96_0_34_32_64_0_0_0_0_0_24_0_null_[0, 64, 100, 0]
99_99_239_96_0_34_32_64_0_0_0_0_0_24_0_null_[0, 64, 100, 0]
100_100_239_96_0_34_32_64_0_0_0_0_0_24_0_null_[0, 64, 100, 0]
101_101_239_96_0_34_32_64_0_0_0_0_0_24_0_null_[0, 64, 100, 0]
102_102_239_96_0_34_32_64_0_0_0_0_0_24_0_null_[0, 64, 100, 0]
103_103_239_96_0_34_32_64_0_0_0_0_0_24_0_null_[0, 64, 100, 0]
104_104_239_96_0_34_32_64_0_0_0_0_0_24_0_null_[0, 64, 100, 0]
105_105_239_96_0_34_32_64_0_0_0_0_0_24_0_null_[0, 64, 100, 0]
106_106_239_96_0_34_32_64_0_0_0_0_0_24_0_null_[0, 64, 100, 0]
107_107_239_96_0_34_32_64_0_0_0_0_0_24_0_null_[0, 64, 100, 0]
108_108_239_96_0_34_32_64_0_0_0_0_0_24_0_null_[0, 64, 100, 0]
109_109_239_96_0_34_32_64_0_0_0_0_0_24_0_null_[0, 64, 100, 0]
110_110_239_96_0_34_32_64_0_0_0_0_0_24_0_null_[0, 64, 100, 0]
111_111_239_96_0_34_32_64_0_0_0_0_0_24_0_null_[0, 64, 100, 0]
112_112_239_96_0_34_32_64_0_0_0_0_0_24_0_null_[0, 64, 100, 0]
113_113_239_96_0_34_32_64_0_0_0_0_0_24_0_null_[0, 64, 100, 0]
114_114_239_96_0_34_32_64_0_0_0_0_0_24_0_null_[0, 64, 100, 0]
115_115_239_96_0_34_32_64_0_0_0_0_0_24_0_null_[0, 64, 100, 0]
116_116_239_96_0_34_32_64_0_0_0_0_0_24_0_null_[0, 64, 100, 0]
117_117_239_96_0_34_32_64_0_0_0_0_0_24_0_null_[0, 64, 100, 0]
118_118_239_96_0_34_32_64_0_0_0_0_0_24_0_null_[0, 64, 100, 0]
119_119_239_96_0_34_32_64_0_0_0_0_0_24_0_null_[0, 64, 100, 0]
120_120_239_96_0_34_32_64_0_0_0_0_0_24_0_null_[0, 64, 100, 0]
121_121_239_96_0_34_32_64_0_0_0_0_0_24_0_null_[0, 64, 100, 0]
122_122_239_96_0_34_32_64_0_0_0_0_0_24_0_null_[0, 64, 100, 0]
123_123_239_96_0_34_32_64_0_0_0_0_0_24_0_null_[0, 64, 100, 0]
124_124_239_96_0_34_32_64_0_0_0_0_0_24_0_null_[0, 64, 100, 0]
125_125_239_96_0_34_32_64_0_0_0_0_0_24_0_null_[0, 64, 100, 0]
126_126_239_96_0_34_32_64_0_0_0_0_0_24_0_null_[0, 64, 100, 0]
127_127_239_96_0_34_32_64_0_0_0_0_0_24_0_null_[0, 64, 100, 0]
