0_0_7_36_0_44_32_64_23_4_0_34_0_24_0_[0, 64, 50, 50]_[0, 64, 5, 15, 14, 0, 20, 0]
1_1_7_36_0_44_32_64_23_4_0_34_0_24_0_[0, 64, 50, 50]_[0, 64, 5, 15, 14, 0, 20, 0]
2_2_7_36_0_44_32_64_23_4_0_34_0_24_0_[0, 64, 50, 50]_[0, 64, 5, 15, 14, 0, 20, 0]
3_3_7_36_0_44_32_64_23_4_0_34_0_24_0_[0, 64, 50, 50]_[0, 64, 5, 15, 14, 0, 20, 0]
4_4_7_36_0_44_32_64_23_4_0_34_0_24_0_[0, 64, 50, 50]_[0, 64, 5, 15, 14, 0, 20, 0]
5_5_7_36_0_44_32_64_23_4_0_34_0_24_0_[0, 64, 50, 50]_[0, 64, 5, 15, 14, 0, 20, 0]
6_6_7_36_0_44_32_64_23_4_0_34_0_24_0_[0, 64, 50, 50]_[0, 64, 5, 15, 14, 0, 20, 0]
7_7_7_36_0_44_32_64_23_4_0_34_0_24_0_[0, 64, 50, 50]_[0, 64, 5, 15, 14, 0, 20, 0]
8_8_7_36_0_44_32_64_23_4_0_34_0_24_0_[0, 64, 50, 50]_[0, 64, 5, 15, 14, 0, 20, 0]
9_9_7_36_0_44_32_64_23_4_0_34_0_24_0_[0, 64, 50, 50]_[0, 64, 5, 15, 14, 0, 20, 0]
10_10_7_36_0_44_32_64_23_4_0_34_0_24_0_[0, 64, 50, 50]_[0, 64, 5, 15, 14, 0, 20, 0]
11_11_7_36_0_44_32_64_23_4_0_34_0_24_0_[0, 64, 50, 50]_[0, 64, 5, 15, 14, 0, 20, 0]
12_12_7_36_0_44_32_64_23_4_0_34_0_24_0_[0, 64, 50, 50]_[0, 64, 5, 15, 14, 0, 20, 0]
13_13_7_36_0_44_32_64_23_4_0_34_0_24_0_[0, 64, 50, 50]_[0, 64, 5, 15, 14, 0, 20, 0]
14_14_7_36_0_44_32_64_23_4_0_34_0_24_0_[0, 64, 50, 50]_[0, 64, 5, 15, 14, 0, 20, 0]
15_15_7_36_0_44_32_64_23_4_0_34_0_24_0_[0, 64, 50, 50]_[0, 64, 5, 15, 14, 0, 20, 0]
16_16_7_36_0_44_32_64_23_4_0_34_0_24_0_[0, 64, 50, 50]_[0, 64, 5, 15, 14, 0, 20, 0]
17_17_7_36_0_44_32_64_23_4_0_34_0_24_0_[0, 64, 50, 50]_[0, 64, 5, 15, 14, 0, 20, 0]
18_18_7_36_0_44_32_64_23_4_0_34_0_24_0_[0, 64, 50, 50]_[0, 64, 5, 15, 14, 0, 20, 0]
19_19_7_36_0_44_32_64_23_4_0_34_0_24_0_[0, 64, 50, 50]_[0, 64, 5, 15, 14, 0, 20, 0]
20_20_7_36_0_44_32_64_23_4_0_34_0_24_0_[0, 64, 50, 50]_[0, 64, 5, 15, 14, 0, 20, 0]
21_21_7_36_0_44_32_64_23_4_0_34_0_24_0_[0, 64, 50, 50]_[0, 64, 5, 15, 14, 0, 20, 0]
22_22_7_36_0_44_32_64_23_4_0_34_0_24_0_[0, 64, 50, 50]_[0, 64, 5, 15, 14, 0, 20, 0]
23_23_7_36_0_44_32_64_23_4_0_34_0_24_0_[0, 64, 50, 50]_[0, 64, 5, 15, 14, 0, 20, 0]
24_24_7_36_0_44_32_64_23_4_0_34_0_24_0_[0, 64, 50, 50]_[0, 64, 5, 15, 14, 0, 20, 0]
25_25_7_36_0_44_32_64_23_4_0_34_0_24_0_[0, 64, 50, 50]_[0, 64, 5, 15, 14, 0, 20, 0]
26_26_7_36_0_44_32_64_23_4_0_34_0_24_0_[0, 64, 50, 50]_[0, 64, 5, 15, 14, 0, 20, 0]
27_27_7_36_0_44_32_64_23_4_0_34_0_24_0_[0, 64, 50, 50]_[0, 64, 5, 15, 14, 0, 20, 0]
28_28_7_36_0_44_32_64_23_4_0_34_0_24_0_[0, 64, 50, 50]_[0, 64, 5, 15, 14, 0, 20, 0]
29_29_7_36_0_44_32_64_23_4_0_34_0_24_0_[0, 64, 50, 50]_[0, 64, 5, 15, 14, 0, 20, 0]
30_30_7_36_0_44_32_64_23_4_0_34_0_24_0_[0, 64, 50, 50]_[0, 64, 5, 15, 14, 0, 20, 0]
31_31_7_36_0_44_32_64_23_4_0_34_0_24_0_[0, 64, 50, 50]_[0, 64, 5, 15, 14, 0, 20, 0]
32_32_7_36_0_44_32_64_23_4_0_34_0_24_0_[0, 64, 50, 50]_[0, 64, 5, 15, 14, 0, 20, 0]
33_33_7_36_0_44_32_64_23_4_0_34_0_24_0_[0, 64, 50, 50]_[0, 64, 5, 15, 14, 0, 20, 0]
34_34_7_36_0_44_32_64_23_4_0_34_0_24_0_[0, 64, 50, 50]_[0, 64, 5, 15, 14, 0, 20, 0]
35_35_7_36_0_44_32_64_23_4_0_34_0_24_0_[0, 64, 50, 50]_[0, 64, 5, 15, 14, 0, 20, 0]
36_36_7_36_0_44_32_64_23_4_0_34_0_24_0_[0, 64, 50, 50]_[0, 64, 5, 15, 14, 0, 20, 0]
37_37_7_36_0_44_32_64_23_4_0_34_0_24_0_[0, 64, 50, 50]_[0, 64, 5, 15, 14, 0, 20, 0]
38_38_7_36_0_44_32_64_23_4_0_34_0_24_0_[0, 64, 50, 50]_[0, 64, 5, 15, 14, 0, 20, 0]
39_39_7_36_0_44_32_64_23_4_0_34_0_24_0_[0, 64, 50, 50]_[0, 64, 5, 15, 14, 0, 20, 0]
40_40_7_36_0_44_32_64_23_4_0_34_0_24_0_[0, 64, 50, 50]_[0, 64, 5, 15, 14, 0, 20, 0]
41_41_7_36_0_44_32_64_23_4_0_34_0_24_0_[0, 64, 50, 50]_[0, 64, 5, 15, 14, 0, 20, 0]
42_42_7_36_0_44_32_64_23_4_0_34_0_24_0_[0, 64, 50, 50]_[0, 64, 5, 15, 14, 0, 20, 0]
43_43_7_36_0_44_32_64_23_4_0_34_0_24_0_[0, 64, 50, 50]_[0, 64, 5, 15, 14, 0, 20, 0]
44_44_7_36_0_44_32_64_23_4_0_34_0_24_0_[0, 64, 50, 50]_[0, 64, 5, 15, 14, 0, 20, 0]
45_45_7_36_0_44_32_64_23_4_0_34_0_24_0_[0, 64, 50, 50]_[0, 64, 5, 15, 14, 0, 20, 0]
46_46_7_36_0_44_32_64_23_4_0_34_0_24_0_[0, 64, 50, 50]_[0, 64, 5, 15, 14, 0, 20, 0]
47_47_7_36_0_44_32_64_23_4_0_34_0_24_0_[0, 64, 50, 50]_[0, 64, 5, 15, 14, 0, 20, 0]
48_48_7_36_0_44_32_64_23_4_0_34_0_24_0_[0, 64, 50, 50]_[0, 64, 5, 15, 14, 0, 20, 0]
49_49_7_36_0_44_32_64_23_4_0_34_0_24_0_[0, 64, 50, 50]_[0, 64, 5, 15, 14, 0, 20, 0]
50_50_297_52_0_44_32_64_23_4_0_34_0_24_0_[0, 64, 50, 50]_[0, 64, 5, 15, 14, 0, 20, 0]
51_51_297_52_0_44_32_64_23_4_0_34_0_24_0_[0, 64, 50, 50]_[0, 64, 5, 15, 14, 0, 20, 0]
52_52_297_52_0_44_32_64_23_4_0_34_0_24_0_[0, 64, 50, 50]_[0, 64, 5, 15, 14, 0, 20, 0]
53_53_297_52_0_44_32_64_23_4_0_34_0_24_0_[0, 64, 50, 50]_[0, 64, 5, 15, 14, 0, 20, 0]
54_54_297_52_0_44_32_64_23_4_0_34_0_24_0_[0, 64, 50, 50]_[0, 64, 5, 15, 14, 0, 20, 0]
55_55_297_52_0_44_32_64_23_4_0_34_0_24_0_[0, 64, 50, 50]_[0, 64, 5, 15, 14, 0, 20, 0]
56_56_8_60_0_44_32_64_23_4_0_34_0_24_0_[0, 64, 50, 50]_[0, 64, 5, 15, 14, 0, 20, 0]
57_57_8_60_0_44_32_64_23_4_0_34_0_24_0_[0, 64, 50, 50]_[0, 64, 5, 15, 14, 0, 20, 0]
58_58_8_60_0_44_32_64_23_4_0_34_0_24_0_[0, 64, 50, 50]_[0, 64, 5, 15, 14, 0, 20, 0]
59_59_8_60_0_44_32_64_23_4_0_34_0_24_0_[0, 64, 50, 50]_[0, 64, 5, 15, 14, 0, 20, 0]
60_60_8_60_0_44_32_64_23_4_0_34_0_24_0_[0, 64, 50, 50]_[0, 64, 5, 15, 14, 0, 20, 0]
61_61_302_64_0_44_32_64_23_4_0_34_0_24_0_[0, 64, 50, 50]_[0, 64, 5, 15, 14, 0, 20, 0]
62_62_302_64_0_44_32_64_23_4_0_34_0_24_0_[0, 64, 50, 50]_[0, 64, 5, 15, 14, 0, 20, 0]
63_63_302_64_0_44_32_64_23_4_0_34_0_24_0_[0, 64, 50, 50]_[0, 64, 5, 15, 14, 0, 20, 0]
64_64_302_64_0_44_32_64_23_4_0_34_0_24_0_[0, 64, 50, 50]_[0, 64, 5, 15, 14, 0, 20, 0]
65_65_302_64_0_44_32_64_23_4_0_34_0_24_0_[0, 64, 50, 50]_[0, 64, 5, 15, 14, 0, 20, 0]
66_66_9_70_0_44_32_64_23_4_0_34_0_24_0_[0, 64, 50, 50]_[0, 64, 5, 15, 14, 0, 20, 0]
67_67_9_70_0_44_32_64_23_4_0_34_0_24_0_[0, 64, 50, 50]_[0, 64, 5, 15, 14, 0, 20, 0]
68_68_9_70_0_44_32_64_23_4_0_34_0_24_0_[0, 64, 50, 50]_[0, 64, 5, 15, 14, 0, 20, 0]
69_69_9_70_0_44_32_64_23_4_0_34_0_24_0_[0, 64, 50, 50]_[0, 64, 5, 15, 14, 0, 20, 0]
70_70_9_70_0_44_32_64_23_4_0_34_0_24_0_[0, 64, 50, 50]_[0, 64, 5, 15, 14, 0, 20, 0]
71_71_9_70_0_44_32_64_23_4_0_34_0_24_0_[0, 64, 50, 50]_[0, 64, 5, 15, 14, 0, 20, 0]
72_72_9_70_0_44_32_64_23_4_0_34_0_24_0_[0, 64, 50, 50]_[0, 64, 5, 15, 14, 0, 20, 0]
73_73_9_70_0_44_32_64_23_4_0_34_0_24_0_[0, 64, 50, 50]_[0, 64, 5, 15, 14, 0, 20, 0]
74_74_9_70_0_44_32_64_23_4_0_34_0_24_0_[0, 64, 50, 50]_[0, 64, 5, 15, 14, 0, 20, 0]
75_75_17_75_0_44_32_64_23_4_0_34_0_24_0_[0, 64, 50, 50]_[0, 64, 5, 15, 14, 0, 20, 0]
76_76_17_75_0_44_32_64_23_4_0_34_0_24_0_[0, 64, 50, 50]_[0, 64, 5, 15, 14, 0, 20, 0]
77_77_17_75_0_44_32_64_23_4_0_34_0_24_0_[0, 64, 50, 50]_[0, 64, 5, 15, 14, 0, 20, 0]
78_78_17_75_0_44_32_64_23_4_0_34_0_24_0_[0, 64, 50, 50]_[0, 64, 5, 15, 14, 0, 20, 0]
79_79_17_75_0_44_32_64_23_4_0_34_0_24_0_[0, 64, 50, 50]_[0, 64, 5, 15, 14, 0, 20, 0]
80_80_17_75_0_44_32_64_23_4_0_34_0_24_0_[0, 64, 50, 50]_[0, 64, 5, 15, 14, 0, 20, 0]
81_81_17_75_0_44_32_64_23_4_0_34_0_24_0_[0, 64, 50, 50]_[0, 64, 5, 15, 14, 0, 20, 0]
82_82_17_75_0_44_32_64_23_4_0_34_0_24_0_[0, 64, 50, 50]_[0, 64, 5, 15, 14, 0, 20, 0]
83_83_17_75_0_44_32_64_23_4_0_34_0_24_0_[0, 64, 50, 50]_[0, 64, 5, 15, 14, 0, 20, 0]
84_84_17_75_0_44_32_64_23_4_0_34_0_24_0_[0, 64, 50, 50]_[0, 64, 5, 15, 14, 0, 20, 0]
85_85_17_75_0_44_32_64_23_4_0_34_0_24_0_[0, 64, 50, 50]_[0, 64, 5, 15, 14, 0, 20, 0]
86_86_17_75_0_44_32_64_23_4_0_34_0_24_0_[0, 64, 50, 50]_[0, 64, 5, 15, 14, 0, 20, 0]
87_87_17_75_0_44_32_64_23_4_0_34_0_24_0_[0, 64, 50, 50]_[0, 64, 5, 15, 14, 0, 20, 0]
88_88_17_75_0_44_32_64_23_4_0_34_0_24_0_[0, 64, 50, 50]_[0, 64, 5, 15, 14, 0, 20, 0]
89_89_17_75_0_44_32_64_23_4_0_34_0_24_0_[0, 64, 50, 50]_[0, 64, 5, 15, 14, 0, 20, 0]
90_90_17_75_0_44_32_64_23_4_0_34_0_24_0_[0, 64, 50, 50]_[0, 64, 5, 15, 14, 0, 20, 0]
91_91_17_75_0_44_32_64_23_4_0_34_0_24_0_[0, 64, 50, 50]_[0, 64, 5, 15, 14, 0, 20, 0]
92_92_17_75_0_44_32_64_23_4_0_34_0_24_0_[0, 64, 50, 50]_[0, 64, 5, 15, 14, 0, 20, 0]
93_93_17_75_0_44_32_64_23_4_0_34_0_24_0_[0, 64, 50, 50]_[0, 64, 5, 15, 14, 0, 20, 0]
94_94_17_75_0_44_32_64_23_4_0_34_0_24_0_[0, 64, 50, 50]_[0, 64, 5, 15, 14, 0, 20, 0]
95_95_17_75_0_44_32_64_23_4_0_34_0_24_0_[0, 64, 50, 50]_[0, 64, 5, 15, 14, 0, 20, 0]
96_96_17_75_0_44_32_64_23_4_0_34_0_24_0_[0, 64, 50, 50]_[0, 64, 5, 15, 14, 0, 20, 0]
97_97_17_75_0_44_32_64_23_4_0_34_0_24_0_[0, 64, 50, 50]_[0, 64, 5, 15, 14, 0, 20, 0]
98_98_17_75_0_44_32_64_23_4_0_34_0_24_0_[0, 64, 50, 50]_[0, 64, 5, 15, 14, 0, 20, 0]
99_99_17_75_0_44_32_64_23_4_0_34_0_24_0_[0, 64, 50, 50]_[0, 64, 5, 15, 14, 0, 20, 0]
100_100_17_75_0_44_32_64_23_4_0_34_0_24_0_[0, 64, 50, 50]_[0, 64, 5, 15, 14, 0, 20, 0]
101_101_17_75_0_44_32_64_23_4_0_34_0_24_0_[0, 64, 50, 50]_[0, 64, 5, 15, 14, 0, 20, 0]
102_102_17_75_0_44_32_64_23_4_0_34_0_24_0_[0, 64, 50, 50]_[0, 64, 5, 15, 14, 0, 20, 0]
103_103_17_75_0_44_32_64_23_4_0_34_0_24_0_[0, 64, 50, 50]_[0, 64, 5, 15, 14, 0, 20, 0]
104_104_17_75_0_44_32_64_23_4_0_34_0_24_0_[0, 64, 50, 50]_[0, 64, 5, 15, 14, 0, 20, 0]
105_105_17_75_0_44_32_64_23_4_0_34_0_24_0_[0, 64, 50, 50]_[0, 64, 5, 15, 14, 0, 20, 0]
106_106_17_75_0_44_32_64_23_4_0_34_0_24_0_[0, 64, 50, 50]_[0, 64, 5, 15, 14, 0, 20, 0]
107_107_17_75_0_44_32_64_23_4_0_34_0_24_0_[0, 64, 50, 50]_[0, 64, 5, 15, 14, 0, 20, 0]
108_108_17_75_0_44_32_64_23_4_0_34_0_24_0_[0, 64, 50, 50]_[0, 64, 5, 15, 14, 0, 20, 0]
109_109_17_75_0_44_32_64_23_4_0_34_0_24_0_[0, 64, 50, 50]_[0, 64, 5, 15, 14, 0, 20, 0]
110_110_17_75_0_44_32_64_23_4_0_34_0_24_0_[0, 64, 50, 50]_[0, 64, 5, 15, 14, 0, 20, 0]
111_111_17_75_0_44_32_64_23_4_0_34_0_24_0_[0, 64, 50, 50]_[0, 64, 5, 15, 14, 0, 20, 0]
112_112_17_75_0_44_32_64_23_4_0_34_0_24_0_[0, 64, 50, 50]_[0, 64, 5, 15, 14, 0, 20, 0]
113_113_17_75_0_44_32_64_23_4_0_34_0_24_0_[0, 64, 50, 50]_[0, 64, 5, 15, 14, 0, 20, 0]
114_114_17_75_0_44_32_64_23_4_0_34_0_24_0_[0, 64, 50, 50]_[0, 64, 5, 15, 14, 0, 20, 0]
115_115_17_75_0_44_32_64_23_4_0_34_0_24_0_[0, 64, 50, 50]_[0, 64, 5, 15, 14, 0, 20, 0]
116_116_17_75_0_44_32_64_23_4_0_34_0_24_0_[0, 64, 50, 50]_[0, 64, 5, 15, 14, 0, 20, 0]
117_117_17_75_0_44_32_64_23_4_0_34_0_24_0_[0, 64, 50, 50]_[0, 64, 5, 15, 14, 0, 20, 0]
118_118_17_75_0_44_32_64_23_4_0_34_0_24_0_[0, 64, 50, 50]_[0, 64, 5, 15, 14, 0, 20, 0]
119_119_17_75_0_44_32_64_23_4_0_34_0_24_0_[0, 64, 50, 50]_[0, 64, 5, 15, 14, 0, 20, 0]
120_120_17_75_0_44_32_64_23_4_0_34_0_24_0_[0, 64, 50, 50]_[0, 64, 5, 15, 14, 0, 20, 0]
121_121_17_75_0_44_32_64_23_4_0_34_0_24_0_[0, 64, 50, 50]_[0, 64, 5, 15, 14, 0, 20, 0]
122_122_17_75_0_44_32_64_23_4_0_34_0_24_0_[0, 64, 50, 50]_[0, 64, 5, 15, 14, 0, 20, 0]
123_123_17_75_0_44_32_64_23_4_0_34_0_24_0_[0, 64, 50, 50]_[0, 64, 5, 15, 14, 0, 20, 0]
124_124_17_75_0_44_32_64_23_4_0_34_0_24_0_[0, 64, 50, 50]_[0, 64, 5, 15, 14, 0, 20, 0]
125_125_17_75_0_44_32_64_23_4_0_34_0_24_0_[0, 64, 50, 50]_[0, 64, 5, 15, 14, 0, 20, 0]
126_126_17_75_0_44_32_64_23_4_0_34_0_24_0_[0, 64, 50, 50]_[0, 64, 5, 15, 14, 0, 20, 0]
127_127_17_75_0_44_32_64_23_4_0_34_0_24_0_[0, 64, 50, 50]_[0, 64, 5, 15, 14, 0, 20, 0]
