0_0_241_48_0_55_43_64_0_0_0_0_0_24_0_null_[0, 64, 16, 40, 38, 20, 63, 7, 84, 0]
1_1_241_48_0_55_43_64_0_0_0_0_0_24_0_null_[0, 64, 16, 40, 38, 20, 63, 7, 84, 0]
2_2_241_48_0_55_43_64_0_0_0_0_0_24_0_null_[0, 64, 16, 40, 38, 20, 63, 7, 84, 0]
3_3_241_48_0_55_43_64_0_0_0_0_0_24_0_null_[0, 64, 16, 40, 38, 20, 63, 7, 84, 0]
4_4_241_48_0_55_43_64_0_0_0_0_0_24_0_null_[0, 64, 16, 40, 38, 20, 63, 7, 84, 0]
5_5_241_48_0_55_43_64_0_0_0_0_0_24_0_null_[0, 64, 16, 40, 38, 20, 63, 7, 84, 0]
6_6_241_48_0_55_43_64_0_0_0_0_0_24_0_null_[0, 64, 16, 40, 38, 20, 63, 7, 84, 0]
7_7_241_48_0_55_43_64_0_0_0_0_0_24_0_null_[0, 64, 16, 40, 38, 20, 63, 7, 84, 0]
8_8_241_48_0_55_43_64_0_0_0_0_0_24_0_null_[0, 64, 16, 40, 38, 20, 63, 7, 84, 0]
9_9_241_48_0_55_43_64_0_0_0_0_0_24_0_null_[0, 64, 16, 40, 38, 20, 63, 7, 84, 0]
10_10_241_48_0_55_43_64_0_0_0_0_0_24_0_null_[0, 64, 16, 40, 38, 20, 63, 7, 84, 0]
11_11_241_48_0_55_43_64_0_0_0_0_0_24_0_null_[0, 64, 16, 40, 38, 20, 63, 7, 84, 0]
12_12_241_48_0_55_43_64_0_0_0_0_0_24_0_null_[0, 64, 16, 40, 38, 20, 63, 7, 84, 0]
13_13_241_48_0_55_43_64_0_0_0_0_0_24_0_null_[0, 64, 16, 40, 38, 20, 63, 7, 84, 0]
14_14_241_48_0_55_43_64_0_0_0_0_0_24_0_null_[0, 64, 16, 40, 38, 20, 63, 7, 84, 0]
15_15_241_48_0_55_43_64_0_0_0_0_0_24_0_null_[0, 64, 16, 40, 38, 20, 63, 7, 84, 0]
16_16_241_48_0_55_43_64_0_0_0_0_0_24_0_null_[0, 64, 16, 40, 38, 20, 63, 7, 84, 0]
17_17_241_48_0_55_43_64_0_0_0_0_0_24_0_null_[0, 64, 16, 40, 38, 20, 63, 7, 84, 0]
18_18_241_48_0_55_43_64_0_0_0_0_0_24_0_null_[0, 64, 16, 40, 38, 20, 63, 7, 84, 0]
19_19_241_48_0_55_43_64_0_0_0_0_0_24_0_null_[0, 64, 16, 40, 38, 20, 63, 7, 84, 0]
20_20_241_48_0_55_43_64_0_0_0_0_0_24_0_null_[0, 64, 16, 40, 38, 20, 63, 7, 84, 0]
21_21_241_48_0_55_43_64_0_0_0_0_0_24_0_null_[0, 64, 16, 40, 38, 20, 63, 7, 84, 0]
22_22_241_48_0_55_43_64_0_0_0_0_0_24_0_null_[0, 64, 16, 40, 38, 20, 63, 7, 84, 0]
23_23_241_48_0_55_43_64_0_0_0_0_0_24_0_null_[0, 64, 16, 40, 38, 20, 63, 7, 84, 0]
24_24_241_48_0_55_43_64_0_0_0_0_0_24_0_null_[0, 64, 16, 40, 38, 20, 63, 7, 84, 0]
25_25_241_48_0_55_43_64_0_0_0_0_0_24_0_null_[0, 64, 16, 40, 38, 20, 63, 7, 84, 0]
26_26_241_48_0_55_43_64_0_0_0_0_0_24_0_null_[0, 64, 16, 40, 38, 20, 63, 7, 84, 0]
27_27_241_48_0_55_43_64_0_0_0_0_0_24_0_null_[0, 64, 16, 40, 38, 20, 63, 7, 84, 0]
28_28_241_48_0_55_43_64_0_0_0_0_0_24_0_null_[0, 64, 16, 40, 38, 20, 63, 7, 84, 0]
29_29_241_48_0_55_43_64_0_0_0_0_0_24_0_null_[0, 64, 16, 40, 38, 20, 63, 7, 84, 0]
30_30_241_48_0_55_43_64_0_0_0_0_0_24_0_null_[0, 64, 16, 40, 38, 20, 63, 7, 84, 0]
31_31_241_48_0_55_43_64_0_0_0_0_0_24_0_null_[0, 64, 16, 40, 38, 20, 63, 7, 84, 0]
32_32_241_48_0_55_43_64_0_0_0_0_0_24_0_null_[0, 64, 16, 40, 38, 20, 63, 7, 84, 0]
33_33_241_48_0_55_43_64_0_0_0_0_0_24_0_null_[0, 64, 16, 40, 38, 20, 63, 7, 84, 0]
34_34_241_48_0_55_43_64_0_0_0_0_0_24_0_null_[0, 64, 16, 40, 38, 20, 63, 7, 84, 0]
35_35_241_48_0_55_43_64_0_0_0_0_0_24_0_null_[0, 64, 16, 40, 38, 20, 63, 7, 84, 0]
36_36_241_48_0_55_43_64_0_0_0_0_0_24_0_null_[0, 64, 16, 40, 38, 20, 63, 7, 84, 0]
37_37_241_48_0_55_43_64_0_0_0_0_0_24_0_null_[0, 64, 16, 40, 38, 20, 63, 7, 84, 0]
38_38_241_48_0_55_43_64_0_0_0_0_0_24_0_null_[0, 64, 16, 40, 38, 20, 63, 7, 84, 0]
39_39_241_48_0_55_43_64_0_0_0_0_0_24_0_null_[0, 64, 16, 40, 38, 20, 63, 7, 84, 0]
40_40_241_48_0_55_43_64_0_0_0_0_0_24_0_null_[0, 64, 16, 40, 38, 20, 63, 7, 84, 0]
41_41_241_48_0_55_43_64_0_0_0_0_0_24_0_null_[0, 64, 16, 40, 38, 20, 63, 7, 84, 0]
42_42_241_48_0_55_43_64_0_0_0_0_0_24_0_null_[0, 64, 16, 40, 38, 20, 63, 7, 84, 0]
43_43_241_48_0_55_43_64_0_0_0_0_0_24_0_null_[0, 64, 16, 40, 38, 20, 63, 7, 84, 0]
44_44_241_48_0_55_43_64_0_0_0_0_0_24_0_null_[0, 64, 16, 40, 38, 20, 63, 7, 84, 0]
45_45_241_48_0_55_43_64_0_0_0_0_0_24_0_null_[0, 64, 16, 40, 38, 20, 63, 7, 84, 0]
46_46_241_48_0_55_43_64_0_0_0_0_0_24_0_null_[0, 64, 16, 40, 38, 20, 63, 7, 84, 0]
47_47_241_48_0_55_43_64_0_0_0_0_0_24_0_null_[0, 64, 16, 40, 38, 20, 63, 7, 84, 0]
48_48_241_48_0_55_43_64_0_0_0_0_0_24_0_null_[0, 64, 16, 40, 38, 20, 63, 7, 84, 0]
49_49_242_60_0_55_43_64_0_0_0_0_0_24_0_null_[0, 64, 16, 40, 38, 20, 63, 7, 84, 0]
50_50_242_60_0_55_43_64_0_0_0_0_0_24_0_null_[0, 64, 16, 40, 38, 20, 63, 7, 84, 0]
51_51_242_60_0_55_43_64_0_0_0_0_0_24_0_null_[0, 64, 16, 40, 38, 20, 63, 7, 84, 0]
52_52_242_60_0_55_43_64_0_0_0_0_0_24_0_null_[0, 64, 16, 40, 38, 20, 63, 7, 84, 0]
53_53_242_60_0_55_43_64_0_0_0_0_0_24_0_null_[0, 64, 16, 40, 38, 20, 63, 7, 84, 0]
54_54_242_60_0_55_43_64_0_0_0_0_0_24_0_null_[0, 64, 16, 40, 38, 20, 63, 7, 84, 0]
55_55_242_60_0_55_43_64_0_0_0_0_0_24_0_null_[0, 64, 16, 40, 38, 20, 63, 7, 84, 0]
56_56_242_60_0_55_43_64_0_0_0_0_0_24_0_null_[0, 64, 16, 40, 38, 20, 63, 7, 84, 0]
57_57_242_60_0_55_43_64_0_0_0_0_0_24_0_null_[0, 64, 16, 40, 38, 20, 63, 7, 84, 0]
58_58_242_60_0_55_43_64_0_0_0_0_0_24_0_null_[0, 64, 16, 40, 38, 20, 63, 7, 84, 0]
59_59_242_60_0_55_43_64_0_0_0_0_0_24_0_null_[0, 64, 16, 40, 38, 20, 63, 7, 84, 0]
60_60_242_60_0_55_43_64_0_0_0_0_0_24_0_null_[0, 64, 16, 40, 38, 20, 63, 7, 84, 0]
61_61_242_60_0_55_43_64_0_0_0_0_0_24_0_null_[0, 64, 16, 40, 38, 20, 63, 7, 84, 0]
62_62_242_60_0_55_43_64_0_0_0_0_0_24_0_null_[0, 64, 16, 40, 38, 20, 63, 7, 84, 0]
63_63_242_60_0_55_43_64_0_0_0_0_0_24_0_null_[0, 64, 16, 40, 38, 20, 63, 7, 84, 0]
64_64_242_60_0_55_43_64_0_0_0_0_0_24_0_null_[0, 64, 16, 40, 38, 20, 63, 7, 84, 0]
65_65_242_60_0_55_43_64_0_0_0_0_0_24_0_null_[0, 64, 16, 40, 38, 20, 63, 7, 84, 0]
66_66_243_72_0_55_43_64_0_0_0_0_0_24_0_null_[0, 64, 16, 40, 38, 20, 63, 7, 84, 0]
67_67_243_72_0_55_43_64_0_0_0_0_0_24_0_null_[0, 64, 16, 40, 38, 20, 63, 7, 84, 0]
68_68_243_72_0_55_43_64_0_0_0_0_0_24_0_null_[0, 64, 16, 40, 38, 20, 63, 7, 84, 0]
69_69_243_72_0_55_43_64_0_0_0_0_0_24_0_null_[0, 64, 16, 40, 38, 20, 63, 7, 84, 0]
70_70_243_72_0_55_43_64_0_0_0_0_0_24_0_null_[0, 64, 16, 40, 38, 20, 63, 7, 84, 0]
71_71_243_72_0_55_43_64_0_0_0_0_0_24_0_null_[0, 64, 16, 40, 38, 20, 63, 7, 84, 0]
72_72_243_72_0_55_43_64_0_0_0_0_0_24_0_null_[0, 64, 16, 40, 38, 20, 63, 7, 84, 0]
73_73_243_72_0_55_43_64_0_0_0_0_0_24_0_null_[0, 64, 16, 40, 38, 20, 63, 7, 84, 0]
74_74_243_72_0_55_43_64_0_0_0_0_0_24_0_null_[0, 64, 16, 40, 38, 20, 63, 7, 84, 0]
75_75_243_72_0_55_43_64_0_0_0_0_0_24_0_null_[0, 64, 16, 40, 38, 20, 63, 7, 84, 0]
76_76_243_72_0_55_43_64_0_0_0_0_0_24_0_null_[0, 64, 16, 40, 38, 20, 63, 7, 84, 0]
77_77_243_72_0_55_43_64_0_0_0_0_0_24_0_null_[0, 64, 16, 40, 38, 20, 63, 7, 84, 0]
78_78_244_84_0_55_43_64_0_0_0_0_0_24_0_null_[0, 64, 16, 40, 38, 20, 63, 7, 84, 0]
79_79_244_84_0_55_43_64_0_0_0_0_0_24_0_null_[0, 64, 16, 40, 38, 20, 63, 7, 84, 0]
80_80_244_84_0_55_43_64_0_0_0_0_0_24_0_null_[0, 64, 16, 40, 38, 20, 63, 7, 84, 0]
81_81_244_84_0_55_43_64_0_0_0_0_0_24_0_null_[0, 64, 16, 40, 38, 20, 63, 7, 84, 0]
82_82_244_84_0_55_43_64_0_0_0_0_0_24_0_null_[0, 64, 16, 40, 38, 20, 63, 7, 84, 0]
83_83_244_84_0_55_43_64_0_0_0_0_0_24_0_null_[0, 64, 16, 40, 38, 20, 63, 7, 84, 0]
84_84_244_84_0_55_43_64_0_0_0_0_0_24_0_null_[0, 64, 16, 40, 38, 20, 63, 7, 84, 0]
85_85_244_84_0_55_43_64_0_0_0_0_0_24_0_null_[0, 64, 16, 40, 38, 20, 63, 7, 84, 0]
86_86_244_84_0_55_43_64_0_0_0_0_0_24_0_null_[0, 64, 16, 40, 38, 20, 63, 7, 84, 0]
87_87_244_84_0_55_43_64_0_0_0_0_0_24_0_null_[0, 64, 16, 40, 38, 20, 63, 7, 84, 0]
88_88_244_84_0_55_43_64_0_0_0_0_0_24_0_null_[0, 64, 16, 40, 38, 20, 63, 7, 84, 0]
89_89_244_84_0_55_43_64_0_0_0_0_0_24_0_null_[0, 64, 16, 40, 38, 20, 63, 7, 84, 0]
90_90_244_84_0_55_43_64_0_0_0_0_0_24_0_null_[0, 64, 16, 40, 38, 20, 63, 7, 84, 0]
91_91_244_84_0_55_43_64_0_0_0_0_0_24_0_null_[0, 64, 16, 40, 38, 20, 63, 7, 84, 0]
92_92_244_84_0_55_43_64_0_0_0_0_0_24_0_null_[0, 64, 16, 40, 38, 20, 63, 7, 84, 0]
93_93_244_84_0_55_43_64_0_0_0_0_0_24_0_null_[0, 64, 16, 40, 38, 20, 63, 7, 84, 0]
94_94_244_84_0_55_43_64_0_0_0_0_0_24_0_null_[0, 64, 16, 40, 38, 20, 63, 7, 84, 0]
95_95_244_84_0_55_43_64_0_0_0_0_0_24_0_null_[0, 64, 16, 40, 38, 20, 63, 7, 84, 0]
96_96_244_84_0_55_43_64_0_0_0_0_0_24_0_null_[0, 64, 16, 40, 38, 20, 63, 7, 84, 0]
97_97_244_84_0_55_43_64_0_0_0_0_0_24_0_null_[0, 64, 16, 40, 38, 20, 63, 7, 84, 0]
98_98_244_84_0_55_43_64_0_0_0_0_0_24_0_null_[0, 64, 16, 40, 38, 20, 63, 7, 84, 0]
99_99_244_84_0_55_43_64_0_0_0_0_0_24_0_null_[0, 64, 16, 40, 38, 20, 63, 7, 84, 0]
100_100_244_84_0_55_43_64_0_0_0_0_0_24_0_null_[0, 64, 16, 40, 38, 20, 63, 7, 84, 0]
101_101_244_84_0_55_43_64_0_0_0_0_0_24_0_null_[0, 64, 16, 40, 38, 20, 63, 7, 84, 0]
102_102_244_84_0_55_43_64_0_0_0_0_0_24_0_null_[0, 64, 16, 40, 38, 20, 63, 7, 84, 0]
103_103_244_84_0_55_43_64_0_0_0_0_0_24_0_null_[0, 64, 16, 40, 38, 20, 63, 7, 84, 0]
104_104_244_84_0_55_43_64_0_0_0_0_0_24_0_null_[0, 64, 16, 40, 38, 20, 63, 7, 84, 0]
105_105_244_84_0_55_43_64_0_0_0_0_0_24_0_null_[0, 64, 16, 40, 38, 20, 63, 7, 84, 0]
106_106_244_84_0_55_43_64_0_0_0_0_0_24_0_null_[0, 64, 16, 40, 38, 20, 63, 7, 84, 0]
107_107_244_84_0_55_43_64_0_0_0_0_0_24_0_null_[0, 64, 16, 40, 38, 20, 63, 7, 84, 0]
108_108_244_84_0_55_43_64_0_0_0_0_0_24_0_null_[0, 64, 16, 40, 38, 20, 63, 7, 84, 0]
109_109_244_84_0_55_43_64_0_0_0_0_0_24_0_null_[0, 64, 16, 40, 38, 20, 63, 7, 84, 0]
110_110_244_84_0_55_43_64_0_0_0_0_0_24_0_null_[0, 64, 16, 40, 38, 20, 63, 7, 84, 0]
111_111_244_84_0_55_43_64_0_0_0_0_0_24_0_null_[0, 64, 16, 40, 38, 20, 63, 7, 84, 0]
112_112_244_84_0_55_43_64_0_0_0_0_0_24_0_null_[0, 64, 16, 40, 38, 20, 63, 7, 84, 0]
113_113_244_84_0_55_43_64_0_0_0_0_0_24_0_null_[0, 64, 16, 40, 38, 20, 63, 7, 84, 0]
114_114_244_84_0_55_43_64_0_0_0_0_0_24_0_null_[0, 64, 16, 40, 38, 20, 63, 7, 84, 0]
115_115_244_84_0_55_43_64_0_0_0_0_0_24_0_null_[0, 64, 16, 40, 38, 20, 63, 7, 84, 0]
116_116_244_84_0_55_43_64_0_0_0_0_0_24_0_null_[0, 64, 16, 40, 38, 20, 63, 7, 84, 0]
117_117_244_84_0_55_43_64_0_0_0_0_0_24_0_null_[0, 64, 16, 40, 38, 20, 63, 7, 84, 0]
118_118_244_84_0_55_43_64_0_0_0_0_0_24_0_null_[0, 64, 16, 40, 38, 20, 63, 7, 84, 0]
119_119_244_84_0_55_43_64_0_0_0_0_0_24_0_null_[0, 64, 16, 40, 38, 20, 63, 7, 84, 0]
120_120_244_84_0_55_43_64_0_0_0_0_0_24_0_null_[0, 64, 16, 40, 38, 20, 63, 7, 84, 0]
121_121_244_84_0_55_43_64_0_0_0_0_0_24_0_null_[0, 64, 16, 40, 38, 20, 63, 7, 84, 0]
122_122_244_84_0_55_43_64_0_0_0_0_0_24_0_null_[0, 64, 16, 40, 38, 20, 63, 7, 84, 0]
123_123_244_84_0_55_43_64_0_0_0_0_0_24_0_null_[0, 64, 16, 40, 38, 20, 63, 7, 84, 0]
124_124_244_84_0_55_43_64_0_0_0_0_0_24_0_null_[0, 64, 16, 40, 38, 20, 63, 7, 84, 0]
125_125_244_84_0_55_43_64_0_0_0_0_0_24_0_null_[0, 64, 16, 40, 38, 20, 63, 7, 84, 0]
126_126_244_84_0_55_43_64_0_0_0_0_0_24_0_null_[0, 64, 16, 40, 38, 20, 63, 7, 84, 0]
127_127_244_84_0_55_43_64_0_0_0_0_0_24_0_null_[0, 64, 16, 40, 38, 20, 63, 7, 84, 0]
