0_0_249_72_0_44_43_64_0_5_0_0_0_24_0_null_[0, 64, 12, 32, 31, 11, 54, 0]
1_1_249_72_0_44_43_64_0_5_0_0_0_24_0_null_[0, 64, 12, 32, 31, 11, 54, 0]
2_2_249_72_0_44_43_64_0_5_0_0_0_24_0_null_[0, 64, 12, 32, 31, 11, 54, 0]
3_3_249_72_0_44_43_64_0_5_0_0_0_24_0_null_[0, 64, 12, 32, 31, 11, 54, 0]
4_4_249_72_0_44_43_64_0_5_0_0_0_24_0_null_[0, 64, 12, 32, 31, 11, 54, 0]
5_5_249_72_0_44_43_64_0_5_0_0_0_24_0_null_[0, 64, 12, 32, 31, 11, 54, 0]
6_6_249_72_0_44_43_64_0_5_0_0_0_24_0_null_[0, 64, 12, 32, 31, 11, 54, 0]
7_7_249_72_0_44_43_64_0_5_0_0_0_24_0_null_[0, 64, 12, 32, 31, 11, 54, 0]
8_8_249_72_0_44_43_64_0_5_0_0_0_24_0_null_[0, 64, 12, 32, 31, 11, 54, 0]
9_9_249_72_0_44_43_64_0_5_0_0_0_24_0_null_[0, 64, 12, 32, 31, 11, 54, 0]
10_10_249_72_0_44_43_64_0_5_0_0_0_24_0_null_[0, 64, 12, 32, 31, 11, 54, 0]
11_11_249_72_0_44_43_64_0_5_0_0_0_24_0_null_[0, 64, 12, 32, 31, 11, 54, 0]
12_12_249_72_0_44_43_64_0_5_0_0_0_24_0_null_[0, 64, 12, 32, 31, 11, 54, 0]
13_13_249_72_0_44_43_64_0_5_0_0_0_24_0_null_[0, 64, 12, 32, 31, 11, 54, 0]
14_14_249_72_0_44_43_64_0_5_0_0_0_24_0_null_[0, 64, 12, 32, 31, 11, 54, 0]
15_15_249_72_0_44_43_64_0_5_0_0_0_24_0_null_[0, 64, 12, 32, 31, 11, 54, 0]
16_16_249_72_0_44_43_64_0_5_0_0_0_24_0_null_[0, 64, 12, 32, 31, 11, 54, 0]
17_17_249_72_0_44_43_64_0_5_0_0_0_24_0_null_[0, 64, 12, 32, 31, 11, 54, 0]
18_18_249_72_0_44_43_64_0_5_0_0_0_24_0_null_[0, 64, 12, 32, 31, 11, 54, 0]
19_19_249_72_0_44_43_64_0_5_0_0_0_24_0_null_[0, 64, 12, 32, 31, 11, 54, 0]
20_20_249_72_0_44_43_64_0_5_0_0_0_24_0_null_[0, 64, 12, 32, 31, 11, 54, 0]
21_21_249_72_0_44_43_64_0_5_0_0_0_24_0_null_[0, 64, 12, 32, 31, 11, 54, 0]
22_22_249_72_0_44_43_64_0_5_0_0_0_24_0_null_[0, 64, 12, 32, 31, 11, 54, 0]
23_23_249_72_0_44_43_64_0_5_0_0_0_24_0_null_[0, 64, 12, 32, 31, 11, 54, 0]
24_24_249_72_0_44_43_64_0_5_0_0_0_24_0_null_[0, 64, 12, 32, 31, 11, 54, 0]
25_25_249_72_0_44_43_64_0_5_0_0_0_24_0_null_[0, 64, 12, 32, 31, 11, 54, 0]
26_26_249_72_0_44_43_64_0_5_0_0_0_24_0_null_[0, 64, 12, 32, 31, 11, 54, 0]
27_27_249_72_0_44_43_64_0_5_0_0_0_24_0_null_[0, 64, 12, 32, 31, 11, 54, 0]
28_28_249_72_0_44_43_64_0_5_0_0_0_24_0_null_[0, 64, 12, 32, 31, 11, 54, 0]
29_29_249_72_0_44_43_64_0_5_0_0_0_24_0_null_[0, 64, 12, 32, 31, 11, 54, 0]
30_30_249_72_0_44_43_64_0_5_0_0_0_24_0_null_[0, 64, 12, 32, 31, 11, 54, 0]
31_31_249_72_0_44_43_64_0_5_0_0_0_24_0_null_[0, 64, 12, 32, 31, 11, 54, 0]
32_32_249_72_0_44_43_64_0_5_0_0_0_24_0_null_[0, 64, 12, 32, 31, 11, 54, 0]
33_33_249_72_0_44_43_64_0_5_0_0_0_24_0_null_[0, 64, 12, 32, 31, 11, 54, 0]
34_34_249_72_0_44_43_64_0_5_0_0_0_24_0_null_[0, 64, 12, 32, 31, 11, 54, 0]
35_35_249_72_0_44_43_64_0_5_0_0_0_24_0_null_[0, 64, 12, 32, 31, 11, 54, 0]
36_36_249_72_0_44_43_64_0_5_0_0_0_24_0_null_[0, 64, 12, 32, 31, 11, 54, 0]
37_37_249_72_0_44_43_64_0_5_0_0_0_24_0_null_[0, 64, 12, 32, 31, 11, 54, 0]
38_38_249_72_0_44_43_64_0_5_0_0_0_24_0_null_[0, 64, 12, 32, 31, 11, 54, 0]
39_39_249_72_0_44_43_64_0_5_0_0_0_24_0_null_[0, 64, 12, 32, 31, 11, 54, 0]
40_40_249_72_0_44_43_64_0_5_0_0_0_24_0_null_[0, 64, 12, 32, 31, 11, 54, 0]
41_41_249_72_0_44_43_64_0_5_0_0_0_24_0_null_[0, 64, 12, 32, 31, 11, 54, 0]
42_42_249_72_0_44_43_64_0_5_0_0_0_24_0_null_[0, 64, 12, 32, 31, 11, 54, 0]
43_43_249_72_0_44_43_64_0_5_0_0_0_24_0_null_[0, 64, 12, 32, 31, 11, 54, 0]
44_44_249_72_0_44_43_64_0_5_0_0_0_24_0_null_[0, 64, 12, 32, 31, 11, 54, 0]
45_45_249_72_0_44_43_64_0_5_0_0_0_24_0_null_[0, 64, 12, 32, 31, 11, 54, 0]
46_46_249_72_0_44_43_64_0_5_0_0_0_24_0_null_[0, 64, 12, 32, 31, 11, 54, 0]
47_47_249_72_0_44_43_64_0_5_0_0_0_24_0_null_[0, 64, 12, 32, 31, 11, 54, 0]
48_48_249_72_0_44_43_64_0_5_0_0_0_24_0_null_[0, 64, 12, 32, 31, 11, 54, 0]
49_49_249_72_0_44_43_64_0_5_0_0_0_24_0_null_[0, 64, 12, 32, 31, 11, 54, 0]
50_50_249_72_0_44_43_64_0_5_0_0_0_24_0_null_[0, 64, 12, 32, 31, 11, 54, 0]
51_51_249_72_0_44_43_64_0_5_0_0_0_24_0_null_[0, 64, 12, 32, 31, 11, 54, 0]
52_52_249_72_0_44_43_64_0_5_0_0_0_24_0_null_[0, 64, 12, 32, 31, 11, 54, 0]
53_53_249_72_0_44_43_64_0_5_0_0_0_24_0_null_[0, 64, 12, 32, 31, 11, 54, 0]
54_54_249_72_0_44_43_64_0_5_0_0_0_24_0_null_[0, 64, 12, 32, 31, 11, 54, 0]
55_55_249_72_0_44_43_64_0_5_0_0_0_24_0_null_[0, 64, 12, 32, 31, 11, 54, 0]
56_56_249_72_0_44_43_64_0_5_0_0_0_24_0_null_[0, 64, 12, 32, 31, 11, 54, 0]
57_57_249_72_0_44_43_64_0_5_0_0_0_24_0_null_[0, 64, 12, 32, 31, 11, 54, 0]
58_58_249_72_0_44_43_64_0_5_0_0_0_24_0_null_[0, 64, 12, 32, 31, 11, 54, 0]
59_59_249_72_0_44_43_64_0_5_0_0_0_24_0_null_[0, 64, 12, 32, 31, 11, 54, 0]
60_60_249_72_0_44_43_64_0_5_0_0_0_24_0_null_[0, 64, 12, 32, 31, 11, 54, 0]
61_61_249_72_0_44_43_64_0_5_0_0_0_24_0_null_[0, 64, 12, 32, 31, 11, 54, 0]
62_62_249_72_0_44_43_64_0_5_0_0_0_24_0_null_[0, 64, 12, 32, 31, 11, 54, 0]
63_63_249_72_0_44_43_64_0_5_0_0_0_24_0_null_[0, 64, 12, 32, 31, 11, 54, 0]
64_64_249_72_0_44_43_64_0_5_0_0_0_24_0_null_[0, 64, 12, 32, 31, 11, 54, 0]
65_65_249_72_0_44_43_64_0_5_0_0_0_24_0_null_[0, 64, 12, 32, 31, 11, 54, 0]
66_66_249_72_0_44_43_64_0_5_0_0_0_24_0_null_[0, 64, 12, 32, 31, 11, 54, 0]
67_67_249_72_0_44_43_64_0_5_0_0_0_24_0_null_[0, 64, 12, 32, 31, 11, 54, 0]
68_68_249_72_0_44_43_64_0_5_0_0_0_24_0_null_[0, 64, 12, 32, 31, 11, 54, 0]
69_69_249_72_0_44_43_64_0_5_0_0_0_24_0_null_[0, 64, 12, 32, 31, 11, 54, 0]
70_70_249_72_0_44_43_64_0_5_0_0_0_24_0_null_[0, 64, 12, 32, 31, 11, 54, 0]
71_71_249_72_0_44_43_64_0_5_0_0_0_24_0_null_[0, 64, 12, 32, 31, 11, 54, 0]
72_72_249_72_0_44_43_64_0_5_0_0_0_24_0_null_[0, 64, 12, 32, 31, 11, 54, 0]
73_73_249_72_0_44_43_64_0_5_0_0_0_24_0_null_[0, 64, 12, 32, 31, 11, 54, 0]
74_74_249_72_0_44_43_64_0_5_0_0_0_24_0_null_[0, 64, 12, 32, 31, 11, 54, 0]
75_75_249_72_0_44_43_64_0_5_0_0_0_24_0_null_[0, 64, 12, 32, 31, 11, 54, 0]
76_76_249_72_0_44_43_64_0_5_0_0_0_24_0_null_[0, 64, 12, 32, 31, 11, 54, 0]
77_77_249_72_0_44_43_64_0_5_0_0_0_24_0_null_[0, 64, 12, 32, 31, 11, 54, 0]
78_78_249_72_0_44_43_64_0_5_0_0_0_24_0_null_[0, 64, 12, 32, 31, 11, 54, 0]
79_79_249_72_0_44_43_64_0_5_0_0_0_24_0_null_[0, 64, 12, 32, 31, 11, 54, 0]
80_80_249_72_0_44_43_64_0_5_0_0_0_24_0_null_[0, 64, 12, 32, 31, 11, 54, 0]
81_81_249_72_0_44_43_64_0_5_0_0_0_24_0_null_[0, 64, 12, 32, 31, 11, 54, 0]
82_82_249_72_0_44_43_64_0_5_0_0_0_24_0_null_[0, 64, 12, 32, 31, 11, 54, 0]
83_83_249_72_0_44_43_64_0_5_0_0_0_24_0_null_[0, 64, 12, 32, 31, 11, 54, 0]
84_84_250_96_0_44_43_64_0_5_0_0_0_24_0_null_[0, 64, 12, 32, 31, 11, 54, 0]
85_85_250_96_0_44_43_64_0_5_0_0_0_24_0_null_[0, 64, 12, 32, 31, 11, 54, 0]
86_86_250_96_0_44_43_64_0_5_0_0_0_24_0_null_[0, 64, 12, 32, 31, 11, 54, 0]
87_87_250_96_0_44_43_64_0_5_0_0_0_24_0_null_[0, 64, 12, 32, 31, 11, 54, 0]
88_88_250_96_0_44_43_64_0_5_0_0_0_24_0_null_[0, 64, 12, 32, 31, 11, 54, 0]
89_89_250_96_0_44_43_64_0_5_0_0_0_24_0_null_[0, 64, 12, 32, 31, 11, 54, 0]
90_90_250_96_0_44_43_64_0_5_0_0_0_24_0_null_[0, 64, 12, 32, 31, 11, 54, 0]
91_91_250_96_0_44_43_64_0_5_0_0_0_24_0_null_[0, 64, 12, 32, 31, 11, 54, 0]
92_92_250_96_0_44_43_64_0_5_0_0_0_24_0_null_[0, 64, 12, 32, 31, 11, 54, 0]
93_93_250_96_0_44_43_64_0_5_0_0_0_24_0_null_[0, 64, 12, 32, 31, 11, 54, 0]
94_94_250_96_0_44_43_64_0_5_0_0_0_24_0_null_[0, 64, 12, 32, 31, 11, 54, 0]
95_95_250_96_0_44_43_64_0_5_0_0_0_24_0_null_[0, 64, 12, 32, 31, 11, 54, 0]
96_96_250_96_0_44_43_64_0_5_0_0_0_24_0_null_[0, 64, 12, 32, 31, 11, 54, 0]
97_97_250_96_0_44_43_64_0_5_0_0_0_24_0_null_[0, 64, 12, 32, 31, 11, 54, 0]
98_98_250_96_0_44_43_64_0_5_0_0_0_24_0_null_[0, 64, 12, 32, 31, 11, 54, 0]
99_99_250_96_0_44_43_64_0_5_0_0_0_24_0_null_[0, 64, 12, 32, 31, 11, 54, 0]
100_100_250_96_0_44_43_64_0_5_0_0_0_24_0_null_[0, 64, 12, 32, 31, 11, 54, 0]
101_101_250_96_0_44_43_64_0_5_0_0_0_24_0_null_[0, 64, 12, 32, 31, 11, 54, 0]
102_102_250_96_0_44_43_64_0_5_0_0_0_24_0_null_[0, 64, 12, 32, 31, 11, 54, 0]
103_103_250_96_0_44_43_64_0_5_0_0_0_24_0_null_[0, 64, 12, 32, 31, 11, 54, 0]
104_104_250_96_0_44_43_64_0_5_0_0_0_24_0_null_[0, 64, 12, 32, 31, 11, 54, 0]
105_105_250_96_0_44_43_64_0_5_0_0_0_24_0_null_[0, 64, 12, 32, 31, 11, 54, 0]
106_106_250_96_0_44_43_64_0_5_0_0_0_24_0_null_[0, 64, 12, 32, 31, 11, 54, 0]
107_107_250_96_0_44_43_64_0_5_0_0_0_24_0_null_[0, 64, 12, 32, 31, 11, 54, 0]
108_108_250_96_0_44_43_64_0_5_0_0_0_24_0_null_[0, 64, 12, 32, 31, 11, 54, 0]
109_109_250_96_0_44_43_64_0_5_0_0_0_24_0_null_[0, 64, 12, 32, 31, 11, 54, 0]
110_110_250_96_0_44_43_64_0_5_0_0_0_24_0_null_[0, 64, 12, 32, 31, 11, 54, 0]
111_111_250_96_0_44_43_64_0_5_0_0_0_24_0_null_[0, 64, 12, 32, 31, 11, 54, 0]
112_112_250_96_0_44_43_64_0_5_0_0_0_24_0_null_[0, 64, 12, 32, 31, 11, 54, 0]
113_113_250_96_0_44_43_64_0_5_0_0_0_24_0_null_[0, 64, 12, 32, 31, 11, 54, 0]
114_114_250_96_0_44_43_64_0_5_0_0_0_24_0_null_[0, 64, 12, 32, 31, 11, 54, 0]
115_115_250_96_0_44_43_64_0_5_0_0_0_24_0_null_[0, 64, 12, 32, 31, 11, 54, 0]
116_116_250_96_0_44_43_64_0_5_0_0_0_24_0_null_[0, 64, 12, 32, 31, 11, 54, 0]
117_117_250_96_0_44_43_64_0_5_0_0_0_24_0_null_[0, 64, 12, 32, 31, 11, 54, 0]
118_118_250_96_0_44_43_64_0_5_0_0_0_24_0_null_[0, 64, 12, 32, 31, 11, 54, 0]
119_119_250_96_0_44_43_64_0_5_0_0_0_24_0_null_[0, 64, 12, 32, 31, 11, 54, 0]
120_120_250_96_0_44_43_64_0_5_0_0_0_24_0_null_[0, 64, 12, 32, 31, 11, 54, 0]
121_121_250_96_0_44_43_64_0_5_0_0_0_24_0_null_[0, 64, 12, 32, 31, 11, 54, 0]
122_122_250_96_0_44_43_64_0_5_0_0_0_24_0_null_[0, 64, 12, 32, 31, 11, 54, 0]
123_123_250_96_0_44_43_64_0_5_0_0_0_24_0_null_[0, 64, 12, 32, 31, 11, 54, 0]
124_124_250_96_0_44_43_64_0_5_0_0_0_24_0_null_[0, 64, 12, 32, 31, 11, 54, 0]
125_125_250_96_0_44_43_64_0_5_0_0_0_24_0_null_[0, 64, 12, 32, 31, 11, 54, 0]
126_126_250_96_0_44_43_64_0_5_0_0_0_24_0_null_[0, 64, 12, 32, 31, 11, 54, 0]
127_127_250_96_0_44_43_64_0_5_0_0_0_24_0_null_[0, 64, 12, 32, 31, 11, 54, 0]
