0_0_251_62_0_41_32_64_0_0_0_0_0_24_0_[0, 64, 5, 51, 34, 23, 75, 0]_[0, 64, 9, 36, 29, 12, 51, 0]
1_1_251_62_0_41_32_64_0_0_0_0_0_24_0_[0, 64, 5, 51, 34, 23, 75, 0]_[0, 64, 9, 36, 29, 12, 51, 0]
2_2_251_62_0_41_32_64_0_0_0_0_0_24_0_[0, 64, 5, 51, 34, 23, 75, 0]_[0, 64, 9, 36, 29, 12, 51, 0]
3_3_251_62_0_41_32_64_0_0_0_0_0_24_0_[0, 64, 5, 51, 34, 23, 75, 0]_[0, 64, 9, 36, 29, 12, 51, 0]
4_4_251_62_0_41_32_64_0_0_0_0_0_24_0_[0, 64, 5, 51, 34, 23, 75, 0]_[0, 64, 9, 36, 29, 12, 51, 0]
5_5_251_62_0_41_32_64_0_0_0_0_0_24_0_[0, 64, 5, 51, 34, 23, 75, 0]_[0, 64, 9, 36, 29, 12, 51, 0]
6_6_251_62_0_41_32_64_0_0_0_0_0_24_0_[0, 64, 5, 51, 34, 23, 75, 0]_[0, 64, 9, 36, 29, 12, 51, 0]
7_7_251_62_0_41_32_64_0_0_0_0_0_24_0_[0, 64, 5, 51, 34, 23, 75, 0]_[0, 64, 9, 36, 29, 12, 51, 0]
8_8_251_62_0_41_32_64_0_0_0_0_0_24_0_[0, 64, 5, 51, 34, 23, 75, 0]_[0, 64, 9, 36, 29, 12, 51, 0]
9_9_251_62_0_41_32_64_0_0_0_0_0_24_0_[0, 64, 5, 51, 34, 23, 75, 0]_[0, 64, 9, 36, 29, 12, 51, 0]
10_10_251_62_0_41_32_64_0_0_0_0_0_24_0_[0, 64, 5, 51, 34, 23, 75, 0]_[0, 64, 9, 36, 29, 12, 51, 0]
11_11_251_62_0_41_32_64_0_0_0_0_0_24_0_[0, 64, 5, 51, 34, 23, 75, 0]_[0, 64, 9, 36, 29, 12, 51, 0]
12_12_251_62_0_41_32_64_0_0_0_0_0_24_0_[0, 64, 5, 51, 34, 23, 75, 0]_[0, 64, 9, 36, 29, 12, 51, 0]
13_13_251_62_0_41_32_64_0_0_0_0_0_24_0_[0, 64, 5, 51, 34, 23, 75, 0]_[0, 64, 9, 36, 29, 12, 51, 0]
14_14_251_62_0_41_32_64_0_0_0_0_0_24_0_[0, 64, 5, 51, 34, 23, 75, 0]_[0, 64, 9, 36, 29, 12, 51, 0]
15_15_251_62_0_41_32_64_0_0_0_0_0_24_0_[0, 64, 5, 51, 34, 23, 75, 0]_[0, 64, 9, 36, 29, 12, 51, 0]
16_16_251_62_0_41_32_64_0_0_0_0_0_24_0_[0, 64, 5, 51, 34, 23, 75, 0]_[0, 64, 9, 36, 29, 12, 51, 0]
17_17_251_62_0_41_32_64_0_0_0_0_0_24_0_[0, 64, 5, 51, 34, 23, 75, 0]_[0, 64, 9, 36, 29, 12, 51, 0]
18_18_251_62_0_41_32_64_0_0_0_0_0_24_0_[0, 64, 5, 51, 34, 23, 75, 0]_[0, 64, 9, 36, 29, 12, 51, 0]
19_19_251_62_0_41_32_64_0_0_0_0_0_24_0_[0, 64, 5, 51, 34, 23, 75, 0]_[0, 64, 9, 36, 29, 12, 51, 0]
20_20_251_62_0_41_32_64_0_0_0_0_0_24_0_[0, 64, 5, 51, 34, 23, 75, 0]_[0, 64, 9, 36, 29, 12, 51, 0]
21_21_251_62_0_41_32_64_0_0_0_0_0_24_0_[0, 64, 5, 51, 34, 23, 75, 0]_[0, 64, 9, 36, 29, 12, 51, 0]
22_22_251_62_0_41_32_64_0_0_0_0_0_24_0_[0, 64, 5, 51, 34, 23, 75, 0]_[0, 64, 9, 36, 29, 12, 51, 0]
23_23_251_62_0_41_32_64_0_0_0_0_0_24_0_[0, 64, 5, 51, 34, 23, 75, 0]_[0, 64, 9, 36, 29, 12, 51, 0]
24_24_251_62_0_41_32_64_0_0_0_0_0_24_0_[0, 64, 5, 51, 34, 23, 75, 0]_[0, 64, 9, 36, 29, 12, 51, 0]
25_25_251_62_0_41_32_64_0_0_0_0_0_24_0_[0, 64, 5, 51, 34, 23, 75, 0]_[0, 64, 9, 36, 29, 12, 51, 0]
26_26_251_62_0_41_32_64_0_0_0_0_0_24_0_[0, 64, 5, 51, 34, 23, 75, 0]_[0, 64, 9, 36, 29, 12, 51, 0]
27_27_251_62_0_41_32_64_0_0_0_0_0_24_0_[0, 64, 5, 51, 34, 23, 75, 0]_[0, 64, 9, 36, 29, 12, 51, 0]
28_28_251_62_0_41_32_64_0_0_0_0_0_24_0_[0, 64, 5, 51, 34, 23, 75, 0]_[0, 64, 9, 36, 29, 12, 51, 0]
29_29_251_62_0_41_32_64_0_0_0_0_0_24_0_[0, 64, 5, 51, 34, 23, 75, 0]_[0, 64, 9, 36, 29, 12, 51, 0]
30_30_251_62_0_41_32_64_0_0_0_0_0_24_0_[0, 64, 5, 51, 34, 23, 75, 0]_[0, 64, 9, 36, 29, 12, 51, 0]
31_31_251_62_0_41_32_64_0_0_0_0_0_24_0_[0, 64, 5, 51, 34, 23, 75, 0]_[0, 64, 9, 36, 29, 12, 51, 0]
32_32_251_62_0_41_32_64_0_0_0_0_0_24_0_[0, 64, 5, 51, 34, 23, 75, 0]_[0, 64, 9, 36, 29, 12, 51, 0]
33_33_251_62_0_41_32_64_0_0_0_0_0_24_0_[0, 64, 5, 51, 34, 23, 75, 0]_[0, 64, 9, 36, 29, 12, 51, 0]
34_34_251_62_0_41_32_64_0_0_0_0_0_24_0_[0, 64, 5, 51, 34, 23, 75, 0]_[0, 64, 9, 36, 29, 12, 51, 0]
35_35_251_62_0_41_32_64_0_0_0_0_0_24_0_[0, 64, 5, 51, 34, 23, 75, 0]_[0, 64, 9, 36, 29, 12, 51, 0]
36_36_251_62_0_41_32_64_0_0_0_0_0_24_0_[0, 64, 5, 51, 34, 23, 75, 0]_[0, 64, 9, 36, 29, 12, 51, 0]
37_37_251_62_0_41_32_64_0_0_0_0_0_24_0_[0, 64, 5, 51, 34, 23, 75, 0]_[0, 64, 9, 36, 29, 12, 51, 0]
38_38_251_62_0_41_32_64_0_0_0_0_0_24_0_[0, 64, 5, 51, 34, 23, 75, 0]_[0, 64, 9, 36, 29, 12, 51, 0]
39_39_251_62_0_41_32_64_0_0_0_0_0_24_0_[0, 64, 5, 51, 34, 23, 75, 0]_[0, 64, 9, 36, 29, 12, 51, 0]
40_40_251_62_0_41_32_64_0_0_0_0_0_24_0_[0, 64, 5, 51, 34, 23, 75, 0]_[0, 64, 9, 36, 29, 12, 51, 0]
41_41_251_62_0_41_32_64_0_0_0_0_0_24_0_[0, 64, 5, 51, 34, 23, 75, 0]_[0, 64, 9, 36, 29, 12, 51, 0]
42_42_251_62_0_41_32_64_0_0_0_0_0_24_0_[0, 64, 5, 51, 34, 23, 75, 0]_[0, 64, 9, 36, 29, 12, 51, 0]
43_43_251_62_0_41_32_64_0_0_0_0_0_24_0_[0, 64, 5, 51, 34, 23, 75, 0]_[0, 64, 9, 36, 29, 12, 51, 0]
44_44_251_62_0_41_32_64_0_0_0_0_0_24_0_[0, 64, 5, 51, 34, 23, 75, 0]_[0, 64, 9, 36, 29, 12, 51, 0]
45_45_251_62_0_41_32_64_0_0_0_0_0_24_0_[0, 64, 5, 51, 34, 23, 75, 0]_[0, 64, 9, 36, 29, 12, 51, 0]
46_46_251_62_0_41_32_64_0_0_0_0_0_24_0_[0, 64, 5, 51, 34, 23, 75, 0]_[0, 64, 9, 36, 29, 12, 51, 0]
47_47_251_62_0_41_32_64_0_0_0_0_0_24_0_[0, 64, 5, 51, 34, 23, 75, 0]_[0, 64, 9, 36, 29, 12, 51, 0]
48_48_251_62_0_41_32_64_0_0_0_0_0_24_0_[0, 64, 5, 51, 34, 23, 75, 0]_[0, 64, 9, 36, 29, 12, 51, 0]
49_49_251_62_0_41_32_64_0_0_0_0_0_24_0_[0, 64, 5, 51, 34, 23, 75, 0]_[0, 64, 9, 36, 29, 12, 51, 0]
50_50_251_62_0_41_32_64_0_0_0_0_0_24_0_[0, 64, 5, 51, 34, 23, 75, 0]_[0, 64, 9, 36, 29, 12, 51, 0]
51_51_251_62_0_41_32_64_0_0_0_0_0_24_0_[0, 64, 5, 51, 34, 23, 75, 0]_[0, 64, 9, 36, 29, 12, 51, 0]
52_52_251_62_0_41_32_64_0_0_0_0_0_24_0_[0, 64, 5, 51, 34, 23, 75, 0]_[0, 64, 9, 36, 29, 12, 51, 0]
53_53_251_62_0_41_32_64_0_0_0_0_0_24_0_[0, 64, 5, 51, 34, 23, 75, 0]_[0, 64, 9, 36, 29, 12, 51, 0]
54_54_251_62_0_41_32_64_0_0_0_0_0_24_0_[0, 64, 5, 51, 34, 23, 75, 0]_[0, 64, 9, 36, 29, 12, 51, 0]
55_55_251_62_0_41_32_64_0_0_0_0_0_24_0_[0, 64, 5, 51, 34, 23, 75, 0]_[0, 64, 9, 36, 29, 12, 51, 0]
56_56_251_62_0_41_32_64_0_0_0_0_0_24_0_[0, 64, 5, 51, 34, 23, 75, 0]_[0, 64, 9, 36, 29, 12, 51, 0]
57_57_251_62_0_41_32_64_0_0_0_0_0_24_0_[0, 64, 5, 51, 34, 23, 75, 0]_[0, 64, 9, 36, 29, 12, 51, 0]
58_58_251_62_0_41_32_64_0_0_0_0_0_24_0_[0, 64, 5, 51, 34, 23, 75, 0]_[0, 64, 9, 36, 29, 12, 51, 0]
59_59_251_62_0_41_32_64_0_0_0_0_0_24_0_[0, 64, 5, 51, 34, 23, 75, 0]_[0, 64, 9, 36, 29, 12, 51, 0]
60_60_251_62_0_41_32_64_0_0_0_0_0_24_0_[0, 64, 5, 51, 34, 23, 75, 0]_[0, 64, 9, 36, 29, 12, 51, 0]
61_61_251_62_0_41_32_64_0_0_0_0_0_24_0_[0, 64, 5, 51, 34, 23, 75, 0]_[0, 64, 9, 36, 29, 12, 51, 0]
62_62_251_62_0_41_32_64_0_0_0_0_0_24_0_[0, 64, 5, 51, 34, 23, 75, 0]_[0, 64, 9, 36, 29, 12, 51, 0]
63_63_251_62_0_41_32_64_0_0_0_0_0_24_0_[0, 64, 5, 51, 34, 23, 75, 0]_[0, 64, 9, 36, 29, 12, 51, 0]
64_64_251_62_0_41_32_64_0_0_0_0_0_24_0_[0, 64, 5, 51, 34, 23, 75, 0]_[0, 64, 9, 36, 29, 12, 51, 0]
65_65_251_62_0_41_32_64_0_0_0_0_0_24_0_[0, 64, 5, 51, 34, 23, 75, 0]_[0, 64, 9, 36, 29, 12, 51, 0]
66_66_251_62_0_41_32_64_0_0_0_0_0_24_0_[0, 64, 5, 51, 34, 23, 75, 0]_[0, 64, 9, 36, 29, 12, 51, 0]
67_67_251_62_0_41_32_64_0_0_0_0_0_24_0_[0, 64, 5, 51, 34, 23, 75, 0]_[0, 64, 9, 36, 29, 12, 51, 0]
68_68_251_62_0_41_32_64_0_0_0_0_0_24_0_[0, 64, 5, 51, 34, 23, 75, 0]_[0, 64, 9, 36, 29, 12, 51, 0]
69_69_251_62_0_41_32_64_0_0_0_0_0_24_0_[0, 64, 5, 51, 34, 23, 75, 0]_[0, 64, 9, 36, 29, 12, 51, 0]
70_70_251_62_0_41_32_64_0_0_0_0_0_24_0_[0, 64, 5, 51, 34, 23, 75, 0]_[0, 64, 9, 36, 29, 12, 51, 0]
71_71_251_62_0_41_32_64_0_0_0_0_0_24_0_[0, 64, 5, 51, 34, 23, 75, 0]_[0, 64, 9, 36, 29, 12, 51, 0]
72_72_251_62_0_41_32_64_0_0_0_0_0_24_0_[0, 64, 5, 51, 34, 23, 75, 0]_[0, 64, 9, 36, 29, 12, 51, 0]
73_73_251_62_0_41_32_64_0_0_0_0_0_24_0_[0, 64, 5, 51, 34, 23, 75, 0]_[0, 64, 9, 36, 29, 12, 51, 0]
74_74_252_74_0_41_32_64_0_0_0_0_0_24_0_[0, 64, 5, 51, 34, 23, 75, 0]_[0, 64, 9, 36, 29, 12, 51, 0]
75_75_252_74_0_41_32_64_0_0_0_0_0_24_0_[0, 64, 5, 51, 34, 23, 75, 0]_[0, 64, 9, 36, 29, 12, 51, 0]
76_76_252_74_0_41_32_64_0_0_0_0_0_24_0_[0, 64, 5, 51, 34, 23, 75, 0]_[0, 64, 9, 36, 29, 12, 51, 0]
77_77_252_74_0_41_32_64_0_0_0_0_0_24_0_[0, 64, 5, 51, 34, 23, 75, 0]_[0, 64, 9, 36, 29, 12, 51, 0]
78_78_252_74_0_41_32_64_0_0_0_0_0_24_0_[0, 64, 5, 51, 34, 23, 75, 0]_[0, 64, 9, 36, 29, 12, 51, 0]
79_79_252_74_0_41_32_64_0_0_0_0_0_24_0_[0, 64, 5, 51, 34, 23, 75, 0]_[0, 64, 9, 36, 29, 12, 51, 0]
80_80_252_74_0_41_32_64_0_0_0_0_0_24_0_[0, 64, 5, 51, 34, 23, 75, 0]_[0, 64, 9, 36, 29, 12, 51, 0]
81_81_252_74_0_41_32_64_0_0_0_0_0_24_0_[0, 64, 5, 51, 34, 23, 75, 0]_[0, 64, 9, 36, 29, 12, 51, 0]
82_82_252_74_0_41_32_64_0_0_0_0_0_24_0_[0, 64, 5, 51, 34, 23, 75, 0]_[0, 64, 9, 36, 29, 12, 51, 0]
83_83_252_74_0_41_32_64_0_0_0_0_0_24_0_[0, 64, 5, 51, 34, 23, 75, 0]_[0, 64, 9, 36, 29, 12, 51, 0]
84_84_252_74_0_41_32_64_0_0_0_0_0_24_0_[0, 64, 5, 51, 34, 23, 75, 0]_[0, 64, 9, 36, 29, 12, 51, 0]
85_85_252_74_0_41_32_64_0_0_0_0_0_24_0_[0, 64, 5, 51, 34, 23, 75, 0]_[0, 64, 9, 36, 29, 12, 51, 0]
86_86_252_74_0_41_32_64_0_0_0_0_0_24_0_[0, 64, 5, 51, 34, 23, 75, 0]_[0, 64, 9, 36, 29, 12, 51, 0]
87_87_252_74_0_41_32_64_0_0_0_0_0_24_0_[0, 64, 5, 51, 34, 23, 75, 0]_[0, 64, 9, 36, 29, 12, 51, 0]
88_88_252_74_0_41_32_64_0_0_0_0_0_24_0_[0, 64, 5, 51, 34, 23, 75, 0]_[0, 64, 9, 36, 29, 12, 51, 0]
89_89_252_74_0_41_32_64_0_0_0_0_0_24_0_[0, 64, 5, 51, 34, 23, 75, 0]_[0, 64, 9, 36, 29, 12, 51, 0]
90_90_252_74_0_41_32_64_0_0_0_0_0_24_0_[0, 64, 5, 51, 34, 23, 75, 0]_[0, 64, 9, 36, 29, 12, 51, 0]
91_91_252_74_0_41_32_64_0_0_0_0_0_24_0_[0, 64, 5, 51, 34, 23, 75, 0]_[0, 64, 9, 36, 29, 12, 51, 0]
92_92_252_74_0_41_32_64_0_0_0_0_0_24_0_[0, 64, 5, 51, 34, 23, 75, 0]_[0, 64, 9, 36, 29, 12, 51, 0]
93_93_252_74_0_41_32_64_0_0_0_0_0_24_0_[0, 64, 5, 51, 34, 23, 75, 0]_[0, 64, 9, 36, 29, 12, 51, 0]
94_94_252_74_0_41_32_64_0_0_0_0_0_24_0_[0, 64, 5, 51, 34, 23, 75, 0]_[0, 64, 9, 36, 29, 12, 51, 0]
95_95_252_74_0_41_32_64_0_0_0_0_0_24_0_[0, 64, 5, 51, 34, 23, 75, 0]_[0, 64, 9, 36, 29, 12, 51, 0]
96_96_252_74_0_41_32_64_0_0_0_0_0_24_0_[0, 64, 5, 51, 34, 23, 75, 0]_[0, 64, 9, 36, 29, 12, 51, 0]
97_97_252_74_0_41_32_64_0_0_0_0_0_24_0_[0, 64, 5, 51, 34, 23, 75, 0]_[0, 64, 9, 36, 29, 12, 51, 0]
98_98_252_74_0_41_32_64_0_0_0_0_0_24_0_[0, 64, 5, 51, 34, 23, 75, 0]_[0, 64, 9, 36, 29, 12, 51, 0]
99_99_252_74_0_41_32_64_0_0_0_0_0_24_0_[0, 64, 5, 51, 34, 23, 75, 0]_[0, 64, 9, 36, 29, 12, 51, 0]
100_100_252_74_0_41_32_64_0_0_0_0_0_24_0_[0, 64, 5, 51, 34, 23, 75, 0]_[0, 64, 9, 36, 29, 12, 51, 0]
101_101_252_74_0_41_32_64_0_0_0_0_0_24_0_[0, 64, 5, 51, 34, 23, 75, 0]_[0, 64, 9, 36, 29, 12, 51, 0]
102_102_252_74_0_41_32_64_0_0_0_0_0_24_0_[0, 64, 5, 51, 34, 23, 75, 0]_[0, 64, 9, 36, 29, 12, 51, 0]
103_103_252_74_0_41_32_64_0_0_0_0_0_24_0_[0, 64, 5, 51, 34, 23, 75, 0]_[0, 64, 9, 36, 29, 12, 51, 0]
104_104_252_74_0_41_32_64_0_0_0_0_0_24_0_[0, 64, 5, 51, 34, 23, 75, 0]_[0, 64, 9, 36, 29, 12, 51, 0]
105_105_252_74_0_41_32_64_0_0_0_0_0_24_0_[0, 64, 5, 51, 34, 23, 75, 0]_[0, 64, 9, 36, 29, 12, 51, 0]
106_106_252_74_0_41_32_64_0_0_0_0_0_24_0_[0, 64, 5, 51, 34, 23, 75, 0]_[0, 64, 9, 36, 29, 12, 51, 0]
107_107_252_74_0_41_32_64_0_0_0_0_0_24_0_[0, 64, 5, 51, 34, 23, 75, 0]_[0, 64, 9, 36, 29, 12, 51, 0]
108_108_252_74_0_41_32_64_0_0_0_0_0_24_0_[0, 64, 5, 51, 34, 23, 75, 0]_[0, 64, 9, 36, 29, 12, 51, 0]
109_109_252_74_0_41_32_64_0_0_0_0_0_24_0_[0, 64, 5, 51, 34, 23, 75, 0]_[0, 64, 9, 36, 29, 12, 51, 0]
110_110_252_74_0_41_32_64_0_0_0_0_0_24_0_[0, 64, 5, 51, 34, 23, 75, 0]_[0, 64, 9, 36, 29, 12, 51, 0]
111_111_252_74_0_41_32_64_0_0_0_0_0_24_0_[0, 64, 5, 51, 34, 23, 75, 0]_[0, 64, 9, 36, 29, 12, 51, 0]
112_112_252_74_0_41_32_64_0_0_0_0_0_24_0_[0, 64, 5, 51, 34, 23, 75, 0]_[0, 64, 9, 36, 29, 12, 51, 0]
113_113_252_74_0_41_32_64_0_0_0_0_0_24_0_[0, 64, 5, 51, 34, 23, 75, 0]_[0, 64, 9, 36, 29, 12, 51, 0]
114_114_252_74_0_41_32_64_0_0_0_0_0_24_0_[0, 64, 5, 51, 34, 23, 75, 0]_[0, 64, 9, 36, 29, 12, 51, 0]
115_115_252_74_0_41_32_64_0_0_0_0_0_24_0_[0, 64, 5, 51, 34, 23, 75, 0]_[0, 64, 9, 36, 29, 12, 51, 0]
116_116_252_74_0_41_32_64_0_0_0_0_0_24_0_[0, 64, 5, 51, 34, 23, 75, 0]_[0, 64, 9, 36, 29, 12, 51, 0]
117_117_252_74_0_41_32_64_0_0_0_0_0_24_0_[0, 64, 5, 51, 34, 23, 75, 0]_[0, 64, 9, 36, 29, 12, 51, 0]
118_118_252_74_0_41_32_64_0_0_0_0_0_24_0_[0, 64, 5, 51, 34, 23, 75, 0]_[0, 64, 9, 36, 29, 12, 51, 0]
119_119_252_74_0_41_32_64_0_0_0_0_0_24_0_[0, 64, 5, 51, 34, 23, 75, 0]_[0, 64, 9, 36, 29, 12, 51, 0]
120_120_252_74_0_41_32_64_0_0_0_0_0_24_0_[0, 64, 5, 51, 34, 23, 75, 0]_[0, 64, 9, 36, 29, 12, 51, 0]
121_121_252_74_0_41_32_64_0_0_0_0_0_24_0_[0, 64, 5, 51, 34, 23, 75, 0]_[0, 64, 9, 36, 29, 12, 51, 0]
122_122_252_74_0_41_32_64_0_0_0_0_0_24_0_[0, 64, 5, 51, 34, 23, 75, 0]_[0, 64, 9, 36, 29, 12, 51, 0]
123_123_252_74_0_41_32_64_0_0_0_0_0_24_0_[0, 64, 5, 51, 34, 23, 75, 0]_[0, 64, 9, 36, 29, 12, 51, 0]
124_124_252_74_0_41_32_64_0_0_0_0_0_24_0_[0, 64, 5, 51, 34, 23, 75, 0]_[0, 64, 9, 36, 29, 12, 51, 0]
125_125_252_74_0_41_32_64_0_0_0_0_0_24_0_[0, 64, 5, 51, 34, 23, 75, 0]_[0, 64, 9, 36, 29, 12, 51, 0]
126_126_252_74_0_41_32_64_0_0_0_0_0_24_0_[0, 64, 5, 51, 34, 23, 75, 0]_[0, 64, 9, 36, 29, 12, 51, 0]
127_127_252_74_0_41_32_64_0_0_0_0_0_24_0_[0, 64, 5, 51, 34, 23, 75, 0]_[0, 64, 9, 36, 29, 12, 51, 0]
