0_0_253_50_0_43_32_64_0_0_0_0_0_24_0_null_[0, 64, 14, 0]
1_1_253_50_0_43_32_64_0_0_0_0_0_24_0_null_[0, 64, 14, 0]
2_2_253_50_0_43_32_64_0_0_0_0_0_24_0_null_[0, 64, 14, 0]
3_3_253_50_0_43_32_64_0_0_0_0_0_24_0_null_[0, 64, 14, 0]
4_4_253_50_0_43_32_64_0_0_0_0_0_24_0_null_[0, 64, 14, 0]
5_5_253_50_0_43_32_64_0_0_0_0_0_24_0_null_[0, 64, 14, 0]
6_6_253_50_0_43_32_64_0_0_0_0_0_24_0_null_[0, 64, 14, 0]
7_7_253_50_0_43_32_64_0_0_0_0_0_24_0_null_[0, 64, 14, 0]
8_8_253_50_0_43_32_64_0_0_0_0_0_24_0_null_[0, 64, 14, 0]
9_9_253_50_0_43_32_64_0_0_0_0_0_24_0_null_[0, 64, 14, 0]
10_10_253_50_0_43_32_64_0_0_0_0_0_24_0_null_[0, 64, 14, 0]
11_11_253_50_0_43_32_64_0_0_0_0_0_24_0_null_[0, 64, 14, 0]
12_12_253_50_0_43_32_64_0_0_0_0_0_24_0_null_[0, 64, 14, 0]
13_13_253_50_0_43_32_64_0_0_0_0_0_24_0_null_[0, 64, 14, 0]
14_14_253_50_0_43_32_64_0_0_0_0_0_24_0_null_[0, 64, 14, 0]
15_15_253_50_0_43_32_64_0_0_0_0_0_24_0_null_[0, 64, 14, 0]
16_16_253_50_0_43_32_64_0_0_0_0_0_24_0_null_[0, 64, 14, 0]
17_17_253_50_0_43_32_64_0_0_0_0_0_24_0_null_[0, 64, 14, 0]
18_18_253_50_0_43_32_64_0_0_0_0_0_24_0_null_[0, 64, 14, 0]
19_19_253_50_0_43_32_64_0_0_0_0_0_24_0_null_[0, 64, 14, 0]
20_20_253_50_0_43_32_64_0_0_0_0_0_24_0_null_[0, 64, 14, 0]
21_21_253_50_0_43_32_64_0_0_0_0_0_24_0_null_[0, 64, 14, 0]
22_22_253_50_0_43_32_64_0_0_0_0_0_24_0_null_[0, 64, 14, 0]
23_23_253_50_0_43_32_64_0_0_0_0_0_24_0_null_[0, 64, 14, 0]
24_24_253_50_0_43_32_64_0_0_0_0_0_24_0_null_[0, 64, 14, 0]
25_25_253_50_0_43_32_64_0_0_0_0_0_24_0_null_[0, 64, 14, 0]
26_26_253_50_0_43_32_64_0_0_0_0_0_24_0_null_[0, 64, 14, 0]
27_27_253_50_0_43_32_64_0_0_0_0_0_24_0_null_[0, 64, 14, 0]
28_28_253_50_0_43_32_64_0_0_0_0_0_24_0_null_[0, 64, 14, 0]
29_29_253_50_0_43_32_64_0_0_0_0_0_24_0_null_[0, 64, 14, 0]
30_30_253_50_0_43_32_64_0_0_0_0_0_24_0_null_[0, 64, 14, 0]
31_31_253_50_0_43_32_64_0_0_0_0_0_24_0_null_[0, 64, 14, 0]
32_32_253_50_0_43_32_64_0_0_0_0_0_24_0_null_[0, 64, 14, 0]
33_33_253_50_0_43_32_64_0_0_0_0_0_24_0_null_[0, 64, 14, 0]
34_34_253_50_0_43_32_64_0_0_0_0_0_24_0_null_[0, 64, 14, 0]
35_35_253_50_0_43_32_64_0_0_0_0_0_24_0_null_[0, 64, 14, 0]
36_36_253_50_0_43_32_64_0_0_0_0_0_24_0_null_[0, 64, 14, 0]
37_37_253_50_0_43_32_64_0_0_0_0_0_24_0_null_[0, 64, 14, 0]
38_38_253_50_0_43_32_64_0_0_0_0_0_24_0_null_[0, 64, 14, 0]
39_39_253_50_0_43_32_64_0_0_0_0_0_24_0_null_[0, 64, 14, 0]
40_40_253_50_0_43_32_64_0_0_0_0_0_24_0_null_[0, 64, 14, 0]
41_41_253_50_0_43_32_64_0_0_0_0_0_24_0_null_[0, 64, 14, 0]
42_42_253_50_0_43_32_64_0_0_0_0_0_24_0_null_[0, 64, 14, 0]
43_43_253_50_0_43_32_64_0_0_0_0_0_24_0_null_[0, 64, 14, 0]
44_44_253_50_0_43_32_64_0_0_0_0_0_24_0_null_[0, 64, 14, 0]
45_45_253_50_0_43_32_64_0_0_0_0_0_24_0_null_[0, 64, 14, 0]
46_46_253_50_0_43_32_64_0_0_0_0_0_24_0_null_[0, 64, 14, 0]
47_47_253_50_0_43_32_64_0_0_0_0_0_24_0_null_[0, 64, 14, 0]
48_48_253_50_0_43_32_64_0_0_0_0_0_24_0_null_[0, 64, 14, 0]
49_49_253_50_0_43_32_64_0_0_0_0_0_24_0_null_[0, 64, 14, 0]
50_50_253_50_0_43_32_64_0_0_0_0_0_24_0_null_[0, 64, 14, 0]
51_51_254_55_0_43_32_64_0_0_0_0_0_24_0_null_[0, 64, 14, 0]
52_52_254_55_0_43_32_64_0_0_0_0_0_24_0_null_[0, 64, 14, 0]
53_53_254_55_0_43_32_64_0_0_0_0_0_24_0_null_[0, 64, 14, 0]
54_54_254_55_0_43_32_64_0_0_0_0_0_24_0_null_[0, 64, 14, 0]
55_55_254_55_0_43_32_64_0_0_0_0_0_24_0_null_[0, 64, 14, 0]
56_56_254_55_0_43_32_64_0_0_0_0_0_24_0_null_[0, 64, 14, 0]
57_57_254_55_0_43_32_64_0_0_0_0_0_24_0_null_[0, 64, 14, 0]
58_58_255_59_0_43_32_64_0_0_0_0_0_24_0_null_[0, 64, 14, 0]
59_59_255_59_0_43_32_64_0_0_0_0_0_24_0_null_[0, 64, 14, 0]
60_60_255_59_0_43_32_64_0_0_0_0_0_24_0_null_[0, 64, 14, 0]
61_61_255_59_0_43_32_64_0_0_0_0_0_24_0_null_[0, 64, 14, 0]
62_62_255_59_0_43_32_64_0_0_0_0_0_24_0_null_[0, 64, 14, 0]
63_63_255_59_0_43_32_64_0_0_0_0_0_24_0_null_[0, 64, 14, 0]
64_64_255_59_0_43_32_64_0_0_0_0_0_24_0_null_[0, 64, 14, 0]
65_65_255_59_0_43_32_64_0_0_0_0_0_24_0_null_[0, 64, 14, 0]
66_66_256_71_0_43_32_64_0_0_0_0_0_24_0_null_[0, 64, 14, 0]
67_67_256_71_0_43_32_64_0_0_0_0_0_24_0_null_[0, 64, 14, 0]
68_68_256_71_0_43_32_64_0_0_0_0_0_24_0_null_[0, 64, 14, 0]
69_69_256_71_0_43_32_64_0_0_0_0_0_24_0_null_[0, 64, 14, 0]
70_70_256_71_0_43_32_64_0_0_0_0_0_24_0_null_[0, 64, 14, 0]
71_71_256_71_0_43_32_64_0_0_0_0_0_24_0_null_[0, 64, 14, 0]
72_72_256_71_0_43_32_64_0_0_0_0_0_24_0_null_[0, 64, 14, 0]
73_73_256_71_0_43_32_64_0_0_0_0_0_24_0_null_[0, 64, 14, 0]
74_74_256_71_0_43_32_64_0_0_0_0_0_24_0_null_[0, 64, 14, 0]
75_75_256_71_0_43_32_64_0_0_0_0_0_24_0_null_[0, 64, 14, 0]
76_76_256_71_0_43_32_64_0_0_0_0_0_24_0_null_[0, 64, 14, 0]
77_77_256_71_0_43_32_64_0_0_0_0_0_24_0_null_[0, 64, 14, 0]
78_78_256_71_0_43_32_64_0_0_0_0_0_24_0_null_[0, 64, 14, 0]
79_79_256_71_0_43_32_64_0_0_0_0_0_24_0_null_[0, 64, 14, 0]
80_80_256_71_0_43_32_64_0_0_0_0_0_24_0_null_[0, 64, 14, 0]
81_81_256_71_0_43_32_64_0_0_0_0_0_24_0_null_[0, 64, 14, 0]
82_82_256_71_0_43_32_64_0_0_0_0_0_24_0_null_[0, 64, 14, 0]
83_83_256_71_0_43_32_64_0_0_0_0_0_24_0_null_[0, 64, 14, 0]
84_84_256_71_0_43_32_64_0_0_0_0_0_24_0_null_[0, 64, 14, 0]
85_85_256_71_0_43_32_64_0_0_0_0_0_24_0_null_[0, 64, 14, 0]
86_86_256_71_0_43_32_64_0_0_0_0_0_24_0_null_[0, 64, 14, 0]
87_87_256_71_0_43_32_64_0_0_0_0_0_24_0_null_[0, 64, 14, 0]
88_88_256_71_0_43_32_64_0_0_0_0_0_24_0_null_[0, 64, 14, 0]
89_89_256_71_0_43_32_64_0_0_0_0_0_24_0_null_[0, 64, 14, 0]
90_90_256_71_0_43_32_64_0_0_0_0_0_24_0_null_[0, 64, 14, 0]
91_91_256_71_0_43_32_64_0_0_0_0_0_24_0_null_[0, 64, 14, 0]
92_92_256_71_0_43_32_64_0_0_0_0_0_24_0_null_[0, 64, 14, 0]
93_93_256_71_0_43_32_64_0_0_0_0_0_24_0_null_[0, 64, 14, 0]
94_94_256_71_0_43_32_64_0_0_0_0_0_24_0_null_[0, 64, 14, 0]
95_95_256_71_0_43_32_64_0_0_0_0_0_24_0_null_[0, 64, 14, 0]
96_96_256_71_0_43_32_64_0_0_0_0_0_24_0_null_[0, 64, 14, 0]
97_97_256_71_0_43_32_64_0_0_0_0_0_24_0_null_[0, 64, 14, 0]
98_98_256_71_0_43_32_64_0_0_0_0_0_24_0_null_[0, 64, 14, 0]
99_99_256_71_0_43_32_64_0_0_0_0_0_24_0_null_[0, 64, 14, 0]
100_100_256_71_0_43_32_64_0_0_0_0_0_24_0_null_[0, 64, 14, 0]
101_101_256_71_0_43_32_64_0_0_0_0_0_24_0_null_[0, 64, 14, 0]
102_102_256_71_0_43_32_64_0_0_0_0_0_24_0_null_[0, 64, 14, 0]
103_103_256_71_0_43_32_64_0_0_0_0_0_24_0_null_[0, 64, 14, 0]
104_104_256_71_0_43_32_64_0_0_0_0_0_24_0_null_[0, 64, 14, 0]
105_105_256_71_0_43_32_64_0_0_0_0_0_24_0_null_[0, 64, 14, 0]
106_106_256_71_0_43_32_64_0_0_0_0_0_24_0_null_[0, 64, 14, 0]
107_107_256_71_0_43_32_64_0_0_0_0_0_24_0_null_[0, 64, 14, 0]
108_108_256_71_0_43_32_64_0_0_0_0_0_24_0_null_[0, 64, 14, 0]
109_109_256_71_0_43_32_64_0_0_0_0_0_24_0_null_[0, 64, 14, 0]
110_110_256_71_0_43_32_64_0_0_0_0_0_24_0_null_[0, 64, 14, 0]
111_111_256_71_0_43_32_64_0_0_0_0_0_24_0_null_[0, 64, 14, 0]
112_112_256_71_0_43_32_64_0_0_0_0_0_24_0_null_[0, 64, 14, 0]
113_113_256_71_0_43_32_64_0_0_0_0_0_24_0_null_[0, 64, 14, 0]
114_114_256_71_0_43_32_64_0_0_0_0_0_24_0_null_[0, 64, 14, 0]
115_115_256_71_0_43_32_64_0_0_0_0_0_24_0_null_[0, 64, 14, 0]
116_116_256_71_0_43_32_64_0_0_0_0_0_24_0_null_[0, 64, 14, 0]
117_117_256_71_0_43_32_64_0_0_0_0_0_24_0_null_[0, 64, 14, 0]
118_118_256_71_0_43_32_64_0_0_0_0_0_24_0_null_[0, 64, 14, 0]
119_119_256_71_0_43_32_64_0_0_0_0_0_24_0_null_[0, 64, 14, 0]
120_120_256_71_0_43_32_64_0_0_0_0_0_24_0_null_[0, 64, 14, 0]
121_121_256_71_0_43_32_64_0_0_0_0_0_24_0_null_[0, 64, 14, 0]
122_122_256_71_0_43_32_64_0_0_0_0_0_24_0_null_[0, 64, 14, 0]
123_123_256_71_0_43_32_64_0_0_0_0_0_24_0_null_[0, 64, 14, 0]
124_124_256_71_0_43_32_64_0_0_0_0_0_24_0_null_[0, 64, 14, 0]
125_125_256_71_0_43_32_64_0_0_0_0_0_24_0_null_[0, 64, 14, 0]
126_126_256_71_0_43_32_64_0_0_0_0_0_24_0_null_[0, 64, 14, 0]
127_127_256_71_0_43_32_64_0_0_0_0_0_24_0_null_[0, 64, 14, 0]
