0_0_261_62_0_32_47_64_0_0_0_0_0_24_0_[0, 64, 75, 0]_[0, 64, 20, 0]
1_1_261_62_0_32_47_64_0_0_0_0_0_24_0_[0, 64, 75, 0]_[0, 64, 20, 0]
2_2_261_62_0_32_47_64_0_0_0_0_0_24_0_[0, 64, 75, 0]_[0, 64, 20, 0]
3_3_261_62_0_32_47_64_0_0_0_0_0_24_0_[0, 64, 75, 0]_[0, 64, 20, 0]
4_4_261_62_0_32_47_64_0_0_0_0_0_24_0_[0, 64, 75, 0]_[0, 64, 20, 0]
5_5_261_62_0_32_47_64_0_0_0_0_0_24_0_[0, 64, 75, 0]_[0, 64, 20, 0]
6_6_261_62_0_32_47_64_0_0_0_0_0_24_0_[0, 64, 75, 0]_[0, 64, 20, 0]
7_7_261_62_0_32_47_64_0_0_0_0_0_24_0_[0, 64, 75, 0]_[0, 64, 20, 0]
8_8_261_62_0_32_47_64_0_0_0_0_0_24_0_[0, 64, 75, 0]_[0, 64, 20, 0]
9_9_261_62_0_32_47_64_0_0_0_0_0_24_0_[0, 64, 75, 0]_[0, 64, 20, 0]
10_10_261_62_0_32_47_64_0_0_0_0_0_24_0_[0, 64, 75, 0]_[0, 64, 20, 0]
11_11_261_62_0_32_47_64_0_0_0_0_0_24_0_[0, 64, 75, 0]_[0, 64, 20, 0]
12_12_261_62_0_32_47_64_0_0_0_0_0_24_0_[0, 64, 75, 0]_[0, 64, 20, 0]
13_13_261_62_0_32_47_64_0_0_0_0_0_24_0_[0, 64, 75, 0]_[0, 64, 20, 0]
14_14_261_62_0_32_47_64_0_0_0_0_0_24_0_[0, 64, 75, 0]_[0, 64, 20, 0]
15_15_261_62_0_32_47_64_0_0_0_0_0_24_0_[0, 64, 75, 0]_[0, 64, 20, 0]
16_16_261_62_0_32_47_64_0_0_0_0_0_24_0_[0, 64, 75, 0]_[0, 64, 20, 0]
17_17_261_62_0_32_47_64_0_0_0_0_0_24_0_[0, 64, 75, 0]_[0, 64, 20, 0]
18_18_261_62_0_32_47_64_0_0_0_0_0_24_0_[0, 64, 75, 0]_[0, 64, 20, 0]
19_19_261_62_0_32_47_64_0_0_0_0_0_24_0_[0, 64, 75, 0]_[0, 64, 20, 0]
20_20_261_62_0_32_47_64_0_0_0_0_0_24_0_[0, 64, 75, 0]_[0, 64, 20, 0]
21_21_261_62_0_32_47_64_0_0_0_0_0_24_0_[0, 64, 75, 0]_[0, 64, 20, 0]
22_22_261_62_0_32_47_64_0_0_0_0_0_24_0_[0, 64, 75, 0]_[0, 64, 20, 0]
23_23_261_62_0_32_47_64_0_0_0_0_0_24_0_[0, 64, 75, 0]_[0, 64, 20, 0]
24_24_261_62_0_32_47_64_0_0_0_0_0_24_0_[0, 64, 75, 0]_[0, 64, 20, 0]
25_25_261_62_0_32_47_64_0_0_0_0_0_24_0_[0, 64, 75, 0]_[0, 64, 20, 0]
26_26_261_62_0_32_47_64_0_0_0_0_0_24_0_[0, 64, 75, 0]_[0, 64, 20, 0]
27_27_261_62_0_32_47_64_0_0_0_0_0_24_0_[0, 64, 75, 0]_[0, 64, 20, 0]
28_28_261_62_0_32_47_64_0_0_0_0_0_24_0_[0, 64, 75, 0]_[0, 64, 20, 0]
29_29_261_62_0_32_47_64_0_0_0_0_0_24_0_[0, 64, 75, 0]_[0, 64, 20, 0]
30_30_261_62_0_32_47_64_0_0_0_0_0_24_0_[0, 64, 75, 0]_[0, 64, 20, 0]
31_31_261_62_0_32_47_64_0_0_0_0_0_24_0_[0, 64, 75, 0]_[0, 64, 20, 0]
32_32_261_62_0_32_47_64_0_0_0_0_0_24_0_[0, 64, 75, 0]_[0, 64, 20, 0]
33_33_261_62_0_32_47_64_0_0_0_0_0_24_0_[0, 64, 75, 0]_[0, 64, 20, 0]
34_34_261_62_0_32_47_64_0_0_0_0_0_24_0_[0, 64, 75, 0]_[0, 64, 20, 0]
35_35_261_62_0_32_47_64_0_0_0_0_0_24_0_[0, 64, 75, 0]_[0, 64, 20, 0]
36_36_261_62_0_32_47_64_0_0_0_0_0_24_0_[0, 64, 75, 0]_[0, 64, 20, 0]
37_37_261_62_0_32_47_64_0_0_0_0_0_24_0_[0, 64, 75, 0]_[0, 64, 20, 0]
38_38_261_62_0_32_47_64_0_0_0_0_0_24_0_[0, 64, 75, 0]_[0, 64, 20, 0]
39_39_261_62_0_32_47_64_0_0_0_0_0_24_0_[0, 64, 75, 0]_[0, 64, 20, 0]
40_40_261_62_0_32_47_64_0_0_0_0_0_24_0_[0, 64, 75, 0]_[0, 64, 20, 0]
41_41_261_62_0_32_47_64_0_0_0_0_0_24_0_[0, 64, 75, 0]_[0, 64, 20, 0]
42_42_261_62_0_32_47_64_0_0_0_0_0_24_0_[0, 64, 75, 0]_[0, 64, 20, 0]
43_43_261_62_0_32_47_64_0_0_0_0_0_24_0_[0, 64, 75, 0]_[0, 64, 20, 0]
44_44_261_62_0_32_47_64_0_0_0_0_0_24_0_[0, 64, 75, 0]_[0, 64, 20, 0]
45_45_261_62_0_32_47_64_0_0_0_0_0_24_0_[0, 64, 75, 0]_[0, 64, 20, 0]
46_46_261_62_0_32_47_64_0_0_0_0_0_24_0_[0, 64, 75, 0]_[0, 64, 20, 0]
47_47_261_62_0_32_47_64_0_0_0_0_0_24_0_[0, 64, 75, 0]_[0, 64, 20, 0]
48_48_261_62_0_32_47_64_0_0_0_0_0_24_0_[0, 64, 75, 0]_[0, 64, 20, 0]
49_49_261_62_0_32_47_64_0_0_0_0_0_24_0_[0, 64, 75, 0]_[0, 64, 20, 0]
50_50_261_62_0_32_47_64_0_0_0_0_0_24_0_[0, 64, 75, 0]_[0, 64, 20, 0]
51_51_261_62_0_32_47_64_0_0_0_0_0_24_0_[0, 64, 75, 0]_[0, 64, 20, 0]
52_52_261_62_0_32_47_64_0_0_0_0_0_24_0_[0, 64, 75, 0]_[0, 64, 20, 0]
53_53_261_62_0_32_47_64_0_0_0_0_0_24_0_[0, 64, 75, 0]_[0, 64, 20, 0]
54_54_261_62_0_32_47_64_0_0_0_0_0_24_0_[0, 64, 75, 0]_[0, 64, 20, 0]
55_55_261_62_0_32_47_64_0_0_0_0_0_24_0_[0, 64, 75, 0]_[0, 64, 20, 0]
56_56_261_62_0_32_47_64_0_0_0_0_0_24_0_[0, 64, 75, 0]_[0, 64, 20, 0]
57_57_261_62_0_32_47_64_0_0_0_0_0_24_0_[0, 64, 75, 0]_[0, 64, 20, 0]
58_58_261_62_0_32_47_64_0_0_0_0_0_24_0_[0, 64, 75, 0]_[0, 64, 20, 0]
59_59_261_62_0_32_47_64_0_0_0_0_0_24_0_[0, 64, 75, 0]_[0, 64, 20, 0]
60_60_261_62_0_32_47_64_0_0_0_0_0_24_0_[0, 64, 75, 0]_[0, 64, 20, 0]
61_61_261_62_0_32_47_64_0_0_0_0_0_24_0_[0, 64, 75, 0]_[0, 64, 20, 0]
62_62_261_62_0_32_47_64_0_0_0_0_0_24_0_[0, 64, 75, 0]_[0, 64, 20, 0]
63_63_261_62_0_32_47_64_0_0_0_0_0_24_0_[0, 64, 75, 0]_[0, 64, 20, 0]
64_64_261_62_0_32_47_64_0_0_0_0_0_24_0_[0, 64, 75, 0]_[0, 64, 20, 0]
65_65_261_62_0_32_47_64_0_0_0_0_0_24_0_[0, 64, 75, 0]_[0, 64, 20, 0]
66_66_261_62_0_32_47_64_0_0_0_0_0_24_0_[0, 64, 75, 0]_[0, 64, 20, 0]
67_67_261_62_0_32_47_64_0_0_0_0_0_24_0_[0, 64, 75, 0]_[0, 64, 20, 0]
68_68_261_62_0_32_47_64_0_0_0_0_0_24_0_[0, 64, 75, 0]_[0, 64, 20, 0]
69_69_261_62_0_32_47_64_0_0_0_0_0_24_0_[0, 64, 75, 0]_[0, 64, 20, 0]
70_70_261_62_0_32_47_64_0_0_0_0_0_24_0_[0, 64, 75, 0]_[0, 64, 20, 0]
71_71_261_62_0_32_47_64_0_0_0_0_0_24_0_[0, 64, 75, 0]_[0, 64, 20, 0]
72_72_261_62_0_32_47_64_0_0_0_0_0_24_0_[0, 64, 75, 0]_[0, 64, 20, 0]
73_73_261_62_0_32_47_64_0_0_0_0_0_24_0_[0, 64, 75, 0]_[0, 64, 20, 0]
74_74_261_62_0_32_47_64_0_0_0_0_0_24_0_[0, 64, 75, 0]_[0, 64, 20, 0]
75_75_261_62_0_32_47_64_0_0_0_0_0_24_0_[0, 64, 75, 0]_[0, 64, 20, 0]
76_76_261_62_0_32_47_64_0_0_0_0_0_24_0_[0, 64, 75, 0]_[0, 64, 20, 0]
77_77_261_62_0_32_47_64_0_0_0_0_0_24_0_[0, 64, 75, 0]_[0, 64, 20, 0]
78_78_261_62_0_32_47_64_0_0_0_0_0_24_0_[0, 64, 75, 0]_[0, 64, 20, 0]
79_79_261_62_0_32_47_64_0_0_0_0_0_24_0_[0, 64, 75, 0]_[0, 64, 20, 0]
80_80_261_62_0_32_47_64_0_0_0_0_0_24_0_[0, 64, 75, 0]_[0, 64, 20, 0]
81_81_261_62_0_32_47_64_0_0_0_0_0_24_0_[0, 64, 75, 0]_[0, 64, 20, 0]
82_82_261_62_0_32_47_64_0_0_0_0_0_24_0_[0, 64, 75, 0]_[0, 64, 20, 0]
83_83_261_62_0_32_47_64_0_0_0_0_0_24_0_[0, 64, 75, 0]_[0, 64, 20, 0]
84_84_261_62_0_32_47_64_0_0_0_0_0_24_0_[0, 64, 75, 0]_[0, 64, 20, 0]
85_85_261_62_0_32_47_64_0_0_0_0_0_24_0_[0, 64, 75, 0]_[0, 64, 20, 0]
86_86_261_62_0_32_47_64_0_0_0_0_0_24_0_[0, 64, 75, 0]_[0, 64, 20, 0]
87_87_261_62_0_32_47_64_0_0_0_0_0_24_0_[0, 64, 75, 0]_[0, 64, 20, 0]
88_88_261_62_0_32_47_64_0_0_0_0_0_24_0_[0, 64, 75, 0]_[0, 64, 20, 0]
89_89_261_62_0_32_47_64_0_0_0_0_0_24_0_[0, 64, 75, 0]_[0, 64, 20, 0]
90_90_261_62_0_32_47_64_0_0_0_0_0_24_0_[0, 64, 75, 0]_[0, 64, 20, 0]
91_91_261_62_0_32_47_64_0_0_0_0_0_24_0_[0, 64, 75, 0]_[0, 64, 20, 0]
92_92_261_62_0_32_47_64_0_0_0_0_0_24_0_[0, 64, 75, 0]_[0, 64, 20, 0]
93_93_261_62_0_32_47_64_0_0_0_0_0_24_0_[0, 64, 75, 0]_[0, 64, 20, 0]
94_94_261_62_0_32_47_64_0_0_0_0_0_24_0_[0, 64, 75, 0]_[0, 64, 20, 0]
95_95_261_62_0_32_47_64_0_0_0_0_0_24_0_[0, 64, 75, 0]_[0, 64, 20, 0]
96_96_261_62_0_32_47_64_0_0_0_0_0_24_0_[0, 64, 75, 0]_[0, 64, 20, 0]
97_97_261_62_0_32_47_64_0_0_0_0_0_24_0_[0, 64, 75, 0]_[0, 64, 20, 0]
98_98_261_62_0_32_47_64_0_0_0_0_0_24_0_[0, 64, 75, 0]_[0, 64, 20, 0]
99_99_261_62_0_32_47_64_0_0_0_0_0_24_0_[0, 64, 75, 0]_[0, 64, 20, 0]
100_100_261_62_0_32_47_64_0_0_0_0_0_24_0_[0, 64, 75, 0]_[0, 64, 20, 0]
101_101_261_62_0_32_47_64_0_0_0_0_0_24_0_[0, 64, 75, 0]_[0, 64, 20, 0]
102_102_261_62_0_32_47_64_0_0_0_0_0_24_0_[0, 64, 75, 0]_[0, 64, 20, 0]
103_103_261_62_0_32_47_64_0_0_0_0_0_24_0_[0, 64, 75, 0]_[0, 64, 20, 0]
104_104_261_62_0_32_47_64_0_0_0_0_0_24_0_[0, 64, 75, 0]_[0, 64, 20, 0]
105_105_261_62_0_32_47_64_0_0_0_0_0_24_0_[0, 64, 75, 0]_[0, 64, 20, 0]
106_106_261_62_0_32_47_64_0_0_0_0_0_24_0_[0, 64, 75, 0]_[0, 64, 20, 0]
107_107_261_62_0_32_47_64_0_0_0_0_0_24_0_[0, 64, 75, 0]_[0, 64, 20, 0]
108_108_261_62_0_32_47_64_0_0_0_0_0_24_0_[0, 64, 75, 0]_[0, 64, 20, 0]
109_109_261_62_0_32_47_64_0_0_0_0_0_24_0_[0, 64, 75, 0]_[0, 64, 20, 0]
110_110_261_62_0_32_47_64_0_0_0_0_0_24_0_[0, 64, 75, 0]_[0, 64, 20, 0]
111_111_261_62_0_32_47_64_0_0_0_0_0_24_0_[0, 64, 75, 0]_[0, 64, 20, 0]
112_112_261_62_0_32_47_64_0_0_0_0_0_24_0_[0, 64, 75, 0]_[0, 64, 20, 0]
113_113_261_62_0_32_47_64_0_0_0_0_0_24_0_[0, 64, 75, 0]_[0, 64, 20, 0]
114_114_261_62_0_32_47_64_0_0_0_0_0_24_0_[0, 64, 75, 0]_[0, 64, 20, 0]
115_115_261_62_0_32_47_64_0_0_0_0_0_24_0_[0, 64, 75, 0]_[0, 64, 20, 0]
116_116_261_62_0_32_47_64_0_0_0_0_0_24_0_[0, 64, 75, 0]_[0, 64, 20, 0]
117_117_261_62_0_32_47_64_0_0_0_0_0_24_0_[0, 64, 75, 0]_[0, 64, 20, 0]
118_118_261_62_0_32_47_64_0_0_0_0_0_24_0_[0, 64, 75, 0]_[0, 64, 20, 0]
119_119_261_62_0_32_47_64_0_0_0_0_0_24_0_[0, 64, 75, 0]_[0, 64, 20, 0]
120_120_261_62_0_32_47_64_0_0_0_0_0_24_0_[0, 64, 75, 0]_[0, 64, 20, 0]
121_121_261_62_0_32_47_64_0_0_0_0_0_24_0_[0, 64, 75, 0]_[0, 64, 20, 0]
122_122_261_62_0_32_47_64_0_0_0_0_0_24_0_[0, 64, 75, 0]_[0, 64, 20, 0]
123_123_261_62_0_32_47_64_0_0_0_0_0_24_0_[0, 64, 75, 0]_[0, 64, 20, 0]
124_124_261_62_0_32_47_64_0_0_0_0_0_24_0_[0, 64, 75, 0]_[0, 64, 20, 0]
125_125_261_62_0_32_47_64_0_0_0_0_0_24_0_[0, 64, 75, 0]_[0, 64, 20, 0]
126_126_261_62_0_32_47_64_0_0_0_0_0_24_0_[0, 64, 75, 0]_[0, 64, 20, 0]
127_127_261_62_0_32_47_64_0_0_0_0_0_24_0_[0, 64, 75, 0]_[0, 64, 20, 0]
