0_0_262_60_0_52_32_64_0_0_0_0_0_24_0_[0, 64, 3, 26, 7, 12, 16, 5, 31, 0]_[0, 64, 3, 23, 6, 9, 11, 5, 26, 0]
1_1_262_60_0_52_32_64_0_0_0_0_0_24_0_[0, 64, 3, 26, 7, 12, 16, 5, 31, 0]_[0, 64, 3, 23, 6, 9, 11, 5, 26, 0]
2_2_262_60_0_52_32_64_0_0_0_0_0_24_0_[0, 64, 3, 26, 7, 12, 16, 5, 31, 0]_[0, 64, 3, 23, 6, 9, 11, 5, 26, 0]
3_3_262_60_0_52_32_64_0_0_0_0_0_24_0_[0, 64, 3, 26, 7, 12, 16, 5, 31, 0]_[0, 64, 3, 23, 6, 9, 11, 5, 26, 0]
4_4_262_60_0_52_32_64_0_0_0_0_0_24_0_[0, 64, 3, 26, 7, 12, 16, 5, 31, 0]_[0, 64, 3, 23, 6, 9, 11, 5, 26, 0]
5_5_262_60_0_52_32_64_0_0_0_0_0_24_0_[0, 64, 3, 26, 7, 12, 16, 5, 31, 0]_[0, 64, 3, 23, 6, 9, 11, 5, 26, 0]
6_6_262_60_0_52_32_64_0_0_0_0_0_24_0_[0, 64, 3, 26, 7, 12, 16, 5, 31, 0]_[0, 64, 3, 23, 6, 9, 11, 5, 26, 0]
7_7_262_60_0_52_32_64_0_0_0_0_0_24_0_[0, 64, 3, 26, 7, 12, 16, 5, 31, 0]_[0, 64, 3, 23, 6, 9, 11, 5, 26, 0]
8_8_262_60_0_52_32_64_0_0_0_0_0_24_0_[0, 64, 3, 26, 7, 12, 16, 5, 31, 0]_[0, 64, 3, 23, 6, 9, 11, 5, 26, 0]
9_9_262_60_0_52_32_64_0_0_0_0_0_24_0_[0, 64, 3, 26, 7, 12, 16, 5, 31, 0]_[0, 64, 3, 23, 6, 9, 11, 5, 26, 0]
10_10_262_60_0_52_32_64_0_0_0_0_0_24_0_[0, 64, 3, 26, 7, 12, 16, 5, 31, 0]_[0, 64, 3, 23, 6, 9, 11, 5, 26, 0]
11_11_262_60_0_52_32_64_0_0_0_0_0_24_0_[0, 64, 3, 26, 7, 12, 16, 5, 31, 0]_[0, 64, 3, 23, 6, 9, 11, 5, 26, 0]
12_12_262_60_0_52_32_64_0_0_0_0_0_24_0_[0, 64, 3, 26, 7, 12, 16, 5, 31, 0]_[0, 64, 3, 23, 6, 9, 11, 5, 26, 0]
13_13_262_60_0_52_32_64_0_0_0_0_0_24_0_[0, 64, 3, 26, 7, 12, 16, 5, 31, 0]_[0, 64, 3, 23, 6, 9, 11, 5, 26, 0]
14_14_262_60_0_52_32_64_0_0_0_0_0_24_0_[0, 64, 3, 26, 7, 12, 16, 5, 31, 0]_[0, 64, 3, 23, 6, 9, 11, 5, 26, 0]
15_15_262_60_0_52_32_64_0_0_0_0_0_24_0_[0, 64, 3, 26, 7, 12, 16, 5, 31, 0]_[0, 64, 3, 23, 6, 9, 11, 5, 26, 0]
16_16_262_60_0_52_32_64_0_0_0_0_0_24_0_[0, 64, 3, 26, 7, 12, 16, 5, 31, 0]_[0, 64, 3, 23, 6, 9, 11, 5, 26, 0]
17_17_262_60_0_52_32_64_0_0_0_0_0_24_0_[0, 64, 3, 26, 7, 12, 16, 5, 31, 0]_[0, 64, 3, 23, 6, 9, 11, 5, 26, 0]
18_18_262_60_0_52_32_64_0_0_0_0_0_24_0_[0, 64, 3, 26, 7, 12, 16, 5, 31, 0]_[0, 64, 3, 23, 6, 9, 11, 5, 26, 0]
19_19_262_60_0_52_32_64_0_0_0_0_0_24_0_[0, 64, 3, 26, 7, 12, 16, 5, 31, 0]_[0, 64, 3, 23, 6, 9, 11, 5, 26, 0]
20_20_262_60_0_52_32_64_0_0_0_0_0_24_0_[0, 64, 3, 26, 7, 12, 16, 5, 31, 0]_[0, 64, 3, 23, 6, 9, 11, 5, 26, 0]
21_21_262_60_0_52_32_64_0_0_0_0_0_24_0_[0, 64, 3, 26, 7, 12, 16, 5, 31, 0]_[0, 64, 3, 23, 6, 9, 11, 5, 26, 0]
22_22_262_60_0_52_32_64_0_0_0_0_0_24_0_[0, 64, 3, 26, 7, 12, 16, 5, 31, 0]_[0, 64, 3, 23, 6, 9, 11, 5, 26, 0]
23_23_262_60_0_52_32_64_0_0_0_0_0_24_0_[0, 64, 3, 26, 7, 12, 16, 5, 31, 0]_[0, 64, 3, 23, 6, 9, 11, 5, 26, 0]
24_24_262_60_0_52_32_64_0_0_0_0_0_24_0_[0, 64, 3, 26, 7, 12, 16, 5, 31, 0]_[0, 64, 3, 23, 6, 9, 11, 5, 26, 0]
25_25_262_60_0_52_32_64_0_0_0_0_0_24_0_[0, 64, 3, 26, 7, 12, 16, 5, 31, 0]_[0, 64, 3, 23, 6, 9, 11, 5, 26, 0]
26_26_262_60_0_52_32_64_0_0_0_0_0_24_0_[0, 64, 3, 26, 7, 12, 16, 5, 31, 0]_[0, 64, 3, 23, 6, 9, 11, 5, 26, 0]
27_27_262_60_0_52_32_64_0_0_0_0_0_24_0_[0, 64, 3, 26, 7, 12, 16, 5, 31, 0]_[0, 64, 3, 23, 6, 9, 11, 5, 26, 0]
28_28_262_60_0_52_32_64_0_0_0_0_0_24_0_[0, 64, 3, 26, 7, 12, 16, 5, 31, 0]_[0, 64, 3, 23, 6, 9, 11, 5, 26, 0]
29_29_262_60_0_52_32_64_0_0_0_0_0_24_0_[0, 64, 3, 26, 7, 12, 16, 5, 31, 0]_[0, 64, 3, 23, 6, 9, 11, 5, 26, 0]
30_30_262_60_0_52_32_64_0_0_0_0_0_24_0_[0, 64, 3, 26, 7, 12, 16, 5, 31, 0]_[0, 64, 3, 23, 6, 9, 11, 5, 26, 0]
31_31_262_60_0_52_32_64_0_0_0_0_0_24_0_[0, 64, 3, 26, 7, 12, 16, 5, 31, 0]_[0, 64, 3, 23, 6, 9, 11, 5, 26, 0]
32_32_262_60_0_52_32_64_0_0_0_0_0_24_0_[0, 64, 3, 26, 7, 12, 16, 5, 31, 0]_[0, 64, 3, 23, 6, 9, 11, 5, 26, 0]
33_33_262_60_0_52_32_64_0_0_0_0_0_24_0_[0, 64, 3, 26, 7, 12, 16, 5, 31, 0]_[0, 64, 3, 23, 6, 9, 11, 5, 26, 0]
34_34_262_60_0_52_32_64_0_0_0_0_0_24_0_[0, 64, 3, 26, 7, 12, 16, 5, 31, 0]_[0, 64, 3, 23, 6, 9, 11, 5, 26, 0]
35_35_262_60_0_52_32_64_0_0_0_0_0_24_0_[0, 64, 3, 26, 7, 12, 16, 5, 31, 0]_[0, 64, 3, 23, 6, 9, 11, 5, 26, 0]
36_36_262_60_0_52_32_64_0_0_0_0_0_24_0_[0, 64, 3, 26, 7, 12, 16, 5, 31, 0]_[0, 64, 3, 23, 6, 9, 11, 5, 26, 0]
37_37_262_60_0_52_32_64_0_0_0_0_0_24_0_[0, 64, 3, 26, 7, 12, 16, 5, 31, 0]_[0, 64, 3, 23, 6, 9, 11, 5, 26, 0]
38_38_262_60_0_52_32_64_0_0_0_0_0_24_0_[0, 64, 3, 26, 7, 12, 16, 5, 31, 0]_[0, 64, 3, 23, 6, 9, 11, 5, 26, 0]
39_39_262_60_0_52_32_64_0_0_0_0_0_24_0_[0, 64, 3, 26, 7, 12, 16, 5, 31, 0]_[0, 64, 3, 23, 6, 9, 11, 5, 26, 0]
40_40_262_60_0_52_32_64_0_0_0_0_0_24_0_[0, 64, 3, 26, 7, 12, 16, 5, 31, 0]_[0, 64, 3, 23, 6, 9, 11, 5, 26, 0]
41_41_262_60_0_52_32_64_0_0_0_0_0_24_0_[0, 64, 3, 26, 7, 12, 16, 5, 31, 0]_[0, 64, 3, 23, 6, 9, 11, 5, 26, 0]
42_42_262_60_0_52_32_64_0_0_0_0_0_24_0_[0, 64, 3, 26, 7, 12, 16, 5, 31, 0]_[0, 64, 3, 23, 6, 9, 11, 5, 26, 0]
43_43_262_60_0_52_32_64_0_0_0_0_0_24_0_[0, 64, 3, 26, 7, 12, 16, 5, 31, 0]_[0, 64, 3, 23, 6, 9, 11, 5, 26, 0]
44_44_262_60_0_52_32_64_0_0_0_0_0_24_0_[0, 64, 3, 26, 7, 12, 16, 5, 31, 0]_[0, 64, 3, 23, 6, 9, 11, 5, 26, 0]
45_45_262_60_0_52_32_64_0_0_0_0_0_24_0_[0, 64, 3, 26, 7, 12, 16, 5, 31, 0]_[0, 64, 3, 23, 6, 9, 11, 5, 26, 0]
46_46_262_60_0_52_32_64_0_0_0_0_0_24_0_[0, 64, 3, 26, 7, 12, 16, 5, 31, 0]_[0, 64, 3, 23, 6, 9, 11, 5, 26, 0]
47_47_262_60_0_52_32_64_0_0_0_0_0_24_0_[0, 64, 3, 26, 7, 12, 16, 5, 31, 0]_[0, 64, 3, 23, 6, 9, 11, 5, 26, 0]
48_48_262_60_0_52_32_64_0_0_0_0_0_24_0_[0, 64, 3, 26, 7, 12, 16, 5, 31, 0]_[0, 64, 3, 23, 6, 9, 11, 5, 26, 0]
49_49_262_60_0_52_32_64_0_0_0_0_0_24_0_[0, 64, 3, 26, 7, 12, 16, 5, 31, 0]_[0, 64, 3, 23, 6, 9, 11, 5, 26, 0]
50_50_262_60_0_52_32_64_0_0_0_0_0_24_0_[0, 64, 3, 26, 7, 12, 16, 5, 31, 0]_[0, 64, 3, 23, 6, 9, 11, 5, 26, 0]
51_51_262_60_0_52_32_64_0_0_0_0_0_24_0_[0, 64, 3, 26, 7, 12, 16, 5, 31, 0]_[0, 64, 3, 23, 6, 9, 11, 5, 26, 0]
52_52_262_60_0_52_32_64_0_0_0_0_0_24_0_[0, 64, 3, 26, 7, 12, 16, 5, 31, 0]_[0, 64, 3, 23, 6, 9, 11, 5, 26, 0]
53_53_262_60_0_52_32_64_0_0_0_0_0_24_0_[0, 64, 3, 26, 7, 12, 16, 5, 31, 0]_[0, 64, 3, 23, 6, 9, 11, 5, 26, 0]
54_54_262_60_0_52_32_64_0_0_0_0_0_24_0_[0, 64, 3, 26, 7, 12, 16, 5, 31, 0]_[0, 64, 3, 23, 6, 9, 11, 5, 26, 0]
55_55_262_60_0_52_32_64_0_0_0_0_0_24_0_[0, 64, 3, 26, 7, 12, 16, 5, 31, 0]_[0, 64, 3, 23, 6, 9, 11, 5, 26, 0]
56_56_262_60_0_52_32_64_0_0_0_0_0_24_0_[0, 64, 3, 26, 7, 12, 16, 5, 31, 0]_[0, 64, 3, 23, 6, 9, 11, 5, 26, 0]
57_57_262_60_0_52_32_64_0_0_0_0_0_24_0_[0, 64, 3, 26, 7, 12, 16, 5, 31, 0]_[0, 64, 3, 23, 6, 9, 11, 5, 26, 0]
58_58_262_60_0_52_32_64_0_0_0_0_0_24_0_[0, 64, 3, 26, 7, 12, 16, 5, 31, 0]_[0, 64, 3, 23, 6, 9, 11, 5, 26, 0]
59_59_262_60_0_52_32_64_0_0_0_0_0_24_0_[0, 64, 3, 26, 7, 12, 16, 5, 31, 0]_[0, 64, 3, 23, 6, 9, 11, 5, 26, 0]
60_60_262_60_0_52_32_64_0_0_0_0_0_24_0_[0, 64, 3, 26, 7, 12, 16, 5, 31, 0]_[0, 64, 3, 23, 6, 9, 11, 5, 26, 0]
61_61_262_60_0_52_32_64_0_0_0_0_0_24_0_[0, 64, 3, 26, 7, 12, 16, 5, 31, 0]_[0, 64, 3, 23, 6, 9, 11, 5, 26, 0]
62_62_262_60_0_52_32_64_0_0_0_0_0_24_0_[0, 64, 3, 26, 7, 12, 16, 5, 31, 0]_[0, 64, 3, 23, 6, 9, 11, 5, 26, 0]
63_63_262_60_0_52_32_64_0_0_0_0_0_24_0_[0, 64, 3, 26, 7, 12, 16, 5, 31, 0]_[0, 64, 3, 23, 6, 9, 11, 5, 26, 0]
64_64_262_60_0_52_32_64_0_0_0_0_0_24_0_[0, 64, 3, 26, 7, 12, 16, 5, 31, 0]_[0, 64, 3, 23, 6, 9, 11, 5, 26, 0]
65_65_262_60_0_52_32_64_0_0_0_0_0_24_0_[0, 64, 3, 26, 7, 12, 16, 5, 31, 0]_[0, 64, 3, 23, 6, 9, 11, 5, 26, 0]
66_66_262_60_0_52_32_64_0_0_0_0_0_24_0_[0, 64, 3, 26, 7, 12, 16, 5, 31, 0]_[0, 64, 3, 23, 6, 9, 11, 5, 26, 0]
67_67_262_60_0_52_32_64_0_0_0_0_0_24_0_[0, 64, 3, 26, 7, 12, 16, 5, 31, 0]_[0, 64, 3, 23, 6, 9, 11, 5, 26, 0]
68_68_262_60_0_52_32_64_0_0_0_0_0_24_0_[0, 64, 3, 26, 7, 12, 16, 5, 31, 0]_[0, 64, 3, 23, 6, 9, 11, 5, 26, 0]
69_69_262_60_0_52_32_64_0_0_0_0_0_24_0_[0, 64, 3, 26, 7, 12, 16, 5, 31, 0]_[0, 64, 3, 23, 6, 9, 11, 5, 26, 0]
70_70_262_60_0_52_32_64_0_0_0_0_0_24_0_[0, 64, 3, 26, 7, 12, 16, 5, 31, 0]_[0, 64, 3, 23, 6, 9, 11, 5, 26, 0]
71_71_262_60_0_52_32_64_0_0_0_0_0_24_0_[0, 64, 3, 26, 7, 12, 16, 5, 31, 0]_[0, 64, 3, 23, 6, 9, 11, 5, 26, 0]
72_72_262_60_0_52_32_64_0_0_0_0_0_24_0_[0, 64, 3, 26, 7, 12, 16, 5, 31, 0]_[0, 64, 3, 23, 6, 9, 11, 5, 26, 0]
73_73_262_60_0_52_32_64_0_0_0_0_0_24_0_[0, 64, 3, 26, 7, 12, 16, 5, 31, 0]_[0, 64, 3, 23, 6, 9, 11, 5, 26, 0]
74_74_262_60_0_52_32_64_0_0_0_0_0_24_0_[0, 64, 3, 26, 7, 12, 16, 5, 31, 0]_[0, 64, 3, 23, 6, 9, 11, 5, 26, 0]
75_75_262_60_0_52_32_64_0_0_0_0_0_24_0_[0, 64, 3, 26, 7, 12, 16, 5, 31, 0]_[0, 64, 3, 23, 6, 9, 11, 5, 26, 0]
76_76_262_60_0_52_32_64_0_0_0_0_0_24_0_[0, 64, 3, 26, 7, 12, 16, 5, 31, 0]_[0, 64, 3, 23, 6, 9, 11, 5, 26, 0]
77_77_262_60_0_52_32_64_0_0_0_0_0_24_0_[0, 64, 3, 26, 7, 12, 16, 5, 31, 0]_[0, 64, 3, 23, 6, 9, 11, 5, 26, 0]
78_78_262_60_0_52_32_64_0_0_0_0_0_24_0_[0, 64, 3, 26, 7, 12, 16, 5, 31, 0]_[0, 64, 3, 23, 6, 9, 11, 5, 26, 0]
79_79_262_60_0_52_32_64_0_0_0_0_0_24_0_[0, 64, 3, 26, 7, 12, 16, 5, 31, 0]_[0, 64, 3, 23, 6, 9, 11, 5, 26, 0]
80_80_262_60_0_52_32_64_0_0_0_0_0_24_0_[0, 64, 3, 26, 7, 12, 16, 5, 31, 0]_[0, 64, 3, 23, 6, 9, 11, 5, 26, 0]
81_81_262_60_0_52_32_64_0_0_0_0_0_24_0_[0, 64, 3, 26, 7, 12, 16, 5, 31, 0]_[0, 64, 3, 23, 6, 9, 11, 5, 26, 0]
82_82_262_60_0_52_32_64_0_0_0_0_0_24_0_[0, 64, 3, 26, 7, 12, 16, 5, 31, 0]_[0, 64, 3, 23, 6, 9, 11, 5, 26, 0]
83_83_262_60_0_52_32_64_0_0_0_0_0_24_0_[0, 64, 3, 26, 7, 12, 16, 5, 31, 0]_[0, 64, 3, 23, 6, 9, 11, 5, 26, 0]
84_84_262_60_0_52_32_64_0_0_0_0_0_24_0_[0, 64, 3, 26, 7, 12, 16, 5, 31, 0]_[0, 64, 3, 23, 6, 9, 11, 5, 26, 0]
85_85_262_60_0_52_32_64_0_0_0_0_0_24_0_[0, 64, 3, 26, 7, 12, 16, 5, 31, 0]_[0, 64, 3, 23, 6, 9, 11, 5, 26, 0]
86_86_262_60_0_52_32_64_0_0_0_0_0_24_0_[0, 64, 3, 26, 7, 12, 16, 5, 31, 0]_[0, 64, 3, 23, 6, 9, 11, 5, 26, 0]
87_87_262_60_0_52_32_64_0_0_0_0_0_24_0_[0, 64, 3, 26, 7, 12, 16, 5, 31, 0]_[0, 64, 3, 23, 6, 9, 11, 5, 26, 0]
88_88_262_60_0_52_32_64_0_0_0_0_0_24_0_[0, 64, 3, 26, 7, 12, 16, 5, 31, 0]_[0, 64, 3, 23, 6, 9, 11, 5, 26, 0]
89_89_262_60_0_52_32_64_0_0_0_0_0_24_0_[0, 64, 3, 26, 7, 12, 16, 5, 31, 0]_[0, 64, 3, 23, 6, 9, 11, 5, 26, 0]
90_90_262_60_0_52_32_64_0_0_0_0_0_24_0_[0, 64, 3, 26, 7, 12, 16, 5, 31, 0]_[0, 64, 3, 23, 6, 9, 11, 5, 26, 0]
91_91_262_60_0_52_32_64_0_0_0_0_0_24_0_[0, 64, 3, 26, 7, 12, 16, 5, 31, 0]_[0, 64, 3, 23, 6, 9, 11, 5, 26, 0]
92_92_262_60_0_52_32_64_0_0_0_0_0_24_0_[0, 64, 3, 26, 7, 12, 16, 5, 31, 0]_[0, 64, 3, 23, 6, 9, 11, 5, 26, 0]
93_93_262_60_0_52_32_64_0_0_0_0_0_24_0_[0, 64, 3, 26, 7, 12, 16, 5, 31, 0]_[0, 64, 3, 23, 6, 9, 11, 5, 26, 0]
94_94_262_60_0_52_32_64_0_0_0_0_0_24_0_[0, 64, 3, 26, 7, 12, 16, 5, 31, 0]_[0, 64, 3, 23, 6, 9, 11, 5, 26, 0]
95_95_262_60_0_52_32_64_0_0_0_0_0_24_0_[0, 64, 3, 26, 7, 12, 16, 5, 31, 0]_[0, 64, 3, 23, 6, 9, 11, 5, 26, 0]
96_96_262_60_0_52_32_64_0_0_0_0_0_24_0_[0, 64, 3, 26, 7, 12, 16, 5, 31, 0]_[0, 64, 3, 23, 6, 9, 11, 5, 26, 0]
97_97_262_60_0_52_32_64_0_0_0_0_0_24_0_[0, 64, 3, 26, 7, 12, 16, 5, 31, 0]_[0, 64, 3, 23, 6, 9, 11, 5, 26, 0]
98_98_262_60_0_52_32_64_0_0_0_0_0_24_0_[0, 64, 3, 26, 7, 12, 16, 5, 31, 0]_[0, 64, 3, 23, 6, 9, 11, 5, 26, 0]
99_99_262_60_0_52_32_64_0_0_0_0_0_24_0_[0, 64, 3, 26, 7, 12, 16, 5, 31, 0]_[0, 64, 3, 23, 6, 9, 11, 5, 26, 0]
100_100_262_60_0_52_32_64_0_0_0_0_0_24_0_[0, 64, 3, 26, 7, 12, 16, 5, 31, 0]_[0, 64, 3, 23, 6, 9, 11, 5, 26, 0]
101_101_262_60_0_52_32_64_0_0_0_0_0_24_0_[0, 64, 3, 26, 7, 12, 16, 5, 31, 0]_[0, 64, 3, 23, 6, 9, 11, 5, 26, 0]
102_102_262_60_0_52_32_64_0_0_0_0_0_24_0_[0, 64, 3, 26, 7, 12, 16, 5, 31, 0]_[0, 64, 3, 23, 6, 9, 11, 5, 26, 0]
103_103_262_60_0_52_32_64_0_0_0_0_0_24_0_[0, 64, 3, 26, 7, 12, 16, 5, 31, 0]_[0, 64, 3, 23, 6, 9, 11, 5, 26, 0]
104_104_262_60_0_52_32_64_0_0_0_0_0_24_0_[0, 64, 3, 26, 7, 12, 16, 5, 31, 0]_[0, 64, 3, 23, 6, 9, 11, 5, 26, 0]
105_105_262_60_0_52_32_64_0_0_0_0_0_24_0_[0, 64, 3, 26, 7, 12, 16, 5, 31, 0]_[0, 64, 3, 23, 6, 9, 11, 5, 26, 0]
106_106_262_60_0_52_32_64_0_0_0_0_0_24_0_[0, 64, 3, 26, 7, 12, 16, 5, 31, 0]_[0, 64, 3, 23, 6, 9, 11, 5, 26, 0]
107_107_262_60_0_52_32_64_0_0_0_0_0_24_0_[0, 64, 3, 26, 7, 12, 16, 5, 31, 0]_[0, 64, 3, 23, 6, 9, 11, 5, 26, 0]
108_108_262_60_0_52_32_64_0_0_0_0_0_24_0_[0, 64, 3, 26, 7, 12, 16, 5, 31, 0]_[0, 64, 3, 23, 6, 9, 11, 5, 26, 0]
109_109_262_60_0_52_32_64_0_0_0_0_0_24_0_[0, 64, 3, 26, 7, 12, 16, 5, 31, 0]_[0, 64, 3, 23, 6, 9, 11, 5, 26, 0]
110_110_262_60_0_52_32_64_0_0_0_0_0_24_0_[0, 64, 3, 26, 7, 12, 16, 5, 31, 0]_[0, 64, 3, 23, 6, 9, 11, 5, 26, 0]
111_111_262_60_0_52_32_64_0_0_0_0_0_24_0_[0, 64, 3, 26, 7, 12, 16, 5, 31, 0]_[0, 64, 3, 23, 6, 9, 11, 5, 26, 0]
112_112_262_60_0_52_32_64_0_0_0_0_0_24_0_[0, 64, 3, 26, 7, 12, 16, 5, 31, 0]_[0, 64, 3, 23, 6, 9, 11, 5, 26, 0]
113_113_262_60_0_52_32_64_0_0_0_0_0_24_0_[0, 64, 3, 26, 7, 12, 16, 5, 31, 0]_[0, 64, 3, 23, 6, 9, 11, 5, 26, 0]
114_114_262_60_0_52_32_64_0_0_0_0_0_24_0_[0, 64, 3, 26, 7, 12, 16, 5, 31, 0]_[0, 64, 3, 23, 6, 9, 11, 5, 26, 0]
115_115_262_60_0_52_32_64_0_0_0_0_0_24_0_[0, 64, 3, 26, 7, 12, 16, 5, 31, 0]_[0, 64, 3, 23, 6, 9, 11, 5, 26, 0]
116_116_262_60_0_52_32_64_0_0_0_0_0_24_0_[0, 64, 3, 26, 7, 12, 16, 5, 31, 0]_[0, 64, 3, 23, 6, 9, 11, 5, 26, 0]
117_117_262_60_0_52_32_64_0_0_0_0_0_24_0_[0, 64, 3, 26, 7, 12, 16, 5, 31, 0]_[0, 64, 3, 23, 6, 9, 11, 5, 26, 0]
118_118_262_60_0_52_32_64_0_0_0_0_0_24_0_[0, 64, 3, 26, 7, 12, 16, 5, 31, 0]_[0, 64, 3, 23, 6, 9, 11, 5, 26, 0]
119_119_262_60_0_52_32_64_0_0_0_0_0_24_0_[0, 64, 3, 26, 7, 12, 16, 5, 31, 0]_[0, 64, 3, 23, 6, 9, 11, 5, 26, 0]
120_120_262_60_0_52_32_64_0_0_0_0_0_24_0_[0, 64, 3, 26, 7, 12, 16, 5, 31, 0]_[0, 64, 3, 23, 6, 9, 11, 5, 26, 0]
121_121_262_60_0_52_32_64_0_0_0_0_0_24_0_[0, 64, 3, 26, 7, 12, 16, 5, 31, 0]_[0, 64, 3, 23, 6, 9, 11, 5, 26, 0]
122_122_262_60_0_52_32_64_0_0_0_0_0_24_0_[0, 64, 3, 26, 7, 12, 16, 5, 31, 0]_[0, 64, 3, 23, 6, 9, 11, 5, 26, 0]
123_123_262_60_0_52_32_64_0_0_0_0_0_24_0_[0, 64, 3, 26, 7, 12, 16, 5, 31, 0]_[0, 64, 3, 23, 6, 9, 11, 5, 26, 0]
124_124_262_60_0_52_32_64_0_0_0_0_0_24_0_[0, 64, 3, 26, 7, 12, 16, 5, 31, 0]_[0, 64, 3, 23, 6, 9, 11, 5, 26, 0]
125_125_262_60_0_52_32_64_0_0_0_0_0_24_0_[0, 64, 3, 26, 7, 12, 16, 5, 31, 0]_[0, 64, 3, 23, 6, 9, 11, 5, 26, 0]
126_126_262_60_0_52_32_64_0_0_0_0_0_24_0_[0, 64, 3, 26, 7, 12, 16, 5, 31, 0]_[0, 64, 3, 23, 6, 9, 11, 5, 26, 0]
127_127_262_60_0_52_32_64_0_0_0_0_0_24_0_[0, 64, 3, 26, 7, 12, 16, 5, 31, 0]_[0, 64, 3, 23, 6, 9, 11, 5, 26, 0]
