0_0_589_67_0_43_32_64_0_0_0_0_0_24_0_null_[0, 64, 7, 0]
1_1_589_67_0_43_32_64_0_0_0_0_0_24_0_null_[0, 64, 7, 0]
2_2_589_67_0_43_32_64_0_0_0_0_0_24_0_null_[0, 64, 7, 0]
3_3_589_67_0_43_32_64_0_0_0_0_0_24_0_null_[0, 64, 7, 0]
4_4_589_67_0_43_32_64_0_0_0_0_0_24_0_null_[0, 64, 7, 0]
5_5_589_67_0_43_32_64_0_0_0_0_0_24_0_null_[0, 64, 7, 0]
6_6_589_67_0_43_32_64_0_0_0_0_0_24_0_null_[0, 64, 7, 0]
7_7_589_67_0_43_32_64_0_0_0_0_0_24_0_null_[0, 64, 7, 0]
8_8_589_67_0_43_32_64_0_0_0_0_0_24_0_null_[0, 64, 7, 0]
9_9_589_67_0_43_32_64_0_0_0_0_0_24_0_null_[0, 64, 7, 0]
10_10_589_67_0_43_32_64_0_0_0_0_0_24_0_null_[0, 64, 7, 0]
11_11_589_67_0_43_32_64_0_0_0_0_0_24_0_null_[0, 64, 7, 0]
12_12_589_67_0_43_32_64_0_0_0_0_0_24_0_null_[0, 64, 7, 0]
13_13_589_67_0_43_32_64_0_0_0_0_0_24_0_null_[0, 64, 7, 0]
14_14_589_67_0_43_32_64_0_0_0_0_0_24_0_null_[0, 64, 7, 0]
15_15_589_67_0_43_32_64_0_0_0_0_0_24_0_null_[0, 64, 7, 0]
16_16_589_67_0_43_32_64_0_0_0_0_0_24_0_null_[0, 64, 7, 0]
17_17_589_67_0_43_32_64_0_0_0_0_0_24_0_null_[0, 64, 7, 0]
18_18_589_67_0_43_32_64_0_0_0_0_0_24_0_null_[0, 64, 7, 0]
19_19_589_67_0_43_32_64_0_0_0_0_0_24_0_null_[0, 64, 7, 0]
20_20_589_67_0_43_32_64_0_0_0_0_0_24_0_null_[0, 64, 7, 0]
21_21_589_67_0_43_32_64_0_0_0_0_0_24_0_null_[0, 64, 7, 0]
22_22_589_67_0_43_32_64_0_0_0_0_0_24_0_null_[0, 64, 7, 0]
23_23_589_67_0_43_32_64_0_0_0_0_0_24_0_null_[0, 64, 7, 0]
24_24_589_67_0_43_32_64_0_0_0_0_0_24_0_null_[0, 64, 7, 0]
25_25_589_67_0_43_32_64_0_0_0_0_0_24_0_null_[0, 64, 7, 0]
26_26_589_67_0_43_32_64_0_0_0_0_0_24_0_null_[0, 64, 7, 0]
27_27_589_67_0_43_32_64_0_0_0_0_0_24_0_null_[0, 64, 7, 0]
28_28_589_67_0_43_32_64_0_0_0_0_0_24_0_null_[0, 64, 7, 0]
29_29_589_67_0_43_32_64_0_0_0_0_0_24_0_null_[0, 64, 7, 0]
30_30_589_67_0_43_32_64_0_0_0_0_0_24_0_null_[0, 64, 7, 0]
31_31_589_67_0_43_32_64_0_0_0_0_0_24_0_null_[0, 64, 7, 0]
32_32_589_67_0_43_32_64_0_0_0_0_0_24_0_null_[0, 64, 7, 0]
33_33_589_67_0_43_32_64_0_0_0_0_0_24_0_null_[0, 64, 7, 0]
34_34_589_67_0_43_32_64_0_0_0_0_0_24_0_null_[0, 64, 7, 0]
35_35_589_67_0_43_32_64_0_0_0_0_0_24_0_null_[0, 64, 7, 0]
36_36_589_67_0_43_32_64_0_0_0_0_0_24_0_null_[0, 64, 7, 0]
37_37_589_67_0_43_32_64_0_0_0_0_0_24_0_null_[0, 64, 7, 0]
38_38_589_67_0_43_32_64_0_0_0_0_0_24_0_null_[0, 64, 7, 0]
39_39_589_67_0_43_32_64_0_0_0_0_0_24_0_null_[0, 64, 7, 0]
40_40_589_67_0_43_32_64_0_0_0_0_0_24_0_null_[0, 64, 7, 0]
41_41_589_67_0_43_32_64_0_0_0_0_0_24_0_null_[0, 64, 7, 0]
42_42_589_67_0_43_32_64_0_0_0_0_0_24_0_null_[0, 64, 7, 0]
43_43_589_67_0_43_32_64_0_0_0_0_0_24_0_null_[0, 64, 7, 0]
44_44_589_67_0_43_32_64_0_0_0_0_0_24_0_null_[0, 64, 7, 0]
45_45_589_67_0_43_32_64_0_0_0_0_0_24_0_null_[0, 64, 7, 0]
46_46_589_67_0_43_32_64_0_0_0_0_0_24_0_null_[0, 64, 7, 0]
47_47_589_67_0_43_32_64_0_0_0_0_0_24_0_null_[0, 64, 7, 0]
48_48_589_67_0_43_32_64_0_0_0_0_0_24_0_null_[0, 64, 7, 0]
49_49_589_67_0_43_32_64_0_0_0_0_0_24_0_null_[0, 64, 7, 0]
50_50_589_67_0_43_32_64_0_0_0_0_0_24_0_null_[0, 64, 7, 0]
51_51_589_67_0_43_32_64_0_0_0_0_0_24_0_null_[0, 64, 7, 0]
52_52_589_67_0_43_32_64_0_0_0_0_0_24_0_null_[0, 64, 7, 0]
53_53_589_67_0_43_32_64_0_0_0_0_0_24_0_null_[0, 64, 7, 0]
54_54_589_67_0_43_32_64_0_0_0_0_0_24_0_null_[0, 64, 7, 0]
55_55_589_67_0_43_32_64_0_0_0_0_0_24_0_null_[0, 64, 7, 0]
56_56_589_67_0_43_32_64_0_0_0_0_0_24_0_null_[0, 64, 7, 0]
57_57_589_67_0_43_32_64_0_0_0_0_0_24_0_null_[0, 64, 7, 0]
58_58_589_67_0_43_32_64_0_0_0_0_0_24_0_null_[0, 64, 7, 0]
59_59_589_67_0_43_32_64_0_0_0_0_0_24_0_null_[0, 64, 7, 0]
60_60_589_67_0_43_32_64_0_0_0_0_0_24_0_null_[0, 64, 7, 0]
61_61_589_67_0_43_32_64_0_0_0_0_0_24_0_null_[0, 64, 7, 0]
62_62_589_67_0_43_32_64_0_0_0_0_0_24_0_null_[0, 64, 7, 0]
63_63_589_67_0_43_32_64_0_0_0_0_0_24_0_null_[0, 64, 7, 0]
64_64_589_67_0_43_32_64_0_0_0_0_0_24_0_null_[0, 64, 7, 0]
65_65_589_67_0_43_32_64_0_0_0_0_0_24_0_null_[0, 64, 7, 0]
66_66_589_67_0_43_32_64_0_0_0_0_0_24_0_null_[0, 64, 7, 0]
67_67_589_67_0_43_32_64_0_0_0_0_0_24_0_null_[0, 64, 7, 0]
68_68_589_67_0_43_32_64_0_0_0_0_0_24_0_null_[0, 64, 7, 0]
69_69_589_67_0_43_32_64_0_0_0_0_0_24_0_null_[0, 64, 7, 0]
70_70_589_67_0_43_32_64_0_0_0_0_0_24_0_null_[0, 64, 7, 0]
71_71_589_67_0_43_32_64_0_0_0_0_0_24_0_null_[0, 64, 7, 0]
72_72_609_72_0_43_32_64_0_0_0_0_0_24_0_null_[0, 64, 7, 0]
73_73_609_72_0_43_32_64_0_0_0_0_0_24_0_null_[0, 64, 7, 0]
74_74_609_72_0_43_32_64_0_0_0_0_0_24_0_null_[0, 64, 7, 0]
75_75_609_72_0_43_32_64_0_0_0_0_0_24_0_null_[0, 64, 7, 0]
76_76_609_72_0_43_32_64_0_0_0_0_0_24_0_null_[0, 64, 7, 0]
77_77_609_72_0_43_32_64_0_0_0_0_0_24_0_null_[0, 64, 7, 0]
78_78_609_72_0_43_32_64_0_0_0_0_0_24_0_null_[0, 64, 7, 0]
79_79_623_79_0_43_32_64_0_0_0_0_0_24_0_null_[0, 64, 7, 0]
80_80_623_79_0_43_32_64_0_0_0_0_0_24_0_null_[0, 64, 7, 0]
81_81_623_79_0_43_32_64_0_0_0_0_0_24_0_null_[0, 64, 7, 0]
82_82_623_79_0_43_32_64_0_0_0_0_0_24_0_null_[0, 64, 7, 0]
83_83_623_79_0_43_32_64_0_0_0_0_0_24_0_null_[0, 64, 7, 0]
84_84_623_79_0_43_32_64_0_0_0_0_0_24_0_null_[0, 64, 7, 0]
85_85_623_79_0_43_32_64_0_0_0_0_0_24_0_null_[0, 64, 7, 0]
86_86_623_79_0_43_32_64_0_0_0_0_0_24_0_null_[0, 64, 7, 0]
87_87_623_79_0_43_32_64_0_0_0_0_0_24_0_null_[0, 64, 7, 0]
88_88_623_79_0_43_32_64_0_0_0_0_0_24_0_null_[0, 64, 7, 0]
89_89_623_79_0_43_32_64_0_0_0_0_0_24_0_null_[0, 64, 7, 0]
90_90_623_79_0_43_32_64_0_0_0_0_0_24_0_null_[0, 64, 7, 0]
91_91_623_79_0_43_32_64_0_0_0_0_0_24_0_null_[0, 64, 7, 0]
92_92_623_79_0_43_32_64_0_0_0_0_0_24_0_null_[0, 64, 7, 0]
93_93_623_79_0_43_32_64_0_0_0_0_0_24_0_null_[0, 64, 7, 0]
94_94_623_79_0_43_32_64_0_0_0_0_0_24_0_null_[0, 64, 7, 0]
95_95_623_79_0_43_32_64_0_0_0_0_0_24_0_null_[0, 64, 7, 0]
96_96_623_79_0_43_32_64_0_0_0_0_0_24_0_null_[0, 64, 7, 0]
97_97_623_79_0_43_32_64_0_0_0_0_0_24_0_null_[0, 64, 7, 0]
98_98_623_79_0_43_32_64_0_0_0_0_0_24_0_null_[0, 64, 7, 0]
99_99_623_79_0_43_32_64_0_0_0_0_0_24_0_null_[0, 64, 7, 0]
100_100_623_79_0_43_32_64_0_0_0_0_0_24_0_null_[0, 64, 7, 0]
101_101_623_79_0_43_32_64_0_0_0_0_0_24_0_null_[0, 64, 7, 0]
102_102_623_79_0_43_32_64_0_0_0_0_0_24_0_null_[0, 64, 7, 0]
103_103_623_79_0_43_32_64_0_0_0_0_0_24_0_null_[0, 64, 7, 0]
104_104_623_79_0_43_32_64_0_0_0_0_0_24_0_null_[0, 64, 7, 0]
105_105_623_79_0_43_32_64_0_0_0_0_0_24_0_null_[0, 64, 7, 0]
106_106_623_79_0_43_32_64_0_0_0_0_0_24_0_null_[0, 64, 7, 0]
107_107_623_79_0_43_32_64_0_0_0_0_0_24_0_null_[0, 64, 7, 0]
108_108_623_79_0_43_32_64_0_0_0_0_0_24_0_null_[0, 64, 7, 0]
109_109_623_79_0_43_32_64_0_0_0_0_0_24_0_null_[0, 64, 7, 0]
110_110_623_79_0_43_32_64_0_0_0_0_0_24_0_null_[0, 64, 7, 0]
111_111_623_79_0_43_32_64_0_0_0_0_0_24_0_null_[0, 64, 7, 0]
112_112_623_79_0_43_32_64_0_0_0_0_0_24_0_null_[0, 64, 7, 0]
113_113_623_79_0_43_32_64_0_0_0_0_0_24_0_null_[0, 64, 7, 0]
114_114_623_79_0_43_32_64_0_0_0_0_0_24_0_null_[0, 64, 7, 0]
115_115_623_79_0_43_32_64_0_0_0_0_0_24_0_null_[0, 64, 7, 0]
116_116_623_79_0_43_32_64_0_0_0_0_0_24_0_null_[0, 64, 7, 0]
117_117_623_79_0_43_32_64_0_0_0_0_0_24_0_null_[0, 64, 7, 0]
118_118_623_79_0_43_32_64_0_0_0_0_0_24_0_null_[0, 64, 7, 0]
119_119_623_79_0_43_32_64_0_0_0_0_0_24_0_null_[0, 64, 7, 0]
120_120_623_79_0_43_32_64_0_0_0_0_0_24_0_null_[0, 64, 7, 0]
121_121_623_79_0_43_32_64_0_0_0_0_0_24_0_null_[0, 64, 7, 0]
122_122_623_79_0_43_32_64_0_0_0_0_0_24_0_null_[0, 64, 7, 0]
123_123_623_79_0_43_32_64_0_0_0_0_0_24_0_null_[0, 64, 7, 0]
124_124_623_79_0_43_32_64_0_0_0_0_0_24_0_null_[0, 64, 7, 0]
125_125_623_79_0_43_32_64_0_0_0_0_0_24_0_null_[0, 64, 7, 0]
126_126_623_79_0_43_32_64_0_0_0_0_0_24_0_null_[0, 64, 7, 0]
127_127_623_79_0_43_32_64_0_0_0_0_0_24_0_null_[0, 64, 7, 0]
