0_0_379_72_0_52_32_64_0_0_0_0_0_24_0_[0, 64, 5, 27, 15, 8, 33, 0]_[0, 64, 7, 14, 37, 0]
1_1_379_72_0_52_32_64_0_0_0_0_0_24_0_[0, 64, 5, 27, 15, 8, 33, 0]_[0, 64, 7, 14, 37, 0]
2_2_379_72_0_52_32_64_0_0_0_0_0_24_0_[0, 64, 5, 27, 15, 8, 33, 0]_[0, 64, 7, 14, 37, 0]
3_3_379_72_0_52_32_64_0_0_0_0_0_24_0_[0, 64, 5, 27, 15, 8, 33, 0]_[0, 64, 7, 14, 37, 0]
4_4_379_72_0_52_32_64_0_0_0_0_0_24_0_[0, 64, 5, 27, 15, 8, 33, 0]_[0, 64, 7, 14, 37, 0]
5_5_379_72_0_52_32_64_0_0_0_0_0_24_0_[0, 64, 5, 27, 15, 8, 33, 0]_[0, 64, 7, 14, 37, 0]
6_6_379_72_0_52_32_64_0_0_0_0_0_24_0_[0, 64, 5, 27, 15, 8, 33, 0]_[0, 64, 7, 14, 37, 0]
7_7_379_72_0_52_32_64_0_0_0_0_0_24_0_[0, 64, 5, 27, 15, 8, 33, 0]_[0, 64, 7, 14, 37, 0]
8_8_379_72_0_52_32_64_0_0_0_0_0_24_0_[0, 64, 5, 27, 15, 8, 33, 0]_[0, 64, 7, 14, 37, 0]
9_9_379_72_0_52_32_64_0_0_0_0_0_24_0_[0, 64, 5, 27, 15, 8, 33, 0]_[0, 64, 7, 14, 37, 0]
10_10_379_72_0_52_32_64_0_0_0_0_0_24_0_[0, 64, 5, 27, 15, 8, 33, 0]_[0, 64, 7, 14, 37, 0]
11_11_379_72_0_52_32_64_0_0_0_0_0_24_0_[0, 64, 5, 27, 15, 8, 33, 0]_[0, 64, 7, 14, 37, 0]
12_12_379_72_0_52_32_64_0_0_0_0_0_24_0_[0, 64, 5, 27, 15, 8, 33, 0]_[0, 64, 7, 14, 37, 0]
13_13_379_72_0_52_32_64_0_0_0_0_0_24_0_[0, 64, 5, 27, 15, 8, 33, 0]_[0, 64, 7, 14, 37, 0]
14_14_379_72_0_52_32_64_0_0_0_0_0_24_0_[0, 64, 5, 27, 15, 8, 33, 0]_[0, 64, 7, 14, 37, 0]
15_15_379_72_0_52_32_64_0_0_0_0_0_24_0_[0, 64, 5, 27, 15, 8, 33, 0]_[0, 64, 7, 14, 37, 0]
16_16_379_72_0_52_32_64_0_0_0_0_0_24_0_[0, 64, 5, 27, 15, 8, 33, 0]_[0, 64, 7, 14, 37, 0]
17_17_379_72_0_52_32_64_0_0_0_0_0_24_0_[0, 64, 5, 27, 15, 8, 33, 0]_[0, 64, 7, 14, 37, 0]
18_18_379_72_0_52_32_64_0_0_0_0_0_24_0_[0, 64, 5, 27, 15, 8, 33, 0]_[0, 64, 7, 14, 37, 0]
19_19_379_72_0_52_32_64_0_0_0_0_0_24_0_[0, 64, 5, 27, 15, 8, 33, 0]_[0, 64, 7, 14, 37, 0]
20_20_379_72_0_52_32_64_0_0_0_0_0_24_0_[0, 64, 5, 27, 15, 8, 33, 0]_[0, 64, 7, 14, 37, 0]
21_21_379_72_0_52_32_64_0_0_0_0_0_24_0_[0, 64, 5, 27, 15, 8, 33, 0]_[0, 64, 7, 14, 37, 0]
22_22_379_72_0_52_32_64_0_0_0_0_0_24_0_[0, 64, 5, 27, 15, 8, 33, 0]_[0, 64, 7, 14, 37, 0]
23_23_379_72_0_52_32_64_0_0_0_0_0_24_0_[0, 64, 5, 27, 15, 8, 33, 0]_[0, 64, 7, 14, 37, 0]
24_24_379_72_0_52_32_64_0_0_0_0_0_24_0_[0, 64, 5, 27, 15, 8, 33, 0]_[0, 64, 7, 14, 37, 0]
25_25_379_72_0_52_32_64_0_0_0_0_0_24_0_[0, 64, 5, 27, 15, 8, 33, 0]_[0, 64, 7, 14, 37, 0]
26_26_379_72_0_52_32_64_0_0_0_0_0_24_0_[0, 64, 5, 27, 15, 8, 33, 0]_[0, 64, 7, 14, 37, 0]
27_27_379_72_0_52_32_64_0_0_0_0_0_24_0_[0, 64, 5, 27, 15, 8, 33, 0]_[0, 64, 7, 14, 37, 0]
28_28_379_72_0_52_32_64_0_0_0_0_0_24_0_[0, 64, 5, 27, 15, 8, 33, 0]_[0, 64, 7, 14, 37, 0]
29_29_379_72_0_52_32_64_0_0_0_0_0_24_0_[0, 64, 5, 27, 15, 8, 33, 0]_[0, 64, 7, 14, 37, 0]
30_30_379_72_0_52_32_64_0_0_0_0_0_24_0_[0, 64, 5, 27, 15, 8, 33, 0]_[0, 64, 7, 14, 37, 0]
31_31_379_72_0_52_32_64_0_0_0_0_0_24_0_[0, 64, 5, 27, 15, 8, 33, 0]_[0, 64, 7, 14, 37, 0]
32_32_379_72_0_52_32_64_0_0_0_0_0_24_0_[0, 64, 5, 27, 15, 8, 33, 0]_[0, 64, 7, 14, 37, 0]
33_33_379_72_0_52_32_64_0_0_0_0_0_24_0_[0, 64, 5, 27, 15, 8, 33, 0]_[0, 64, 7, 14, 37, 0]
34_34_379_72_0_52_32_64_0_0_0_0_0_24_0_[0, 64, 5, 27, 15, 8, 33, 0]_[0, 64, 7, 14, 37, 0]
35_35_379_72_0_52_32_64_0_0_0_0_0_24_0_[0, 64, 5, 27, 15, 8, 33, 0]_[0, 64, 7, 14, 37, 0]
36_36_379_72_0_52_32_64_0_0_0_0_0_24_0_[0, 64, 5, 27, 15, 8, 33, 0]_[0, 64, 7, 14, 37, 0]
37_37_379_72_0_52_32_64_0_0_0_0_0_24_0_[0, 64, 5, 27, 15, 8, 33, 0]_[0, 64, 7, 14, 37, 0]
38_38_379_72_0_52_32_64_0_0_0_0_0_24_0_[0, 64, 5, 27, 15, 8, 33, 0]_[0, 64, 7, 14, 37, 0]
39_39_379_72_0_52_32_64_0_0_0_0_0_24_0_[0, 64, 5, 27, 15, 8, 33, 0]_[0, 64, 7, 14, 37, 0]
40_40_379_72_0_52_32_64_0_0_0_0_0_24_0_[0, 64, 5, 27, 15, 8, 33, 0]_[0, 64, 7, 14, 37, 0]
41_41_379_72_0_52_32_64_0_0_0_0_0_24_0_[0, 64, 5, 27, 15, 8, 33, 0]_[0, 64, 7, 14, 37, 0]
42_42_379_72_0_52_32_64_0_0_0_0_0_24_0_[0, 64, 5, 27, 15, 8, 33, 0]_[0, 64, 7, 14, 37, 0]
43_43_379_72_0_52_32_64_0_0_0_0_0_24_0_[0, 64, 5, 27, 15, 8, 33, 0]_[0, 64, 7, 14, 37, 0]
44_44_379_72_0_52_32_64_0_0_0_0_0_24_0_[0, 64, 5, 27, 15, 8, 33, 0]_[0, 64, 7, 14, 37, 0]
45_45_379_72_0_52_32_64_0_0_0_0_0_24_0_[0, 64, 5, 27, 15, 8, 33, 0]_[0, 64, 7, 14, 37, 0]
46_46_379_72_0_52_32_64_0_0_0_0_0_24_0_[0, 64, 5, 27, 15, 8, 33, 0]_[0, 64, 7, 14, 37, 0]
47_47_379_72_0_52_32_64_0_0_0_0_0_24_0_[0, 64, 5, 27, 15, 8, 33, 0]_[0, 64, 7, 14, 37, 0]
48_48_379_72_0_52_32_64_0_0_0_0_0_24_0_[0, 64, 5, 27, 15, 8, 33, 0]_[0, 64, 7, 14, 37, 0]
49_49_379_72_0_52_32_64_0_0_0_0_0_24_0_[0, 64, 5, 27, 15, 8, 33, 0]_[0, 64, 7, 14, 37, 0]
50_50_379_72_0_52_32_64_0_0_0_0_0_24_0_[0, 64, 5, 27, 15, 8, 33, 0]_[0, 64, 7, 14, 37, 0]
51_51_379_72_0_52_32_64_0_0_0_0_0_24_0_[0, 64, 5, 27, 15, 8, 33, 0]_[0, 64, 7, 14, 37, 0]
52_52_379_72_0_52_32_64_0_0_0_0_0_24_0_[0, 64, 5, 27, 15, 8, 33, 0]_[0, 64, 7, 14, 37, 0]
53_53_379_72_0_52_32_64_0_0_0_0_0_24_0_[0, 64, 5, 27, 15, 8, 33, 0]_[0, 64, 7, 14, 37, 0]
54_54_379_72_0_52_32_64_0_0_0_0_0_24_0_[0, 64, 5, 27, 15, 8, 33, 0]_[0, 64, 7, 14, 37, 0]
55_55_379_72_0_52_32_64_0_0_0_0_0_24_0_[0, 64, 5, 27, 15, 8, 33, 0]_[0, 64, 7, 14, 37, 0]
56_56_379_72_0_52_32_64_0_0_0_0_0_24_0_[0, 64, 5, 27, 15, 8, 33, 0]_[0, 64, 7, 14, 37, 0]
57_57_379_72_0_52_32_64_0_0_0_0_0_24_0_[0, 64, 5, 27, 15, 8, 33, 0]_[0, 64, 7, 14, 37, 0]
58_58_379_72_0_52_32_64_0_0_0_0_0_24_0_[0, 64, 5, 27, 15, 8, 33, 0]_[0, 64, 7, 14, 37, 0]
59_59_379_72_0_52_32_64_0_0_0_0_0_24_0_[0, 64, 5, 27, 15, 8, 33, 0]_[0, 64, 7, 14, 37, 0]
60_60_379_72_0_52_32_64_0_0_0_0_0_24_0_[0, 64, 5, 27, 15, 8, 33, 0]_[0, 64, 7, 14, 37, 0]
61_61_379_72_0_52_32_64_0_0_0_0_0_24_0_[0, 64, 5, 27, 15, 8, 33, 0]_[0, 64, 7, 14, 37, 0]
62_62_379_72_0_52_32_64_0_0_0_0_0_24_0_[0, 64, 5, 27, 15, 8, 33, 0]_[0, 64, 7, 14, 37, 0]
63_63_379_72_0_52_32_64_0_0_0_0_0_24_0_[0, 64, 5, 27, 15, 8, 33, 0]_[0, 64, 7, 14, 37, 0]
64_64_379_72_0_52_32_64_0_0_0_0_0_24_0_[0, 64, 5, 27, 15, 8, 33, 0]_[0, 64, 7, 14, 37, 0]
65_65_379_72_0_52_32_64_0_0_0_0_0_24_0_[0, 64, 5, 27, 15, 8, 33, 0]_[0, 64, 7, 14, 37, 0]
66_66_379_72_0_52_32_64_0_0_0_0_0_24_0_[0, 64, 5, 27, 15, 8, 33, 0]_[0, 64, 7, 14, 37, 0]
67_67_379_72_0_52_32_64_0_0_0_0_0_24_0_[0, 64, 5, 27, 15, 8, 33, 0]_[0, 64, 7, 14, 37, 0]
68_68_379_72_0_52_32_64_0_0_0_0_0_24_0_[0, 64, 5, 27, 15, 8, 33, 0]_[0, 64, 7, 14, 37, 0]
69_69_379_72_0_52_32_64_0_0_0_0_0_24_0_[0, 64, 5, 27, 15, 8, 33, 0]_[0, 64, 7, 14, 37, 0]
70_70_379_72_0_52_32_64_0_0_0_0_0_24_0_[0, 64, 5, 27, 15, 8, 33, 0]_[0, 64, 7, 14, 37, 0]
71_71_379_72_0_52_32_64_0_0_0_0_0_24_0_[0, 64, 5, 27, 15, 8, 33, 0]_[0, 64, 7, 14, 37, 0]
72_72_379_72_0_52_32_64_0_0_0_0_0_24_0_[0, 64, 5, 27, 15, 8, 33, 0]_[0, 64, 7, 14, 37, 0]
73_73_379_72_0_52_32_64_0_0_0_0_0_24_0_[0, 64, 5, 27, 15, 8, 33, 0]_[0, 64, 7, 14, 37, 0]
74_74_379_72_0_52_32_64_0_0_0_0_0_24_0_[0, 64, 5, 27, 15, 8, 33, 0]_[0, 64, 7, 14, 37, 0]
75_75_379_72_0_52_32_64_0_0_0_0_0_24_0_[0, 64, 5, 27, 15, 8, 33, 0]_[0, 64, 7, 14, 37, 0]
76_76_379_72_0_52_32_64_0_0_0_0_0_24_0_[0, 64, 5, 27, 15, 8, 33, 0]_[0, 64, 7, 14, 37, 0]
77_77_379_72_0_52_32_64_0_0_0_0_0_24_0_[0, 64, 5, 27, 15, 8, 33, 0]_[0, 64, 7, 14, 37, 0]
78_78_379_72_0_52_32_64_0_0_0_0_0_24_0_[0, 64, 5, 27, 15, 8, 33, 0]_[0, 64, 7, 14, 37, 0]
79_79_379_72_0_52_32_64_0_0_0_0_0_24_0_[0, 64, 5, 27, 15, 8, 33, 0]_[0, 64, 7, 14, 37, 0]
80_80_379_72_0_52_32_64_0_0_0_0_0_24_0_[0, 64, 5, 27, 15, 8, 33, 0]_[0, 64, 7, 14, 37, 0]
81_81_379_72_0_52_32_64_0_0_0_0_0_24_0_[0, 64, 5, 27, 15, 8, 33, 0]_[0, 64, 7, 14, 37, 0]
82_82_379_72_0_52_32_64_0_0_0_0_0_24_0_[0, 64, 5, 27, 15, 8, 33, 0]_[0, 64, 7, 14, 37, 0]
83_83_379_72_0_52_32_64_0_0_0_0_0_24_0_[0, 64, 5, 27, 15, 8, 33, 0]_[0, 64, 7, 14, 37, 0]
84_84_379_72_0_52_32_64_0_0_0_0_0_24_0_[0, 64, 5, 27, 15, 8, 33, 0]_[0, 64, 7, 14, 37, 0]
85_85_379_72_0_52_32_64_0_0_0_0_0_24_0_[0, 64, 5, 27, 15, 8, 33, 0]_[0, 64, 7, 14, 37, 0]
86_86_379_72_0_52_32_64_0_0_0_0_0_24_0_[0, 64, 5, 27, 15, 8, 33, 0]_[0, 64, 7, 14, 37, 0]
87_87_379_72_0_52_32_64_0_0_0_0_0_24_0_[0, 64, 5, 27, 15, 8, 33, 0]_[0, 64, 7, 14, 37, 0]
88_88_379_72_0_52_32_64_0_0_0_0_0_24_0_[0, 64, 5, 27, 15, 8, 33, 0]_[0, 64, 7, 14, 37, 0]
89_89_379_72_0_52_32_64_0_0_0_0_0_24_0_[0, 64, 5, 27, 15, 8, 33, 0]_[0, 64, 7, 14, 37, 0]
90_90_379_72_0_52_32_64_0_0_0_0_0_24_0_[0, 64, 5, 27, 15, 8, 33, 0]_[0, 64, 7, 14, 37, 0]
91_91_379_72_0_52_32_64_0_0_0_0_0_24_0_[0, 64, 5, 27, 15, 8, 33, 0]_[0, 64, 7, 14, 37, 0]
92_92_379_72_0_52_32_64_0_0_0_0_0_24_0_[0, 64, 5, 27, 15, 8, 33, 0]_[0, 64, 7, 14, 37, 0]
93_93_379_72_0_52_32_64_0_0_0_0_0_24_0_[0, 64, 5, 27, 15, 8, 33, 0]_[0, 64, 7, 14, 37, 0]
94_94_379_72_0_52_32_64_0_0_0_0_0_24_0_[0, 64, 5, 27, 15, 8, 33, 0]_[0, 64, 7, 14, 37, 0]
95_95_379_72_0_52_32_64_0_0_0_0_0_24_0_[0, 64, 5, 27, 15, 8, 33, 0]_[0, 64, 7, 14, 37, 0]
96_96_379_72_0_52_32_64_0_0_0_0_0_24_0_[0, 64, 5, 27, 15, 8, 33, 0]_[0, 64, 7, 14, 37, 0]
97_97_379_72_0_52_32_64_0_0_0_0_0_24_0_[0, 64, 5, 27, 15, 8, 33, 0]_[0, 64, 7, 14, 37, 0]
98_98_379_72_0_52_32_64_0_0_0_0_0_24_0_[0, 64, 5, 27, 15, 8, 33, 0]_[0, 64, 7, 14, 37, 0]
99_99_379_72_0_52_32_64_0_0_0_0_0_24_0_[0, 64, 5, 27, 15, 8, 33, 0]_[0, 64, 7, 14, 37, 0]
100_100_379_72_0_52_32_64_0_0_0_0_0_24_0_[0, 64, 5, 27, 15, 8, 33, 0]_[0, 64, 7, 14, 37, 0]
101_101_379_72_0_52_32_64_0_0_0_0_0_24_0_[0, 64, 5, 27, 15, 8, 33, 0]_[0, 64, 7, 14, 37, 0]
102_102_379_72_0_52_32_64_0_0_0_0_0_24_0_[0, 64, 5, 27, 15, 8, 33, 0]_[0, 64, 7, 14, 37, 0]
103_103_379_72_0_52_32_64_0_0_0_0_0_24_0_[0, 64, 5, 27, 15, 8, 33, 0]_[0, 64, 7, 14, 37, 0]
104_104_379_72_0_52_32_64_0_0_0_0_0_24_0_[0, 64, 5, 27, 15, 8, 33, 0]_[0, 64, 7, 14, 37, 0]
105_105_379_72_0_52_32_64_0_0_0_0_0_24_0_[0, 64, 5, 27, 15, 8, 33, 0]_[0, 64, 7, 14, 37, 0]
106_106_379_72_0_52_32_64_0_0_0_0_0_24_0_[0, 64, 5, 27, 15, 8, 33, 0]_[0, 64, 7, 14, 37, 0]
107_107_379_72_0_52_32_64_0_0_0_0_0_24_0_[0, 64, 5, 27, 15, 8, 33, 0]_[0, 64, 7, 14, 37, 0]
108_108_379_72_0_52_32_64_0_0_0_0_0_24_0_[0, 64, 5, 27, 15, 8, 33, 0]_[0, 64, 7, 14, 37, 0]
109_109_379_72_0_52_32_64_0_0_0_0_0_24_0_[0, 64, 5, 27, 15, 8, 33, 0]_[0, 64, 7, 14, 37, 0]
110_110_379_72_0_52_32_64_0_0_0_0_0_24_0_[0, 64, 5, 27, 15, 8, 33, 0]_[0, 64, 7, 14, 37, 0]
111_111_379_72_0_52_32_64_0_0_0_0_0_24_0_[0, 64, 5, 27, 15, 8, 33, 0]_[0, 64, 7, 14, 37, 0]
112_112_379_72_0_52_32_64_0_0_0_0_0_24_0_[0, 64, 5, 27, 15, 8, 33, 0]_[0, 64, 7, 14, 37, 0]
113_113_379_72_0_52_32_64_0_0_0_0_0_24_0_[0, 64, 5, 27, 15, 8, 33, 0]_[0, 64, 7, 14, 37, 0]
114_114_379_72_0_52_32_64_0_0_0_0_0_24_0_[0, 64, 5, 27, 15, 8, 33, 0]_[0, 64, 7, 14, 37, 0]
115_115_379_72_0_52_32_64_0_0_0_0_0_24_0_[0, 64, 5, 27, 15, 8, 33, 0]_[0, 64, 7, 14, 37, 0]
116_116_379_72_0_52_32_64_0_0_0_0_0_24_0_[0, 64, 5, 27, 15, 8, 33, 0]_[0, 64, 7, 14, 37, 0]
117_117_379_72_0_52_32_64_0_0_0_0_0_24_0_[0, 64, 5, 27, 15, 8, 33, 0]_[0, 64, 7, 14, 37, 0]
118_118_379_72_0_52_32_64_0_0_0_0_0_24_0_[0, 64, 5, 27, 15, 8, 33, 0]_[0, 64, 7, 14, 37, 0]
119_119_379_72_0_52_32_64_0_0_0_0_0_24_0_[0, 64, 5, 27, 15, 8, 33, 0]_[0, 64, 7, 14, 37, 0]
120_120_379_72_0_52_32_64_0_0_0_0_0_24_0_[0, 64, 5, 27, 15, 8, 33, 0]_[0, 64, 7, 14, 37, 0]
121_121_379_72_0_52_32_64_0_0_0_0_0_24_0_[0, 64, 5, 27, 15, 8, 33, 0]_[0, 64, 7, 14, 37, 0]
122_122_379_72_0_52_32_64_0_0_0_0_0_24_0_[0, 64, 5, 27, 15, 8, 33, 0]_[0, 64, 7, 14, 37, 0]
123_123_379_72_0_52_32_64_0_0_0_0_0_24_0_[0, 64, 5, 27, 15, 8, 33, 0]_[0, 64, 7, 14, 37, 0]
124_124_379_72_0_52_32_64_0_0_0_0_0_24_0_[0, 64, 5, 27, 15, 8, 33, 0]_[0, 64, 7, 14, 37, 0]
125_125_379_72_0_52_32_64_0_0_0_0_0_24_0_[0, 64, 5, 27, 15, 8, 33, 0]_[0, 64, 7, 14, 37, 0]
126_126_379_72_0_52_32_64_0_0_0_0_0_24_0_[0, 64, 5, 27, 15, 8, 33, 0]_[0, 64, 7, 14, 37, 0]
127_127_379_72_0_52_32_64_0_0_0_0_0_24_0_[0, 64, 5, 27, 15, 8, 33, 0]_[0, 64, 7, 14, 37, 0]
