0_0_31_58_0_30_32_64_0_12_0_0_0_24_0_null_[0, 64, 5, 13, 24, 0]
1_1_31_58_0_30_32_64_0_12_0_0_0_24_0_null_[0, 64, 5, 13, 24, 0]
2_2_31_58_0_30_32_64_0_12_0_0_0_24_0_null_[0, 64, 5, 13, 24, 0]
3_3_31_58_0_30_32_64_0_12_0_0_0_24_0_null_[0, 64, 5, 13, 24, 0]
4_4_31_58_0_30_32_64_0_12_0_0_0_24_0_null_[0, 64, 5, 13, 24, 0]
5_5_31_58_0_30_32_64_0_12_0_0_0_24_0_null_[0, 64, 5, 13, 24, 0]
6_6_31_58_0_30_32_64_0_12_0_0_0_24_0_null_[0, 64, 5, 13, 24, 0]
7_7_31_58_0_30_32_64_0_12_0_0_0_24_0_null_[0, 64, 5, 13, 24, 0]
8_8_31_58_0_30_32_64_0_12_0_0_0_24_0_null_[0, 64, 5, 13, 24, 0]
9_9_31_58_0_30_32_64_0_12_0_0_0_24_0_null_[0, 64, 5, 13, 24, 0]
10_10_31_58_0_30_32_64_0_12_0_0_0_24_0_null_[0, 64, 5, 13, 24, 0]
11_11_31_58_0_30_32_64_0_12_0_0_0_24_0_null_[0, 64, 5, 13, 24, 0]
12_12_31_58_0_30_32_64_0_12_0_0_0_24_0_null_[0, 64, 5, 13, 24, 0]
13_13_31_58_0_30_32_64_0_12_0_0_0_24_0_null_[0, 64, 5, 13, 24, 0]
14_14_31_58_0_30_32_64_0_12_0_0_0_24_0_null_[0, 64, 5, 13, 24, 0]
15_15_31_58_0_30_32_64_0_12_0_0_0_24_0_null_[0, 64, 5, 13, 24, 0]
16_16_31_58_0_30_32_64_0_12_0_0_0_24_0_null_[0, 64, 5, 13, 24, 0]
17_17_31_58_0_30_32_64_0_12_0_0_0_24_0_null_[0, 64, 5, 13, 24, 0]
18_18_31_58_0_30_32_64_0_12_0_0_0_24_0_null_[0, 64, 5, 13, 24, 0]
19_19_31_58_0_30_32_64_0_12_0_0_0_24_0_null_[0, 64, 5, 13, 24, 0]
20_20_31_58_0_30_32_64_0_12_0_0_0_24_0_null_[0, 64, 5, 13, 24, 0]
21_21_31_58_0_30_32_64_0_12_0_0_0_24_0_null_[0, 64, 5, 13, 24, 0]
22_22_31_58_0_30_32_64_0_12_0_0_0_24_0_null_[0, 64, 5, 13, 24, 0]
23_23_31_58_0_30_32_64_0_12_0_0_0_24_0_null_[0, 64, 5, 13, 24, 0]
24_24_31_58_0_30_32_64_0_12_0_0_0_24_0_null_[0, 64, 5, 13, 24, 0]
25_25_31_58_0_30_32_64_0_12_0_0_0_24_0_null_[0, 64, 5, 13, 24, 0]
26_26_31_58_0_30_32_64_0_12_0_0_0_24_0_null_[0, 64, 5, 13, 24, 0]
27_27_31_58_0_30_32_64_0_12_0_0_0_24_0_null_[0, 64, 5, 13, 24, 0]
28_28_31_58_0_30_32_64_0_12_0_0_0_24_0_null_[0, 64, 5, 13, 24, 0]
29_29_31_58_0_30_32_64_0_12_0_0_0_24_0_null_[0, 64, 5, 13, 24, 0]
30_30_31_58_0_30_32_64_0_12_0_0_0_24_0_null_[0, 64, 5, 13, 24, 0]
31_31_31_58_0_30_32_64_0_12_0_0_0_24_0_null_[0, 64, 5, 13, 24, 0]
32_32_31_58_0_30_32_64_0_12_0_0_0_24_0_null_[0, 64, 5, 13, 24, 0]
33_33_31_58_0_30_32_64_0_12_0_0_0_24_0_null_[0, 64, 5, 13, 24, 0]
34_34_31_58_0_30_32_64_0_12_0_0_0_24_0_null_[0, 64, 5, 13, 24, 0]
35_35_31_58_0_30_32_64_0_12_0_0_0_24_0_null_[0, 64, 5, 13, 24, 0]
36_36_31_58_0_30_32_64_0_12_0_0_0_24_0_null_[0, 64, 5, 13, 24, 0]
37_37_31_58_0_30_32_64_0_12_0_0_0_24_0_null_[0, 64, 5, 13, 24, 0]
38_38_31_58_0_30_32_64_0_12_0_0_0_24_0_null_[0, 64, 5, 13, 24, 0]
39_39_31_58_0_30_32_64_0_12_0_0_0_24_0_null_[0, 64, 5, 13, 24, 0]
40_40_31_58_0_30_32_64_0_12_0_0_0_24_0_null_[0, 64, 5, 13, 24, 0]
41_41_31_58_0_30_32_64_0_12_0_0_0_24_0_null_[0, 64, 5, 13, 24, 0]
42_42_31_58_0_30_32_64_0_12_0_0_0_24_0_null_[0, 64, 5, 13, 24, 0]
43_43_31_58_0_30_32_64_0_12_0_0_0_24_0_null_[0, 64, 5, 13, 24, 0]
44_44_31_58_0_30_32_64_0_12_0_0_0_24_0_null_[0, 64, 5, 13, 24, 0]
45_45_31_58_0_30_32_64_0_12_0_0_0_24_0_null_[0, 64, 5, 13, 24, 0]
46_46_31_58_0_30_32_64_0_12_0_0_0_24_0_null_[0, 64, 5, 13, 24, 0]
47_47_31_58_0_30_32_64_0_12_0_0_0_24_0_null_[0, 64, 5, 13, 24, 0]
48_48_31_58_0_30_32_64_0_12_0_0_0_24_0_null_[0, 64, 5, 13, 24, 0]
49_49_31_58_0_30_32_64_0_12_0_0_0_24_0_null_[0, 64, 5, 13, 24, 0]
50_50_31_58_0_30_32_64_0_12_0_0_0_24_0_null_[0, 64, 5, 13, 24, 0]
51_51_31_58_0_30_32_64_0_12_0_0_0_24_0_null_[0, 64, 5, 13, 24, 0]
52_52_31_58_0_30_32_64_0_12_0_0_0_24_0_null_[0, 64, 5, 13, 24, 0]
53_53_31_58_0_30_32_64_0_12_0_0_0_24_0_null_[0, 64, 5, 13, 24, 0]
54_54_31_58_0_30_32_64_0_12_0_0_0_24_0_null_[0, 64, 5, 13, 24, 0]
55_55_31_58_0_30_32_64_0_12_0_0_0_24_0_null_[0, 64, 5, 13, 24, 0]
56_56_31_58_0_30_32_64_0_12_0_0_0_24_0_null_[0, 64, 5, 13, 24, 0]
57_57_31_58_0_30_32_64_0_12_0_0_0_24_0_null_[0, 64, 5, 13, 24, 0]
58_58_31_58_0_30_32_64_0_12_0_0_0_24_0_null_[0, 64, 5, 13, 24, 0]
59_59_31_58_0_30_32_64_0_12_0_0_0_24_0_null_[0, 64, 5, 13, 24, 0]
60_60_31_58_0_30_32_64_0_12_0_0_0_24_0_null_[0, 64, 5, 13, 24, 0]
61_61_31_58_0_30_32_64_0_12_0_0_0_24_0_null_[0, 64, 5, 13, 24, 0]
62_62_31_58_0_30_32_64_0_12_0_0_0_24_0_null_[0, 64, 5, 13, 24, 0]
63_63_31_58_0_30_32_64_0_12_0_0_0_24_0_null_[0, 64, 5, 13, 24, 0]
64_64_31_58_0_30_32_64_0_12_0_0_0_24_0_null_[0, 64, 5, 13, 24, 0]
65_65_31_58_0_30_32_64_0_12_0_0_0_24_0_null_[0, 64, 5, 13, 24, 0]
66_66_31_58_0_30_32_64_0_12_0_0_0_24_0_null_[0, 64, 5, 13, 24, 0]
67_67_31_58_0_30_32_64_0_12_0_0_0_24_0_null_[0, 64, 5, 13, 24, 0]
68_68_31_58_0_30_32_64_0_12_0_0_0_24_0_null_[0, 64, 5, 13, 24, 0]
69_69_31_58_0_30_32_64_0_12_0_0_0_24_0_null_[0, 64, 5, 13, 24, 0]
70_70_31_58_0_30_32_64_0_12_0_0_0_24_0_null_[0, 64, 5, 13, 24, 0]
71_71_31_58_0_30_32_64_0_12_0_0_0_24_0_null_[0, 64, 5, 13, 24, 0]
72_72_31_58_0_30_32_64_0_12_0_0_0_24_0_null_[0, 64, 5, 13, 24, 0]
73_73_31_58_0_30_32_64_0_12_0_0_0_24_0_null_[0, 64, 5, 13, 24, 0]
74_74_31_58_0_30_32_64_0_12_0_0_0_24_0_null_[0, 64, 5, 13, 24, 0]
75_75_31_58_0_30_32_64_0_12_0_0_0_24_0_null_[0, 64, 5, 13, 24, 0]
76_76_31_58_0_30_32_64_0_12_0_0_0_24_0_null_[0, 64, 5, 13, 24, 0]
77_77_31_58_0_30_32_64_0_12_0_0_0_24_0_null_[0, 64, 5, 13, 24, 0]
78_78_31_58_0_30_32_64_0_12_0_0_0_24_0_null_[0, 64, 5, 13, 24, 0]
79_79_31_58_0_30_32_64_0_12_0_0_0_24_0_null_[0, 64, 5, 13, 24, 0]
80_80_31_58_0_30_32_64_0_12_0_0_0_24_0_null_[0, 64, 5, 13, 24, 0]
81_81_31_58_0_30_32_64_0_12_0_0_0_24_0_null_[0, 64, 5, 13, 24, 0]
82_82_31_58_0_30_32_64_0_12_0_0_0_24_0_null_[0, 64, 5, 13, 24, 0]
83_83_31_58_0_30_32_64_0_12_0_0_0_24_0_null_[0, 64, 5, 13, 24, 0]
84_84_31_58_0_30_32_64_0_12_0_0_0_24_0_null_[0, 64, 5, 13, 24, 0]
85_85_31_58_0_30_32_64_0_12_0_0_0_24_0_null_[0, 64, 5, 13, 24, 0]
86_86_31_58_0_30_32_64_0_12_0_0_0_24_0_null_[0, 64, 5, 13, 24, 0]
87_87_31_58_0_30_32_64_0_12_0_0_0_24_0_null_[0, 64, 5, 13, 24, 0]
88_88_31_58_0_30_32_64_0_12_0_0_0_24_0_null_[0, 64, 5, 13, 24, 0]
89_89_31_58_0_30_32_64_0_12_0_0_0_24_0_null_[0, 64, 5, 13, 24, 0]
90_90_31_58_0_30_32_64_0_12_0_0_0_24_0_null_[0, 64, 5, 13, 24, 0]
91_91_31_58_0_30_32_64_0_12_0_0_0_24_0_null_[0, 64, 5, 13, 24, 0]
92_92_31_58_0_30_32_64_0_12_0_0_0_24_0_null_[0, 64, 5, 13, 24, 0]
93_93_31_58_0_30_32_64_0_12_0_0_0_24_0_null_[0, 64, 5, 13, 24, 0]
94_94_31_58_0_30_32_64_0_12_0_0_0_24_0_null_[0, 64, 5, 13, 24, 0]
95_95_31_58_0_30_32_64_0_12_0_0_0_24_0_null_[0, 64, 5, 13, 24, 0]
96_96_31_58_0_30_32_64_0_12_0_0_0_24_0_null_[0, 64, 5, 13, 24, 0]
97_97_31_58_0_30_32_64_0_12_0_0_0_24_0_null_[0, 64, 5, 13, 24, 0]
98_98_31_58_0_30_32_64_0_12_0_0_0_24_0_null_[0, 64, 5, 13, 24, 0]
99_99_31_58_0_30_32_64_0_12_0_0_0_24_0_null_[0, 64, 5, 13, 24, 0]
100_100_31_58_0_30_32_64_0_12_0_0_0_24_0_null_[0, 64, 5, 13, 24, 0]
101_101_31_58_0_30_32_64_0_12_0_0_0_24_0_null_[0, 64, 5, 13, 24, 0]
102_102_31_58_0_30_32_64_0_12_0_0_0_24_0_null_[0, 64, 5, 13, 24, 0]
103_103_31_58_0_30_32_64_0_12_0_0_0_24_0_null_[0, 64, 5, 13, 24, 0]
104_104_31_58_0_30_32_64_0_12_0_0_0_24_0_null_[0, 64, 5, 13, 24, 0]
105_105_31_58_0_30_32_64_0_12_0_0_0_24_0_null_[0, 64, 5, 13, 24, 0]
106_106_31_58_0_30_32_64_0_12_0_0_0_24_0_null_[0, 64, 5, 13, 24, 0]
107_107_31_58_0_30_32_64_0_12_0_0_0_24_0_null_[0, 64, 5, 13, 24, 0]
108_108_31_58_0_30_32_64_0_12_0_0_0_24_0_null_[0, 64, 5, 13, 24, 0]
109_109_31_58_0_30_32_64_0_12_0_0_0_24_0_null_[0, 64, 5, 13, 24, 0]
110_110_31_58_0_30_32_64_0_12_0_0_0_24_0_null_[0, 64, 5, 13, 24, 0]
111_111_31_58_0_30_32_64_0_12_0_0_0_24_0_null_[0, 64, 5, 13, 24, 0]
112_112_31_58_0_30_32_64_0_12_0_0_0_24_0_null_[0, 64, 5, 13, 24, 0]
113_113_31_58_0_30_32_64_0_12_0_0_0_24_0_null_[0, 64, 5, 13, 24, 0]
114_114_31_58_0_30_32_64_0_12_0_0_0_24_0_null_[0, 64, 5, 13, 24, 0]
115_115_31_58_0_30_32_64_0_12_0_0_0_24_0_null_[0, 64, 5, 13, 24, 0]
116_116_31_58_0_30_32_64_0_12_0_0_0_24_0_null_[0, 64, 5, 13, 24, 0]
117_117_31_58_0_30_32_64_0_12_0_0_0_24_0_null_[0, 64, 5, 13, 24, 0]
118_118_31_58_0_30_32_64_0_12_0_0_0_24_0_null_[0, 64, 5, 13, 24, 0]
119_119_31_58_0_30_32_64_0_12_0_0_0_24_0_null_[0, 64, 5, 13, 24, 0]
120_120_31_58_0_30_32_64_0_12_0_0_0_24_0_null_[0, 64, 5, 13, 24, 0]
121_121_31_58_0_30_32_64_0_12_0_0_0_24_0_null_[0, 64, 5, 13, 24, 0]
122_122_31_58_0_30_32_64_0_12_0_0_0_24_0_null_[0, 64, 5, 13, 24, 0]
123_123_31_58_0_30_32_64_0_12_0_0_0_24_0_null_[0, 64, 5, 13, 24, 0]
124_124_31_58_0_30_32_64_0_12_0_0_0_24_0_null_[0, 64, 5, 13, 24, 0]
125_125_31_58_0_30_32_64_0_12_0_0_0_24_0_null_[0, 64, 5, 13, 24, 0]
126_126_31_58_0_30_32_64_0_12_0_0_0_24_0_null_[0, 64, 5, 13, 24, 0]
127_127_31_58_0_30_32_64_0_12_0_0_0_24_0_null_[0, 64, 5, 13, 24, 0]
