0_0_288_48_0_45_32_64_16_0_0_0_0_24_0_[0, 0, 25, 64, -1, 0]_[0, 64, 125, 0]
1_1_288_48_0_45_32_64_16_0_0_0_0_24_0_[0, 0, 25, 64, -1, 0]_[0, 64, 125, 0]
2_2_288_48_0_45_32_64_16_0_0_0_0_24_0_[0, 0, 25, 64, -1, 0]_[0, 64, 125, 0]
3_3_288_48_0_45_32_64_16_0_0_0_0_24_0_[0, 0, 25, 64, -1, 0]_[0, 64, 125, 0]
4_4_288_48_0_45_32_64_16_0_0_0_0_24_0_[0, 0, 25, 64, -1, 0]_[0, 64, 125, 0]
5_5_288_48_0_45_32_64_16_0_0_0_0_24_0_[0, 0, 25, 64, -1, 0]_[0, 64, 125, 0]
6_6_288_48_0_45_32_64_16_0_0_0_0_24_0_[0, 0, 25, 64, -1, 0]_[0, 64, 125, 0]
7_7_288_48_0_45_32_64_16_0_0_0_0_24_0_[0, 0, 25, 64, -1, 0]_[0, 64, 125, 0]
8_8_288_48_0_45_32_64_16_0_0_0_0_24_0_[0, 0, 25, 64, -1, 0]_[0, 64, 125, 0]
9_9_288_48_0_45_32_64_16_0_0_0_0_24_0_[0, 0, 25, 64, -1, 0]_[0, 64, 125, 0]
10_10_288_48_0_45_32_64_16_0_0_0_0_24_0_[0, 0, 25, 64, -1, 0]_[0, 64, 125, 0]
11_11_288_48_0_45_32_64_16_0_0_0_0_24_0_[0, 0, 25, 64, -1, 0]_[0, 64, 125, 0]
12_12_288_48_0_45_32_64_16_0_0_0_0_24_0_[0, 0, 25, 64, -1, 0]_[0, 64, 125, 0]
13_13_288_48_0_45_32_64_16_0_0_0_0_24_0_[0, 0, 25, 64, -1, 0]_[0, 64, 125, 0]
14_14_288_48_0_45_32_64_16_0_0_0_0_24_0_[0, 0, 25, 64, -1, 0]_[0, 64, 125, 0]
15_15_288_48_0_45_32_64_16_0_0_0_0_24_0_[0, 0, 25, 64, -1, 0]_[0, 64, 125, 0]
16_16_288_48_0_45_32_64_16_0_0_0_0_24_0_[0, 0, 25, 64, -1, 0]_[0, 64, 125, 0]
17_17_288_48_0_45_32_64_16_0_0_0_0_24_0_[0, 0, 25, 64, -1, 0]_[0, 64, 125, 0]
18_18_288_48_0_45_32_64_16_0_0_0_0_24_0_[0, 0, 25, 64, -1, 0]_[0, 64, 125, 0]
19_19_288_48_0_45_32_64_16_0_0_0_0_24_0_[0, 0, 25, 64, -1, 0]_[0, 64, 125, 0]
20_20_288_48_0_45_32_64_16_0_0_0_0_24_0_[0, 0, 25, 64, -1, 0]_[0, 64, 125, 0]
21_21_288_48_0_45_32_64_16_0_0_0_0_24_0_[0, 0, 25, 64, -1, 0]_[0, 64, 125, 0]
22_22_288_48_0_45_32_64_16_0_0_0_0_24_0_[0, 0, 25, 64, -1, 0]_[0, 64, 125, 0]
23_23_288_48_0_45_32_64_16_0_0_0_0_24_0_[0, 0, 25, 64, -1, 0]_[0, 64, 125, 0]
24_24_288_48_0_45_32_64_16_0_0_0_0_24_0_[0, 0, 25, 64, -1, 0]_[0, 64, 125, 0]
25_25_288_48_0_45_32_64_16_0_0_0_0_24_0_[0, 0, 25, 64, -1, 0]_[0, 64, 125, 0]
26_26_288_48_0_45_32_64_16_0_0_0_0_24_0_[0, 0, 25, 64, -1, 0]_[0, 64, 125, 0]
27_27_288_48_0_45_32_64_16_0_0_0_0_24_0_[0, 0, 25, 64, -1, 0]_[0, 64, 125, 0]
28_28_288_48_0_45_32_64_16_0_0_0_0_24_0_[0, 0, 25, 64, -1, 0]_[0, 64, 125, 0]
29_29_288_48_0_45_32_64_16_0_0_0_0_24_0_[0, 0, 25, 64, -1, 0]_[0, 64, 125, 0]
30_30_288_48_0_45_32_64_16_0_0_0_0_24_0_[0, 0, 25, 64, -1, 0]_[0, 64, 125, 0]
31_31_288_48_0_45_32_64_16_0_0_0_0_24_0_[0, 0, 25, 64, -1, 0]_[0, 64, 125, 0]
32_32_288_48_0_45_32_64_16_0_0_0_0_24_0_[0, 0, 25, 64, -1, 0]_[0, 64, 125, 0]
33_33_288_48_0_45_32_64_16_0_0_0_0_24_0_[0, 0, 25, 64, -1, 0]_[0, 64, 125, 0]
34_34_288_48_0_45_32_64_16_0_0_0_0_24_0_[0, 0, 25, 64, -1, 0]_[0, 64, 125, 0]
35_35_288_48_0_45_32_64_16_0_0_0_0_24_0_[0, 0, 25, 64, -1, 0]_[0, 64, 125, 0]
36_36_288_48_0_45_32_64_16_0_0_0_0_24_0_[0, 0, 25, 64, -1, 0]_[0, 64, 125, 0]
37_37_288_48_0_45_32_64_16_0_0_0_0_24_0_[0, 0, 25, 64, -1, 0]_[0, 64, 125, 0]
38_38_288_48_0_45_32_64_16_0_0_0_0_24_0_[0, 0, 25, 64, -1, 0]_[0, 64, 125, 0]
39_39_288_48_0_45_32_64_16_0_0_0_0_24_0_[0, 0, 25, 64, -1, 0]_[0, 64, 125, 0]
40_40_288_48_0_45_32_64_16_0_0_0_0_24_0_[0, 0, 25, 64, -1, 0]_[0, 64, 125, 0]
41_41_288_48_0_45_32_64_16_0_0_0_0_24_0_[0, 0, 25, 64, -1, 0]_[0, 64, 125, 0]
42_42_288_48_0_45_32_64_16_0_0_0_0_24_0_[0, 0, 25, 64, -1, 0]_[0, 64, 125, 0]
43_43_288_48_0_45_32_64_16_0_0_0_0_24_0_[0, 0, 25, 64, -1, 0]_[0, 64, 125, 0]
44_44_288_48_0_45_32_64_16_0_0_0_0_24_0_[0, 0, 25, 64, -1, 0]_[0, 64, 125, 0]
45_45_288_48_0_45_32_64_16_0_0_0_0_24_0_[0, 0, 25, 64, -1, 0]_[0, 64, 125, 0]
46_46_288_48_0_45_32_64_16_0_0_0_0_24_0_[0, 0, 25, 64, -1, 0]_[0, 64, 125, 0]
47_47_288_48_0_45_32_64_16_0_0_0_0_24_0_[0, 0, 25, 64, -1, 0]_[0, 64, 125, 0]
48_48_288_48_0_45_32_64_16_0_0_0_0_24_0_[0, 0, 25, 64, -1, 0]_[0, 64, 125, 0]
49_49_288_48_0_45_32_64_16_0_0_0_0_24_0_[0, 0, 25, 64, -1, 0]_[0, 64, 125, 0]
50_50_288_48_0_45_32_64_16_0_0_0_0_24_0_[0, 0, 25, 64, -1, 0]_[0, 64, 125, 0]
51_51_288_48_0_45_32_64_16_0_0_0_0_24_0_[0, 0, 25, 64, -1, 0]_[0, 64, 125, 0]
52_52_288_48_0_45_32_64_16_0_0_0_0_24_0_[0, 0, 25, 64, -1, 0]_[0, 64, 125, 0]
53_53_288_48_0_45_32_64_16_0_0_0_0_24_0_[0, 0, 25, 64, -1, 0]_[0, 64, 125, 0]
54_54_288_48_0_45_32_64_16_0_0_0_0_24_0_[0, 0, 25, 64, -1, 0]_[0, 64, 125, 0]
55_55_288_48_0_45_32_64_16_0_0_0_0_24_0_[0, 0, 25, 64, -1, 0]_[0, 64, 125, 0]
56_56_288_48_0_45_32_64_16_0_0_0_0_24_0_[0, 0, 25, 64, -1, 0]_[0, 64, 125, 0]
57_57_288_48_0_45_32_64_16_0_0_0_0_24_0_[0, 0, 25, 64, -1, 0]_[0, 64, 125, 0]
58_58_288_48_0_45_32_64_16_0_0_0_0_24_0_[0, 0, 25, 64, -1, 0]_[0, 64, 125, 0]
59_59_288_48_0_45_32_64_16_0_0_0_0_24_0_[0, 0, 25, 64, -1, 0]_[0, 64, 125, 0]
60_60_288_48_0_45_32_64_16_0_0_0_0_24_0_[0, 0, 25, 64, -1, 0]_[0, 64, 125, 0]
61_61_288_48_0_45_32_64_16_0_0_0_0_24_0_[0, 0, 25, 64, -1, 0]_[0, 64, 125, 0]
62_62_288_48_0_45_32_64_16_0_0_0_0_24_0_[0, 0, 25, 64, -1, 0]_[0, 64, 125, 0]
63_63_288_48_0_45_32_64_16_0_0_0_0_24_0_[0, 0, 25, 64, -1, 0]_[0, 64, 125, 0]
64_64_288_48_0_45_32_64_16_0_0_0_0_24_0_[0, 0, 25, 64, -1, 0]_[0, 64, 125, 0]
65_65_288_48_0_45_32_64_16_0_0_0_0_24_0_[0, 0, 25, 64, -1, 0]_[0, 64, 125, 0]
66_66_288_48_0_45_32_64_16_0_0_0_0_24_0_[0, 0, 25, 64, -1, 0]_[0, 64, 125, 0]
67_67_288_48_0_45_32_64_16_0_0_0_0_24_0_[0, 0, 25, 64, -1, 0]_[0, 64, 125, 0]
68_68_288_48_0_45_32_64_16_0_0_0_0_24_0_[0, 0, 25, 64, -1, 0]_[0, 64, 125, 0]
69_69_288_48_0_45_32_64_16_0_0_0_0_24_0_[0, 0, 25, 64, -1, 0]_[0, 64, 125, 0]
70_70_288_48_0_45_32_64_16_0_0_0_0_24_0_[0, 0, 25, 64, -1, 0]_[0, 64, 125, 0]
71_71_288_48_0_45_32_64_16_0_0_0_0_24_0_[0, 0, 25, 64, -1, 0]_[0, 64, 125, 0]
72_72_288_48_0_45_32_64_16_0_0_0_0_24_0_[0, 0, 25, 64, -1, 0]_[0, 64, 125, 0]
73_73_288_48_0_45_32_64_16_0_0_0_0_24_0_[0, 0, 25, 64, -1, 0]_[0, 64, 125, 0]
74_74_288_48_0_45_32_64_16_0_0_0_0_24_0_[0, 0, 25, 64, -1, 0]_[0, 64, 125, 0]
75_75_288_48_0_45_32_64_16_0_0_0_0_24_0_[0, 0, 25, 64, -1, 0]_[0, 64, 125, 0]
76_76_288_48_0_45_32_64_16_0_0_0_0_24_0_[0, 0, 25, 64, -1, 0]_[0, 64, 125, 0]
77_77_288_48_0_45_32_64_16_0_0_0_0_24_0_[0, 0, 25, 64, -1, 0]_[0, 64, 125, 0]
78_78_288_48_0_45_32_64_16_0_0_0_0_24_0_[0, 0, 25, 64, -1, 0]_[0, 64, 125, 0]
79_79_288_48_0_45_32_64_16_0_0_0_0_24_0_[0, 0, 25, 64, -1, 0]_[0, 64, 125, 0]
80_80_288_48_0_45_32_64_16_0_0_0_0_24_0_[0, 0, 25, 64, -1, 0]_[0, 64, 125, 0]
81_81_288_48_0_45_32_64_16_0_0_0_0_24_0_[0, 0, 25, 64, -1, 0]_[0, 64, 125, 0]
82_82_288_48_0_45_32_64_16_0_0_0_0_24_0_[0, 0, 25, 64, -1, 0]_[0, 64, 125, 0]
83_83_288_48_0_45_32_64_16_0_0_0_0_24_0_[0, 0, 25, 64, -1, 0]_[0, 64, 125, 0]
84_84_288_48_0_45_32_64_16_0_0_0_0_24_0_[0, 0, 25, 64, -1, 0]_[0, 64, 125, 0]
85_85_288_48_0_45_32_64_16_0_0_0_0_24_0_[0, 0, 25, 64, -1, 0]_[0, 64, 125, 0]
86_86_288_48_0_45_32_64_16_0_0_0_0_24_0_[0, 0, 25, 64, -1, 0]_[0, 64, 125, 0]
87_87_288_48_0_45_32_64_16_0_0_0_0_24_0_[0, 0, 25, 64, -1, 0]_[0, 64, 125, 0]
88_88_288_48_0_45_32_64_16_0_0_0_0_24_0_[0, 0, 25, 64, -1, 0]_[0, 64, 125, 0]
89_89_288_48_0_45_32_64_16_0_0_0_0_24_0_[0, 0, 25, 64, -1, 0]_[0, 64, 125, 0]
90_90_288_48_0_45_32_64_16_0_0_0_0_24_0_[0, 0, 25, 64, -1, 0]_[0, 64, 125, 0]
91_91_288_48_0_45_32_64_16_0_0_0_0_24_0_[0, 0, 25, 64, -1, 0]_[0, 64, 125, 0]
92_92_288_48_0_45_32_64_16_0_0_0_0_24_0_[0, 0, 25, 64, -1, 0]_[0, 64, 125, 0]
93_93_288_48_0_45_32_64_16_0_0_0_0_24_0_[0, 0, 25, 64, -1, 0]_[0, 64, 125, 0]
94_94_288_48_0_45_32_64_16_0_0_0_0_24_0_[0, 0, 25, 64, -1, 0]_[0, 64, 125, 0]
95_95_288_48_0_45_32_64_16_0_0_0_0_24_0_[0, 0, 25, 64, -1, 0]_[0, 64, 125, 0]
96_96_288_48_0_45_32_64_16_0_0_0_0_24_0_[0, 0, 25, 64, -1, 0]_[0, 64, 125, 0]
97_97_288_48_0_45_32_64_16_0_0_0_0_24_0_[0, 0, 25, 64, -1, 0]_[0, 64, 125, 0]
98_98_288_48_0_45_32_64_16_0_0_0_0_24_0_[0, 0, 25, 64, -1, 0]_[0, 64, 125, 0]
99_99_288_48_0_45_32_64_16_0_0_0_0_24_0_[0, 0, 25, 64, -1, 0]_[0, 64, 125, 0]
100_100_288_48_0_45_32_64_16_0_0_0_0_24_0_[0, 0, 25, 64, -1, 0]_[0, 64, 125, 0]
101_101_288_48_0_45_32_64_16_0_0_0_0_24_0_[0, 0, 25, 64, -1, 0]_[0, 64, 125, 0]
102_102_288_48_0_45_32_64_16_0_0_0_0_24_0_[0, 0, 25, 64, -1, 0]_[0, 64, 125, 0]
103_103_288_48_0_45_32_64_16_0_0_0_0_24_0_[0, 0, 25, 64, -1, 0]_[0, 64, 125, 0]
104_104_288_48_0_45_32_64_16_0_0_0_0_24_0_[0, 0, 25, 64, -1, 0]_[0, 64, 125, 0]
105_105_288_48_0_45_32_64_16_0_0_0_0_24_0_[0, 0, 25, 64, -1, 0]_[0, 64, 125, 0]
106_106_288_48_0_45_32_64_16_0_0_0_0_24_0_[0, 0, 25, 64, -1, 0]_[0, 64, 125, 0]
107_107_288_48_0_45_32_64_16_0_0_0_0_24_0_[0, 0, 25, 64, -1, 0]_[0, 64, 125, 0]
108_108_288_48_0_45_32_64_16_0_0_0_0_24_0_[0, 0, 25, 64, -1, 0]_[0, 64, 125, 0]
109_109_288_48_0_45_32_64_16_0_0_0_0_24_0_[0, 0, 25, 64, -1, 0]_[0, 64, 125, 0]
110_110_288_48_0_45_32_64_16_0_0_0_0_24_0_[0, 0, 25, 64, -1, 0]_[0, 64, 125, 0]
111_111_288_48_0_45_32_64_16_0_0_0_0_24_0_[0, 0, 25, 64, -1, 0]_[0, 64, 125, 0]
112_112_288_48_0_45_32_64_16_0_0_0_0_24_0_[0, 0, 25, 64, -1, 0]_[0, 64, 125, 0]
113_113_288_48_0_45_32_64_16_0_0_0_0_24_0_[0, 0, 25, 64, -1, 0]_[0, 64, 125, 0]
114_114_288_48_0_45_32_64_16_0_0_0_0_24_0_[0, 0, 25, 64, -1, 0]_[0, 64, 125, 0]
115_115_288_48_0_45_32_64_16_0_0_0_0_24_0_[0, 0, 25, 64, -1, 0]_[0, 64, 125, 0]
116_116_288_48_0_45_32_64_16_0_0_0_0_24_0_[0, 0, 25, 64, -1, 0]_[0, 64, 125, 0]
117_117_288_48_0_45_32_64_16_0_0_0_0_24_0_[0, 0, 25, 64, -1, 0]_[0, 64, 125, 0]
118_118_288_48_0_45_32_64_16_0_0_0_0_24_0_[0, 0, 25, 64, -1, 0]_[0, 64, 125, 0]
119_119_288_48_0_45_32_64_16_0_0_0_0_24_0_[0, 0, 25, 64, -1, 0]_[0, 64, 125, 0]
120_120_288_48_0_45_32_64_16_0_0_0_0_24_0_[0, 0, 25, 64, -1, 0]_[0, 64, 125, 0]
121_121_288_48_0_45_32_64_16_0_0_0_0_24_0_[0, 0, 25, 64, -1, 0]_[0, 64, 125, 0]
122_122_288_48_0_45_32_64_16_0_0_0_0_24_0_[0, 0, 25, 64, -1, 0]_[0, 64, 125, 0]
123_123_288_48_0_45_32_64_16_0_0_0_0_24_0_[0, 0, 25, 64, -1, 0]_[0, 64, 125, 0]
124_124_288_48_0_45_32_64_16_0_0_0_0_24_0_[0, 0, 25, 64, -1, 0]_[0, 64, 125, 0]
125_125_288_48_0_45_32_64_16_0_0_0_0_24_0_[0, 0, 25, 64, -1, 0]_[0, 64, 125, 0]
126_126_288_48_0_45_32_64_16_0_0_0_0_24_0_[0, 0, 25, 64, -1, 0]_[0, 64, 125, 0]
127_127_288_48_0_45_32_64_16_0_0_0_0_24_0_[0, 0, 25, 64, -1, 0]_[0, 64, 125, 0]
