0_0_289_60_0_32_32_64_0_0_0_0_0_24_0_null_[0, 64, 6, 15, 14, 0]
1_1_289_60_0_32_32_64_0_0_0_0_0_24_0_null_[0, 64, 6, 15, 14, 0]
2_2_289_60_0_32_32_64_0_0_0_0_0_24_0_null_[0, 64, 6, 15, 14, 0]
3_3_289_60_0_32_32_64_0_0_0_0_0_24_0_null_[0, 64, 6, 15, 14, 0]
4_4_289_60_0_32_32_64_0_0_0_0_0_24_0_null_[0, 64, 6, 15, 14, 0]
5_5_289_60_0_32_32_64_0_0_0_0_0_24_0_null_[0, 64, 6, 15, 14, 0]
6_6_289_60_0_32_32_64_0_0_0_0_0_24_0_null_[0, 64, 6, 15, 14, 0]
7_7_289_60_0_32_32_64_0_0_0_0_0_24_0_null_[0, 64, 6, 15, 14, 0]
8_8_289_60_0_32_32_64_0_0_0_0_0_24_0_null_[0, 64, 6, 15, 14, 0]
9_9_289_60_0_32_32_64_0_0_0_0_0_24_0_null_[0, 64, 6, 15, 14, 0]
10_10_289_60_0_32_32_64_0_0_0_0_0_24_0_null_[0, 64, 6, 15, 14, 0]
11_11_289_60_0_32_32_64_0_0_0_0_0_24_0_null_[0, 64, 6, 15, 14, 0]
12_12_289_60_0_32_32_64_0_0_0_0_0_24_0_null_[0, 64, 6, 15, 14, 0]
13_13_289_60_0_32_32_64_0_0_0_0_0_24_0_null_[0, 64, 6, 15, 14, 0]
14_14_289_60_0_32_32_64_0_0_0_0_0_24_0_null_[0, 64, 6, 15, 14, 0]
15_15_289_60_0_32_32_64_0_0_0_0_0_24_0_null_[0, 64, 6, 15, 14, 0]
16_16_289_60_0_32_32_64_0_0_0_0_0_24_0_null_[0, 64, 6, 15, 14, 0]
17_17_289_60_0_32_32_64_0_0_0_0_0_24_0_null_[0, 64, 6, 15, 14, 0]
18_18_289_60_0_32_32_64_0_0_0_0_0_24_0_null_[0, 64, 6, 15, 14, 0]
19_19_289_60_0_32_32_64_0_0_0_0_0_24_0_null_[0, 64, 6, 15, 14, 0]
20_20_289_60_0_32_32_64_0_0_0_0_0_24_0_null_[0, 64, 6, 15, 14, 0]
21_21_289_60_0_32_32_64_0_0_0_0_0_24_0_null_[0, 64, 6, 15, 14, 0]
22_22_289_60_0_32_32_64_0_0_0_0_0_24_0_null_[0, 64, 6, 15, 14, 0]
23_23_289_60_0_32_32_64_0_0_0_0_0_24_0_null_[0, 64, 6, 15, 14, 0]
24_24_289_60_0_32_32_64_0_0_0_0_0_24_0_null_[0, 64, 6, 15, 14, 0]
25_25_289_60_0_32_32_64_0_0_0_0_0_24_0_null_[0, 64, 6, 15, 14, 0]
26_26_289_60_0_32_32_64_0_0_0_0_0_24_0_null_[0, 64, 6, 15, 14, 0]
27_27_289_60_0_32_32_64_0_0_0_0_0_24_0_null_[0, 64, 6, 15, 14, 0]
28_28_289_60_0_32_32_64_0_0_0_0_0_24_0_null_[0, 64, 6, 15, 14, 0]
29_29_289_60_0_32_32_64_0_0_0_0_0_24_0_null_[0, 64, 6, 15, 14, 0]
30_30_289_60_0_32_32_64_0_0_0_0_0_24_0_null_[0, 64, 6, 15, 14, 0]
31_31_289_60_0_32_32_64_0_0_0_0_0_24_0_null_[0, 64, 6, 15, 14, 0]
32_32_289_60_0_32_32_64_0_0_0_0_0_24_0_null_[0, 64, 6, 15, 14, 0]
33_33_289_60_0_32_32_64_0_0_0_0_0_24_0_null_[0, 64, 6, 15, 14, 0]
34_34_289_60_0_32_32_64_0_0_0_0_0_24_0_null_[0, 64, 6, 15, 14, 0]
35_35_289_60_0_32_32_64_0_0_0_0_0_24_0_null_[0, 64, 6, 15, 14, 0]
36_36_289_60_0_32_32_64_0_0_0_0_0_24_0_null_[0, 64, 6, 15, 14, 0]
37_37_289_60_0_32_32_64_0_0_0_0_0_24_0_null_[0, 64, 6, 15, 14, 0]
38_38_289_60_0_32_32_64_0_0_0_0_0_24_0_null_[0, 64, 6, 15, 14, 0]
39_39_289_60_0_32_32_64_0_0_0_0_0_24_0_null_[0, 64, 6, 15, 14, 0]
40_40_289_60_0_32_32_64_0_0_0_0_0_24_0_null_[0, 64, 6, 15, 14, 0]
41_41_289_60_0_32_32_64_0_0_0_0_0_24_0_null_[0, 64, 6, 15, 14, 0]
42_42_289_60_0_32_32_64_0_0_0_0_0_24_0_null_[0, 64, 6, 15, 14, 0]
43_43_289_60_0_32_32_64_0_0_0_0_0_24_0_null_[0, 64, 6, 15, 14, 0]
44_44_289_60_0_32_32_64_0_0_0_0_0_24_0_null_[0, 64, 6, 15, 14, 0]
45_45_289_60_0_32_32_64_0_0_0_0_0_24_0_null_[0, 64, 6, 15, 14, 0]
46_46_289_60_0_32_32_64_0_0_0_0_0_24_0_null_[0, 64, 6, 15, 14, 0]
47_47_289_60_0_32_32_64_0_0_0_0_0_24_0_null_[0, 64, 6, 15, 14, 0]
48_48_289_60_0_32_32_64_0_0_0_0_0_24_0_null_[0, 64, 6, 15, 14, 0]
49_49_289_60_0_32_32_64_0_0_0_0_0_24_0_null_[0, 64, 6, 15, 14, 0]
50_50_289_60_0_32_32_64_0_0_0_0_0_24_0_null_[0, 64, 6, 15, 14, 0]
51_51_289_60_0_32_32_64_0_0_0_0_0_24_0_null_[0, 64, 6, 15, 14, 0]
52_52_289_60_0_32_32_64_0_0_0_0_0_24_0_null_[0, 64, 6, 15, 14, 0]
53_53_289_60_0_32_32_64_0_0_0_0_0_24_0_null_[0, 64, 6, 15, 14, 0]
54_54_289_60_0_32_32_64_0_0_0_0_0_24_0_null_[0, 64, 6, 15, 14, 0]
55_55_289_60_0_32_32_64_0_0_0_0_0_24_0_null_[0, 64, 6, 15, 14, 0]
56_56_289_60_0_32_32_64_0_0_0_0_0_24_0_null_[0, 64, 6, 15, 14, 0]
57_57_289_60_0_32_32_64_0_0_0_0_0_24_0_null_[0, 64, 6, 15, 14, 0]
58_58_289_60_0_32_32_64_0_0_0_0_0_24_0_null_[0, 64, 6, 15, 14, 0]
59_59_289_60_0_32_32_64_0_0_0_0_0_24_0_null_[0, 64, 6, 15, 14, 0]
60_60_289_60_0_32_32_64_0_0_0_0_0_24_0_null_[0, 64, 6, 15, 14, 0]
61_61_289_60_0_32_32_64_0_0_0_0_0_24_0_null_[0, 64, 6, 15, 14, 0]
62_62_289_60_0_32_32_64_0_0_0_0_0_24_0_null_[0, 64, 6, 15, 14, 0]
63_63_289_60_0_32_32_64_0_0_0_0_0_24_0_null_[0, 64, 6, 15, 14, 0]
64_64_289_60_0_32_32_64_0_0_0_0_0_24_0_null_[0, 64, 6, 15, 14, 0]
65_65_289_60_0_32_32_64_0_0_0_0_0_24_0_null_[0, 64, 6, 15, 14, 0]
66_66_289_60_0_32_32_64_0_0_0_0_0_24_0_null_[0, 64, 6, 15, 14, 0]
67_67_289_60_0_32_32_64_0_0_0_0_0_24_0_null_[0, 64, 6, 15, 14, 0]
68_68_289_60_0_32_32_64_0_0_0_0_0_24_0_null_[0, 64, 6, 15, 14, 0]
69_69_289_60_0_32_32_64_0_0_0_0_0_24_0_null_[0, 64, 6, 15, 14, 0]
70_70_289_60_0_32_32_64_0_0_0_0_0_24_0_null_[0, 64, 6, 15, 14, 0]
71_71_289_60_0_32_32_64_0_0_0_0_0_24_0_null_[0, 64, 6, 15, 14, 0]
72_72_289_60_0_32_32_64_0_0_0_0_0_24_0_null_[0, 64, 6, 15, 14, 0]
73_73_289_60_0_32_32_64_0_0_0_0_0_24_0_null_[0, 64, 6, 15, 14, 0]
74_74_289_60_0_32_32_64_0_0_0_0_0_24_0_null_[0, 64, 6, 15, 14, 0]
75_75_289_60_0_32_32_64_0_0_0_0_0_24_0_null_[0, 64, 6, 15, 14, 0]
76_76_289_60_0_32_32_64_0_0_0_0_0_24_0_null_[0, 64, 6, 15, 14, 0]
77_77_289_60_0_32_32_64_0_0_0_0_0_24_0_null_[0, 64, 6, 15, 14, 0]
78_78_289_60_0_32_32_64_0_0_0_0_0_24_0_null_[0, 64, 6, 15, 14, 0]
79_79_289_60_0_32_32_64_0_0_0_0_0_24_0_null_[0, 64, 6, 15, 14, 0]
80_80_289_60_0_32_32_64_0_0_0_0_0_24_0_null_[0, 64, 6, 15, 14, 0]
81_81_289_60_0_32_32_64_0_0_0_0_0_24_0_null_[0, 64, 6, 15, 14, 0]
82_82_289_60_0_32_32_64_0_0_0_0_0_24_0_null_[0, 64, 6, 15, 14, 0]
83_83_289_60_0_32_32_64_0_0_0_0_0_24_0_null_[0, 64, 6, 15, 14, 0]
84_84_289_60_0_32_32_64_0_0_0_0_0_24_0_null_[0, 64, 6, 15, 14, 0]
85_85_289_60_0_32_32_64_0_0_0_0_0_24_0_null_[0, 64, 6, 15, 14, 0]
86_86_289_60_0_32_32_64_0_0_0_0_0_24_0_null_[0, 64, 6, 15, 14, 0]
87_87_289_60_0_32_32_64_0_0_0_0_0_24_0_null_[0, 64, 6, 15, 14, 0]
88_88_289_60_0_32_32_64_0_0_0_0_0_24_0_null_[0, 64, 6, 15, 14, 0]
89_89_289_60_0_32_32_64_0_0_0_0_0_24_0_null_[0, 64, 6, 15, 14, 0]
90_90_289_60_0_32_32_64_0_0_0_0_0_24_0_null_[0, 64, 6, 15, 14, 0]
91_91_289_60_0_32_32_64_0_0_0_0_0_24_0_null_[0, 64, 6, 15, 14, 0]
92_92_289_60_0_32_32_64_0_0_0_0_0_24_0_null_[0, 64, 6, 15, 14, 0]
93_93_289_60_0_32_32_64_0_0_0_0_0_24_0_null_[0, 64, 6, 15, 14, 0]
94_94_289_60_0_32_32_64_0_0_0_0_0_24_0_null_[0, 64, 6, 15, 14, 0]
95_95_289_60_0_32_32_64_0_0_0_0_0_24_0_null_[0, 64, 6, 15, 14, 0]
96_96_289_60_0_32_32_64_0_0_0_0_0_24_0_null_[0, 64, 6, 15, 14, 0]
97_97_289_60_0_32_32_64_0_0_0_0_0_24_0_null_[0, 64, 6, 15, 14, 0]
98_98_289_60_0_32_32_64_0_0_0_0_0_24_0_null_[0, 64, 6, 15, 14, 0]
99_99_289_60_0_32_32_64_0_0_0_0_0_24_0_null_[0, 64, 6, 15, 14, 0]
100_100_289_60_0_32_32_64_0_0_0_0_0_24_0_null_[0, 64, 6, 15, 14, 0]
101_101_289_60_0_32_32_64_0_0_0_0_0_24_0_null_[0, 64, 6, 15, 14, 0]
102_102_289_60_0_32_32_64_0_0_0_0_0_24_0_null_[0, 64, 6, 15, 14, 0]
103_103_289_60_0_32_32_64_0_0_0_0_0_24_0_null_[0, 64, 6, 15, 14, 0]
104_104_289_60_0_32_32_64_0_0_0_0_0_24_0_null_[0, 64, 6, 15, 14, 0]
105_105_289_60_0_32_32_64_0_0_0_0_0_24_0_null_[0, 64, 6, 15, 14, 0]
106_106_289_60_0_32_32_64_0_0_0_0_0_24_0_null_[0, 64, 6, 15, 14, 0]
107_107_289_60_0_32_32_64_0_0_0_0_0_24_0_null_[0, 64, 6, 15, 14, 0]
108_108_289_60_0_32_32_64_0_0_0_0_0_24_0_null_[0, 64, 6, 15, 14, 0]
109_109_289_60_0_32_32_64_0_0_0_0_0_24_0_null_[0, 64, 6, 15, 14, 0]
110_110_289_60_0_32_32_64_0_0_0_0_0_24_0_null_[0, 64, 6, 15, 14, 0]
111_111_289_60_0_32_32_64_0_0_0_0_0_24_0_null_[0, 64, 6, 15, 14, 0]
112_112_289_60_0_32_32_64_0_0_0_0_0_24_0_null_[0, 64, 6, 15, 14, 0]
113_113_289_60_0_32_32_64_0_0_0_0_0_24_0_null_[0, 64, 6, 15, 14, 0]
114_114_289_60_0_32_32_64_0_0_0_0_0_24_0_null_[0, 64, 6, 15, 14, 0]
115_115_289_60_0_32_32_64_0_0_0_0_0_24_0_null_[0, 64, 6, 15, 14, 0]
116_116_289_60_0_32_32_64_0_0_0_0_0_24_0_null_[0, 64, 6, 15, 14, 0]
117_117_289_60_0_32_32_64_0_0_0_0_0_24_0_null_[0, 64, 6, 15, 14, 0]
118_118_289_60_0_32_32_64_0_0_0_0_0_24_0_null_[0, 64, 6, 15, 14, 0]
119_119_289_60_0_32_32_64_0_0_0_0_0_24_0_null_[0, 64, 6, 15, 14, 0]
120_120_289_60_0_32_32_64_0_0_0_0_0_24_0_null_[0, 64, 6, 15, 14, 0]
121_121_289_60_0_32_32_64_0_0_0_0_0_24_0_null_[0, 64, 6, 15, 14, 0]
122_122_289_60_0_32_32_64_0_0_0_0_0_24_0_null_[0, 64, 6, 15, 14, 0]
123_123_289_60_0_32_32_64_0_0_0_0_0_24_0_null_[0, 64, 6, 15, 14, 0]
124_124_289_60_0_32_32_64_0_0_0_0_0_24_0_null_[0, 64, 6, 15, 14, 0]
125_125_289_60_0_32_32_64_0_0_0_0_0_24_0_null_[0, 64, 6, 15, 14, 0]
126_126_289_60_0_32_32_64_0_0_0_0_0_24_0_null_[0, 64, 6, 15, 14, 0]
127_127_289_60_0_32_32_64_0_0_0_0_0_24_0_null_[0, 64, 6, 15, 14, 0]
