0_0_32_72_0_39_32_64_0_0_0_0_0_24_0_[0, 64, 11, 29, 25, 0]_[0, 64, 12, 21, 36, 0, 96, 0]
1_1_32_72_0_39_32_64_0_0_0_0_0_24_0_[0, 64, 11, 29, 25, 0]_[0, 64, 12, 21, 36, 0, 96, 0]
2_2_32_72_0_39_32_64_0_0_0_0_0_24_0_[0, 64, 11, 29, 25, 0]_[0, 64, 12, 21, 36, 0, 96, 0]
3_3_32_72_0_39_32_64_0_0_0_0_0_24_0_[0, 64, 11, 29, 25, 0]_[0, 64, 12, 21, 36, 0, 96, 0]
4_4_32_72_0_39_32_64_0_0_0_0_0_24_0_[0, 64, 11, 29, 25, 0]_[0, 64, 12, 21, 36, 0, 96, 0]
5_5_32_72_0_39_32_64_0_0_0_0_0_24_0_[0, 64, 11, 29, 25, 0]_[0, 64, 12, 21, 36, 0, 96, 0]
6_6_32_72_0_39_32_64_0_0_0_0_0_24_0_[0, 64, 11, 29, 25, 0]_[0, 64, 12, 21, 36, 0, 96, 0]
7_7_32_72_0_39_32_64_0_0_0_0_0_24_0_[0, 64, 11, 29, 25, 0]_[0, 64, 12, 21, 36, 0, 96, 0]
8_8_32_72_0_39_32_64_0_0_0_0_0_24_0_[0, 64, 11, 29, 25, 0]_[0, 64, 12, 21, 36, 0, 96, 0]
9_9_32_72_0_39_32_64_0_0_0_0_0_24_0_[0, 64, 11, 29, 25, 0]_[0, 64, 12, 21, 36, 0, 96, 0]
10_10_32_72_0_39_32_64_0_0_0_0_0_24_0_[0, 64, 11, 29, 25, 0]_[0, 64, 12, 21, 36, 0, 96, 0]
11_11_32_72_0_39_32_64_0_0_0_0_0_24_0_[0, 64, 11, 29, 25, 0]_[0, 64, 12, 21, 36, 0, 96, 0]
12_12_32_72_0_39_32_64_0_0_0_0_0_24_0_[0, 64, 11, 29, 25, 0]_[0, 64, 12, 21, 36, 0, 96, 0]
13_13_32_72_0_39_32_64_0_0_0_0_0_24_0_[0, 64, 11, 29, 25, 0]_[0, 64, 12, 21, 36, 0, 96, 0]
14_14_32_72_0_39_32_64_0_0_0_0_0_24_0_[0, 64, 11, 29, 25, 0]_[0, 64, 12, 21, 36, 0, 96, 0]
15_15_32_72_0_39_32_64_0_0_0_0_0_24_0_[0, 64, 11, 29, 25, 0]_[0, 64, 12, 21, 36, 0, 96, 0]
16_16_32_72_0_39_32_64_0_0_0_0_0_24_0_[0, 64, 11, 29, 25, 0]_[0, 64, 12, 21, 36, 0, 96, 0]
17_17_32_72_0_39_32_64_0_0_0_0_0_24_0_[0, 64, 11, 29, 25, 0]_[0, 64, 12, 21, 36, 0, 96, 0]
18_18_32_72_0_39_32_64_0_0_0_0_0_24_0_[0, 64, 11, 29, 25, 0]_[0, 64, 12, 21, 36, 0, 96, 0]
19_19_32_72_0_39_32_64_0_0_0_0_0_24_0_[0, 64, 11, 29, 25, 0]_[0, 64, 12, 21, 36, 0, 96, 0]
20_20_32_72_0_39_32_64_0_0_0_0_0_24_0_[0, 64, 11, 29, 25, 0]_[0, 64, 12, 21, 36, 0, 96, 0]
21_21_32_72_0_39_32_64_0_0_0_0_0_24_0_[0, 64, 11, 29, 25, 0]_[0, 64, 12, 21, 36, 0, 96, 0]
22_22_32_72_0_39_32_64_0_0_0_0_0_24_0_[0, 64, 11, 29, 25, 0]_[0, 64, 12, 21, 36, 0, 96, 0]
23_23_32_72_0_39_32_64_0_0_0_0_0_24_0_[0, 64, 11, 29, 25, 0]_[0, 64, 12, 21, 36, 0, 96, 0]
24_24_32_72_0_39_32_64_0_0_0_0_0_24_0_[0, 64, 11, 29, 25, 0]_[0, 64, 12, 21, 36, 0, 96, 0]
25_25_32_72_0_39_32_64_0_0_0_0_0_24_0_[0, 64, 11, 29, 25, 0]_[0, 64, 12, 21, 36, 0, 96, 0]
26_26_32_72_0_39_32_64_0_0_0_0_0_24_0_[0, 64, 11, 29, 25, 0]_[0, 64, 12, 21, 36, 0, 96, 0]
27_27_32_72_0_39_32_64_0_0_0_0_0_24_0_[0, 64, 11, 29, 25, 0]_[0, 64, 12, 21, 36, 0, 96, 0]
28_28_32_72_0_39_32_64_0_0_0_0_0_24_0_[0, 64, 11, 29, 25, 0]_[0, 64, 12, 21, 36, 0, 96, 0]
29_29_32_72_0_39_32_64_0_0_0_0_0_24_0_[0, 64, 11, 29, 25, 0]_[0, 64, 12, 21, 36, 0, 96, 0]
30_30_32_72_0_39_32_64_0_0_0_0_0_24_0_[0, 64, 11, 29, 25, 0]_[0, 64, 12, 21, 36, 0, 96, 0]
31_31_32_72_0_39_32_64_0_0_0_0_0_24_0_[0, 64, 11, 29, 25, 0]_[0, 64, 12, 21, 36, 0, 96, 0]
32_32_32_72_0_39_32_64_0_0_0_0_0_24_0_[0, 64, 11, 29, 25, 0]_[0, 64, 12, 21, 36, 0, 96, 0]
33_33_32_72_0_39_32_64_0_0_0_0_0_24_0_[0, 64, 11, 29, 25, 0]_[0, 64, 12, 21, 36, 0, 96, 0]
34_34_32_72_0_39_32_64_0_0_0_0_0_24_0_[0, 64, 11, 29, 25, 0]_[0, 64, 12, 21, 36, 0, 96, 0]
35_35_32_72_0_39_32_64_0_0_0_0_0_24_0_[0, 64, 11, 29, 25, 0]_[0, 64, 12, 21, 36, 0, 96, 0]
36_36_32_72_0_39_32_64_0_0_0_0_0_24_0_[0, 64, 11, 29, 25, 0]_[0, 64, 12, 21, 36, 0, 96, 0]
37_37_32_72_0_39_32_64_0_0_0_0_0_24_0_[0, 64, 11, 29, 25, 0]_[0, 64, 12, 21, 36, 0, 96, 0]
38_38_32_72_0_39_32_64_0_0_0_0_0_24_0_[0, 64, 11, 29, 25, 0]_[0, 64, 12, 21, 36, 0, 96, 0]
39_39_32_72_0_39_32_64_0_0_0_0_0_24_0_[0, 64, 11, 29, 25, 0]_[0, 64, 12, 21, 36, 0, 96, 0]
40_40_32_72_0_39_32_64_0_0_0_0_0_24_0_[0, 64, 11, 29, 25, 0]_[0, 64, 12, 21, 36, 0, 96, 0]
41_41_32_72_0_39_32_64_0_0_0_0_0_24_0_[0, 64, 11, 29, 25, 0]_[0, 64, 12, 21, 36, 0, 96, 0]
42_42_32_72_0_39_32_64_0_0_0_0_0_24_0_[0, 64, 11, 29, 25, 0]_[0, 64, 12, 21, 36, 0, 96, 0]
43_43_32_72_0_39_32_64_0_0_0_0_0_24_0_[0, 64, 11, 29, 25, 0]_[0, 64, 12, 21, 36, 0, 96, 0]
44_44_32_72_0_39_32_64_0_0_0_0_0_24_0_[0, 64, 11, 29, 25, 0]_[0, 64, 12, 21, 36, 0, 96, 0]
45_45_32_72_0_39_32_64_0_0_0_0_0_24_0_[0, 64, 11, 29, 25, 0]_[0, 64, 12, 21, 36, 0, 96, 0]
46_46_32_72_0_39_32_64_0_0_0_0_0_24_0_[0, 64, 11, 29, 25, 0]_[0, 64, 12, 21, 36, 0, 96, 0]
47_47_32_72_0_39_32_64_0_0_0_0_0_24_0_[0, 64, 11, 29, 25, 0]_[0, 64, 12, 21, 36, 0, 96, 0]
48_48_32_72_0_39_32_64_0_0_0_0_0_24_0_[0, 64, 11, 29, 25, 0]_[0, 64, 12, 21, 36, 0, 96, 0]
49_49_32_72_0_39_32_64_0_0_0_0_0_24_0_[0, 64, 11, 29, 25, 0]_[0, 64, 12, 21, 36, 0, 96, 0]
50_50_32_72_0_39_32_64_0_0_0_0_0_24_0_[0, 64, 11, 29, 25, 0]_[0, 64, 12, 21, 36, 0, 96, 0]
51_51_32_72_0_39_32_64_0_0_0_0_0_24_0_[0, 64, 11, 29, 25, 0]_[0, 64, 12, 21, 36, 0, 96, 0]
52_52_32_72_0_39_32_64_0_0_0_0_0_24_0_[0, 64, 11, 29, 25, 0]_[0, 64, 12, 21, 36, 0, 96, 0]
53_53_32_72_0_39_32_64_0_0_0_0_0_24_0_[0, 64, 11, 29, 25, 0]_[0, 64, 12, 21, 36, 0, 96, 0]
54_54_32_72_0_39_32_64_0_0_0_0_0_24_0_[0, 64, 11, 29, 25, 0]_[0, 64, 12, 21, 36, 0, 96, 0]
55_55_32_72_0_39_32_64_0_0_0_0_0_24_0_[0, 64, 11, 29, 25, 0]_[0, 64, 12, 21, 36, 0, 96, 0]
56_56_32_72_0_39_32_64_0_0_0_0_0_24_0_[0, 64, 11, 29, 25, 0]_[0, 64, 12, 21, 36, 0, 96, 0]
57_57_32_72_0_39_32_64_0_0_0_0_0_24_0_[0, 64, 11, 29, 25, 0]_[0, 64, 12, 21, 36, 0, 96, 0]
58_58_32_72_0_39_32_64_0_0_0_0_0_24_0_[0, 64, 11, 29, 25, 0]_[0, 64, 12, 21, 36, 0, 96, 0]
59_59_32_72_0_39_32_64_0_0_0_0_0_24_0_[0, 64, 11, 29, 25, 0]_[0, 64, 12, 21, 36, 0, 96, 0]
60_60_32_72_0_39_32_64_0_0_0_0_0_24_0_[0, 64, 11, 29, 25, 0]_[0, 64, 12, 21, 36, 0, 96, 0]
61_61_32_72_0_39_32_64_0_0_0_0_0_24_0_[0, 64, 11, 29, 25, 0]_[0, 64, 12, 21, 36, 0, 96, 0]
62_62_32_72_0_39_32_64_0_0_0_0_0_24_0_[0, 64, 11, 29, 25, 0]_[0, 64, 12, 21, 36, 0, 96, 0]
63_63_32_72_0_39_32_64_0_0_0_0_0_24_0_[0, 64, 11, 29, 25, 0]_[0, 64, 12, 21, 36, 0, 96, 0]
64_64_32_72_0_39_32_64_0_0_0_0_0_24_0_[0, 64, 11, 29, 25, 0]_[0, 64, 12, 21, 36, 0, 96, 0]
65_65_32_72_0_39_32_64_0_0_0_0_0_24_0_[0, 64, 11, 29, 25, 0]_[0, 64, 12, 21, 36, 0, 96, 0]
66_66_32_72_0_39_32_64_0_0_0_0_0_24_0_[0, 64, 11, 29, 25, 0]_[0, 64, 12, 21, 36, 0, 96, 0]
67_67_32_72_0_39_32_64_0_0_0_0_0_24_0_[0, 64, 11, 29, 25, 0]_[0, 64, 12, 21, 36, 0, 96, 0]
68_68_32_72_0_39_32_64_0_0_0_0_0_24_0_[0, 64, 11, 29, 25, 0]_[0, 64, 12, 21, 36, 0, 96, 0]
69_69_32_72_0_39_32_64_0_0_0_0_0_24_0_[0, 64, 11, 29, 25, 0]_[0, 64, 12, 21, 36, 0, 96, 0]
70_70_32_72_0_39_32_64_0_0_0_0_0_24_0_[0, 64, 11, 29, 25, 0]_[0, 64, 12, 21, 36, 0, 96, 0]
71_71_32_72_0_39_32_64_0_0_0_0_0_24_0_[0, 64, 11, 29, 25, 0]_[0, 64, 12, 21, 36, 0, 96, 0]
72_72_32_72_0_39_32_64_0_0_0_0_0_24_0_[0, 64, 11, 29, 25, 0]_[0, 64, 12, 21, 36, 0, 96, 0]
73_73_32_72_0_39_32_64_0_0_0_0_0_24_0_[0, 64, 11, 29, 25, 0]_[0, 64, 12, 21, 36, 0, 96, 0]
74_74_32_72_0_39_32_64_0_0_0_0_0_24_0_[0, 64, 11, 29, 25, 0]_[0, 64, 12, 21, 36, 0, 96, 0]
75_75_32_72_0_39_32_64_0_0_0_0_0_24_0_[0, 64, 11, 29, 25, 0]_[0, 64, 12, 21, 36, 0, 96, 0]
76_76_32_72_0_39_32_64_0_0_0_0_0_24_0_[0, 64, 11, 29, 25, 0]_[0, 64, 12, 21, 36, 0, 96, 0]
77_77_32_72_0_39_32_64_0_0_0_0_0_24_0_[0, 64, 11, 29, 25, 0]_[0, 64, 12, 21, 36, 0, 96, 0]
78_78_32_72_0_39_32_64_0_0_0_0_0_24_0_[0, 64, 11, 29, 25, 0]_[0, 64, 12, 21, 36, 0, 96, 0]
79_79_32_72_0_39_32_64_0_0_0_0_0_24_0_[0, 64, 11, 29, 25, 0]_[0, 64, 12, 21, 36, 0, 96, 0]
80_80_32_72_0_39_32_64_0_0_0_0_0_24_0_[0, 64, 11, 29, 25, 0]_[0, 64, 12, 21, 36, 0, 96, 0]
81_81_32_72_0_39_32_64_0_0_0_0_0_24_0_[0, 64, 11, 29, 25, 0]_[0, 64, 12, 21, 36, 0, 96, 0]
82_82_32_72_0_39_32_64_0_0_0_0_0_24_0_[0, 64, 11, 29, 25, 0]_[0, 64, 12, 21, 36, 0, 96, 0]
83_83_32_72_0_39_32_64_0_0_0_0_0_24_0_[0, 64, 11, 29, 25, 0]_[0, 64, 12, 21, 36, 0, 96, 0]
84_84_32_72_0_39_32_64_0_0_0_0_0_24_0_[0, 64, 11, 29, 25, 0]_[0, 64, 12, 21, 36, 0, 96, 0]
85_85_32_72_0_39_32_64_0_0_0_0_0_24_0_[0, 64, 11, 29, 25, 0]_[0, 64, 12, 21, 36, 0, 96, 0]
86_86_32_72_0_39_32_64_0_0_0_0_0_24_0_[0, 64, 11, 29, 25, 0]_[0, 64, 12, 21, 36, 0, 96, 0]
87_87_32_72_0_39_32_64_0_0_0_0_0_24_0_[0, 64, 11, 29, 25, 0]_[0, 64, 12, 21, 36, 0, 96, 0]
88_88_32_72_0_39_32_64_0_0_0_0_0_24_0_[0, 64, 11, 29, 25, 0]_[0, 64, 12, 21, 36, 0, 96, 0]
89_89_32_72_0_39_32_64_0_0_0_0_0_24_0_[0, 64, 11, 29, 25, 0]_[0, 64, 12, 21, 36, 0, 96, 0]
90_90_32_72_0_39_32_64_0_0_0_0_0_24_0_[0, 64, 11, 29, 25, 0]_[0, 64, 12, 21, 36, 0, 96, 0]
91_91_32_72_0_39_32_64_0_0_0_0_0_24_0_[0, 64, 11, 29, 25, 0]_[0, 64, 12, 21, 36, 0, 96, 0]
92_92_32_72_0_39_32_64_0_0_0_0_0_24_0_[0, 64, 11, 29, 25, 0]_[0, 64, 12, 21, 36, 0, 96, 0]
93_93_32_72_0_39_32_64_0_0_0_0_0_24_0_[0, 64, 11, 29, 25, 0]_[0, 64, 12, 21, 36, 0, 96, 0]
94_94_32_72_0_39_32_64_0_0_0_0_0_24_0_[0, 64, 11, 29, 25, 0]_[0, 64, 12, 21, 36, 0, 96, 0]
95_95_32_72_0_39_32_64_0_0_0_0_0_24_0_[0, 64, 11, 29, 25, 0]_[0, 64, 12, 21, 36, 0, 96, 0]
96_96_32_72_0_39_32_64_0_0_0_0_0_24_0_[0, 64, 11, 29, 25, 0]_[0, 64, 12, 21, 36, 0, 96, 0]
97_97_32_72_0_39_32_64_0_0_0_0_0_24_0_[0, 64, 11, 29, 25, 0]_[0, 64, 12, 21, 36, 0, 96, 0]
98_98_32_72_0_39_32_64_0_0_0_0_0_24_0_[0, 64, 11, 29, 25, 0]_[0, 64, 12, 21, 36, 0, 96, 0]
99_99_32_72_0_39_32_64_0_0_0_0_0_24_0_[0, 64, 11, 29, 25, 0]_[0, 64, 12, 21, 36, 0, 96, 0]
100_100_32_72_0_39_32_64_0_0_0_0_0_24_0_[0, 64, 11, 29, 25, 0]_[0, 64, 12, 21, 36, 0, 96, 0]
101_101_32_72_0_39_32_64_0_0_0_0_0_24_0_[0, 64, 11, 29, 25, 0]_[0, 64, 12, 21, 36, 0, 96, 0]
102_102_32_72_0_39_32_64_0_0_0_0_0_24_0_[0, 64, 11, 29, 25, 0]_[0, 64, 12, 21, 36, 0, 96, 0]
103_103_32_72_0_39_32_64_0_0_0_0_0_24_0_[0, 64, 11, 29, 25, 0]_[0, 64, 12, 21, 36, 0, 96, 0]
104_104_32_72_0_39_32_64_0_0_0_0_0_24_0_[0, 64, 11, 29, 25, 0]_[0, 64, 12, 21, 36, 0, 96, 0]
105_105_32_72_0_39_32_64_0_0_0_0_0_24_0_[0, 64, 11, 29, 25, 0]_[0, 64, 12, 21, 36, 0, 96, 0]
106_106_32_72_0_39_32_64_0_0_0_0_0_24_0_[0, 64, 11, 29, 25, 0]_[0, 64, 12, 21, 36, 0, 96, 0]
107_107_32_72_0_39_32_64_0_0_0_0_0_24_0_[0, 64, 11, 29, 25, 0]_[0, 64, 12, 21, 36, 0, 96, 0]
108_108_32_72_0_39_32_64_0_0_0_0_0_24_0_[0, 64, 11, 29, 25, 0]_[0, 64, 12, 21, 36, 0, 96, 0]
109_109_32_72_0_39_32_64_0_0_0_0_0_24_0_[0, 64, 11, 29, 25, 0]_[0, 64, 12, 21, 36, 0, 96, 0]
110_110_32_72_0_39_32_64_0_0_0_0_0_24_0_[0, 64, 11, 29, 25, 0]_[0, 64, 12, 21, 36, 0, 96, 0]
111_111_32_72_0_39_32_64_0_0_0_0_0_24_0_[0, 64, 11, 29, 25, 0]_[0, 64, 12, 21, 36, 0, 96, 0]
112_112_32_72_0_39_32_64_0_0_0_0_0_24_0_[0, 64, 11, 29, 25, 0]_[0, 64, 12, 21, 36, 0, 96, 0]
113_113_32_72_0_39_32_64_0_0_0_0_0_24_0_[0, 64, 11, 29, 25, 0]_[0, 64, 12, 21, 36, 0, 96, 0]
114_114_32_72_0_39_32_64_0_0_0_0_0_24_0_[0, 64, 11, 29, 25, 0]_[0, 64, 12, 21, 36, 0, 96, 0]
115_115_32_72_0_39_32_64_0_0_0_0_0_24_0_[0, 64, 11, 29, 25, 0]_[0, 64, 12, 21, 36, 0, 96, 0]
116_116_32_72_0_39_32_64_0_0_0_0_0_24_0_[0, 64, 11, 29, 25, 0]_[0, 64, 12, 21, 36, 0, 96, 0]
117_117_32_72_0_39_32_64_0_0_0_0_0_24_0_[0, 64, 11, 29, 25, 0]_[0, 64, 12, 21, 36, 0, 96, 0]
118_118_32_72_0_39_32_64_0_0_0_0_0_24_0_[0, 64, 11, 29, 25, 0]_[0, 64, 12, 21, 36, 0, 96, 0]
119_119_32_72_0_39_32_64_0_0_0_0_0_24_0_[0, 64, 11, 29, 25, 0]_[0, 64, 12, 21, 36, 0, 96, 0]
120_120_32_72_0_39_32_64_0_0_0_0_0_24_0_[0, 64, 11, 29, 25, 0]_[0, 64, 12, 21, 36, 0, 96, 0]
121_121_32_72_0_39_32_64_0_0_0_0_0_24_0_[0, 64, 11, 29, 25, 0]_[0, 64, 12, 21, 36, 0, 96, 0]
122_122_32_72_0_39_32_64_0_0_0_0_0_24_0_[0, 64, 11, 29, 25, 0]_[0, 64, 12, 21, 36, 0, 96, 0]
123_123_32_72_0_39_32_64_0_0_0_0_0_24_0_[0, 64, 11, 29, 25, 0]_[0, 64, 12, 21, 36, 0, 96, 0]
124_124_32_72_0_39_32_64_0_0_0_0_0_24_0_[0, 64, 11, 29, 25, 0]_[0, 64, 12, 21, 36, 0, 96, 0]
125_125_32_72_0_39_32_64_0_0_0_0_0_24_0_[0, 64, 11, 29, 25, 0]_[0, 64, 12, 21, 36, 0, 96, 0]
126_126_32_72_0_39_32_64_0_0_0_0_0_24_0_[0, 64, 11, 29, 25, 0]_[0, 64, 12, 21, 36, 0, 96, 0]
127_127_32_72_0_39_32_64_0_0_0_0_0_24_0_[0, 64, 11, 29, 25, 0]_[0, 64, 12, 21, 36, 0, 96, 0]
