36_36_624_36_0_35_64_64_0_0_0_0_0_24_0_[0, 0, 1, 64, 3, 33, 5, 20, 9, 10, 17, 5, 66, 0]_null
37_37_588_37_0_35_25_64_0_0_0_0_0_24_0_[0, 64, 9, 34, 18, 19, 29, 10, 38, 6, 70, 0]_null
38_38_625_38_0_35_42_64_0_0_0_0_0_24_0_[0, 64, 9, 34, 18, 19, 29, 10, 38, 6, 70, 0]_null
40_40_600_40_0_35_41_64_0_0_0_0_0_24_0_[0, 64, 9, 34, 18, 19, 29, 10, 38, 6, 70, 0]_null
48_48_9727_48_0_35_32_64_0_0_0_0_0_24_0_[0, 64, 9, 34, 18, 19, 29, 10, 38, 6, 70, 0]_null
49_49_622_49_0_35_33_44_0_7_0_0_0_24_0_[0, 64, -56, 0]_null
50_50_9726_50_0_35_32_64_0_0_0_0_0_24_0_[0, 64, 9, 34, 18, 19, 29, 10, 38, 6, 70, 0]_null
51_51_619_51_0_35_14_44_0_0_0_0_0_24_0_[0, 0, 1, 64, 12, 46, 25, 34, 40, 23, 61, 14, 83, 11, -6, 0]_null
54_54_610_54_0_35_25_44_0_7_0_0_0_24_0_[0, 64, -56, 0]_null
56_56_594_56_0_35_31_44_0_0_0_0_0_24_0_[0, 64, -6, 0]_null
