0_0_44_48_0_32_32_64_0_0_0_0_0_46_0_null_[0, 64, 5, 25, 12, 0]
1_1_44_48_0_32_32_64_0_0_0_0_0_46_0_null_[0, 64, 5, 25, 12, 0]
2_2_44_48_0_32_32_64_0_0_0_0_0_46_0_null_[0, 64, 5, 25, 12, 0]
3_3_44_48_0_32_32_64_0_0_0_0_0_46_0_null_[0, 64, 5, 25, 12, 0]
4_4_44_48_0_32_32_64_0_0_0_0_0_46_0_null_[0, 64, 5, 25, 12, 0]
5_5_44_48_0_32_32_64_0_0_0_0_0_46_0_null_[0, 64, 5, 25, 12, 0]
6_6_44_48_0_32_32_64_0_0_0_0_0_46_0_null_[0, 64, 5, 25, 12, 0]
7_7_44_48_0_32_32_64_0_0_0_0_0_46_0_null_[0, 64, 5, 25, 12, 0]
8_8_44_48_0_32_32_64_0_0_0_0_0_46_0_null_[0, 64, 5, 25, 12, 0]
9_9_44_48_0_32_32_64_0_0_0_0_0_46_0_null_[0, 64, 5, 25, 12, 0]
10_10_44_48_0_32_32_64_0_0_0_0_0_46_0_null_[0, 64, 5, 25, 12, 0]
11_11_44_48_0_32_32_64_0_0_0_0_0_46_0_null_[0, 64, 5, 25, 12, 0]
12_12_44_48_0_32_32_64_0_0_0_0_0_46_0_null_[0, 64, 5, 25, 12, 0]
13_13_44_48_0_32_32_64_0_0_0_0_0_46_0_null_[0, 64, 5, 25, 12, 0]
14_14_44_48_0_32_32_64_0_0_0_0_0_46_0_null_[0, 64, 5, 25, 12, 0]
15_15_44_48_0_32_32_64_0_0_0_0_0_46_0_null_[0, 64, 5, 25, 12, 0]
16_16_44_48_0_32_32_64_0_0_0_0_0_46_0_null_[0, 64, 5, 25, 12, 0]
17_17_44_48_0_32_32_64_0_0_0_0_0_46_0_null_[0, 64, 5, 25, 12, 0]
18_18_44_48_0_32_32_64_0_0_0_0_0_46_0_null_[0, 64, 5, 25, 12, 0]
19_19_44_48_0_32_32_64_0_0_0_0_0_46_0_null_[0, 64, 5, 25, 12, 0]
20_20_44_48_0_32_32_64_0_0_0_0_0_46_0_null_[0, 64, 5, 25, 12, 0]
21_21_44_48_0_32_32_64_0_0_0_0_0_46_0_null_[0, 64, 5, 25, 12, 0]
22_22_44_48_0_32_32_64_0_0_0_0_0_46_0_null_[0, 64, 5, 25, 12, 0]
23_23_44_48_0_32_32_64_0_0_0_0_0_46_0_null_[0, 64, 5, 25, 12, 0]
24_24_44_48_0_32_32_64_0_0_0_0_0_46_0_null_[0, 64, 5, 25, 12, 0]
25_25_44_48_0_32_32_64_0_0_0_0_0_46_0_null_[0, 64, 5, 25, 12, 0]
26_26_44_48_0_32_32_64_0_0_0_0_0_46_0_null_[0, 64, 5, 25, 12, 0]
27_27_44_48_0_32_32_64_0_0_0_0_0_46_0_null_[0, 64, 5, 25, 12, 0]
28_28_44_48_0_32_32_64_0_0_0_0_0_46_0_null_[0, 64, 5, 25, 12, 0]
29_29_44_48_0_32_32_64_0_0_0_0_0_46_0_null_[0, 64, 5, 25, 12, 0]
30_30_44_48_0_32_32_64_0_0_0_0_0_46_0_null_[0, 64, 5, 25, 12, 0]
31_31_44_48_0_32_32_64_0_0_0_0_0_46_0_null_[0, 64, 5, 25, 12, 0]
32_32_44_48_0_32_32_64_0_0_0_0_0_46_0_null_[0, 64, 5, 25, 12, 0]
33_33_44_48_0_32_32_64_0_0_0_0_0_46_0_null_[0, 64, 5, 25, 12, 0]
34_34_44_48_0_32_32_64_0_0_0_0_0_46_0_null_[0, 64, 5, 25, 12, 0]
35_35_44_48_0_32_32_64_0_0_0_0_0_46_0_null_[0, 64, 5, 25, 12, 0]
36_36_44_48_0_32_32_64_0_0_0_0_0_46_0_null_[0, 64, 5, 25, 12, 0]
37_37_44_48_0_32_32_64_0_0_0_0_0_46_0_null_[0, 64, 5, 25, 12, 0]
38_38_44_48_0_32_32_64_0_0_0_0_0_46_0_null_[0, 64, 5, 25, 12, 0]
39_39_44_48_0_32_32_64_0_0_0_0_0_46_0_null_[0, 64, 5, 25, 12, 0]
40_40_44_48_0_32_32_64_0_0_0_0_0_46_0_null_[0, 64, 5, 25, 12, 0]
41_41_44_48_0_32_32_64_0_0_0_0_0_46_0_null_[0, 64, 5, 25, 12, 0]
42_42_44_48_0_32_32_64_0_0_0_0_0_46_0_null_[0, 64, 5, 25, 12, 0]
43_43_44_48_0_32_32_64_0_0_0_0_0_46_0_null_[0, 64, 5, 25, 12, 0]
44_44_44_48_0_32_32_64_0_0_0_0_0_46_0_null_[0, 64, 5, 25, 12, 0]
45_45_44_48_0_32_32_64_0_0_0_0_0_46_0_null_[0, 64, 5, 25, 12, 0]
46_46_44_48_0_32_32_64_0_0_0_0_0_46_0_null_[0, 64, 5, 25, 12, 0]
47_47_44_48_0_32_32_64_0_0_0_0_0_46_0_null_[0, 64, 5, 25, 12, 0]
48_48_44_48_0_32_32_64_0_0_0_0_0_46_0_null_[0, 64, 5, 25, 12, 0]
49_49_44_48_0_32_32_64_0_0_0_0_0_46_0_null_[0, 64, 5, 25, 12, 0]
50_50_44_48_0_32_32_64_0_0_0_0_0_46_0_null_[0, 64, 5, 25, 12, 0]
51_51_44_48_0_32_32_64_0_0_0_0_0_46_0_null_[0, 64, 5, 25, 12, 0]
52_52_44_48_0_32_32_64_0_0_0_0_0_46_0_null_[0, 64, 5, 25, 12, 0]
53_53_44_48_0_32_32_64_0_0_0_0_0_46_0_null_[0, 64, 5, 25, 12, 0]
54_54_44_48_0_32_32_64_0_0_0_0_0_46_0_null_[0, 64, 5, 25, 12, 0]
55_55_44_48_0_32_32_64_0_0_0_0_0_46_0_null_[0, 64, 5, 25, 12, 0]
56_56_44_48_0_32_32_64_0_0_0_0_0_46_0_null_[0, 64, 5, 25, 12, 0]
57_57_44_48_0_32_32_64_0_0_0_0_0_46_0_null_[0, 64, 5, 25, 12, 0]
58_58_44_48_0_32_32_64_0_0_0_0_0_46_0_null_[0, 64, 5, 25, 12, 0]
59_59_44_48_0_32_32_64_0_0_0_0_0_46_0_null_[0, 64, 5, 25, 12, 0]
60_60_45_60_0_32_32_64_0_0_0_0_0_46_0_null_[0, 64, 5, 25, 12, 0]
61_61_45_60_0_32_32_64_0_0_0_0_0_46_0_null_[0, 64, 5, 25, 12, 0]
62_62_45_60_0_32_32_64_0_0_0_0_0_46_0_null_[0, 64, 5, 25, 12, 0]
63_63_45_60_0_32_32_64_0_0_0_0_0_46_0_null_[0, 64, 5, 25, 12, 0]
64_64_45_60_0_32_32_64_0_0_0_0_0_46_0_null_[0, 64, 5, 25, 12, 0]
65_65_45_60_0_32_32_64_0_0_0_0_0_46_0_null_[0, 64, 5, 25, 12, 0]
66_66_45_60_0_32_32_64_0_0_0_0_0_46_0_null_[0, 64, 5, 25, 12, 0]
67_67_45_60_0_32_32_64_0_0_0_0_0_46_0_null_[0, 64, 5, 25, 12, 0]
68_68_45_60_0_32_32_64_0_0_0_0_0_46_0_null_[0, 64, 5, 25, 12, 0]
69_69_45_60_0_32_32_64_0_0_0_0_0_46_0_null_[0, 64, 5, 25, 12, 0]
70_70_45_60_0_32_32_64_0_0_0_0_0_46_0_null_[0, 64, 5, 25, 12, 0]
71_71_45_60_0_32_32_64_0_0_0_0_0_46_0_null_[0, 64, 5, 25, 12, 0]
72_72_46_72_0_32_32_64_0_0_0_0_0_46_0_null_[0, 64, 5, 25, 12, 0]
73_73_46_72_0_32_32_64_0_0_0_0_0_46_0_null_[0, 64, 5, 25, 12, 0]
74_74_46_72_0_32_32_64_0_0_0_0_0_46_0_null_[0, 64, 5, 25, 12, 0]
75_75_46_72_0_32_32_64_0_0_0_0_0_46_0_null_[0, 64, 5, 25, 12, 0]
76_76_46_72_0_32_32_64_0_0_0_0_0_46_0_null_[0, 64, 5, 25, 12, 0]
77_77_46_72_0_32_32_64_0_0_0_0_0_46_0_null_[0, 64, 5, 25, 12, 0]
78_78_46_72_0_32_32_64_0_0_0_0_0_46_0_null_[0, 64, 5, 25, 12, 0]
79_79_46_72_0_32_32_64_0_0_0_0_0_46_0_null_[0, 64, 5, 25, 12, 0]
80_80_46_72_0_32_32_64_0_0_0_0_0_46_0_null_[0, 64, 5, 25, 12, 0]
81_81_46_72_0_32_32_64_0_0_0_0_0_46_0_null_[0, 64, 5, 25, 12, 0]
82_82_46_72_0_32_32_64_0_0_0_0_0_46_0_null_[0, 64, 5, 25, 12, 0]
83_83_46_72_0_32_32_64_0_0_0_0_0_46_0_null_[0, 64, 5, 25, 12, 0]
84_84_47_84_0_32_32_64_0_0_0_0_0_46_0_null_[0, 64, 5, 25, 12, 0]
85_85_47_84_0_32_32_64_0_0_0_0_0_46_0_null_[0, 64, 5, 25, 12, 0]
86_86_47_84_0_32_32_64_0_0_0_0_0_46_0_null_[0, 64, 5, 25, 12, 0]
87_87_47_84_0_32_32_64_0_0_0_0_0_46_0_null_[0, 64, 5, 25, 12, 0]
88_88_47_84_0_32_32_64_0_0_0_0_0_46_0_null_[0, 64, 5, 25, 12, 0]
89_89_47_84_0_32_32_64_0_0_0_0_0_46_0_null_[0, 64, 5, 25, 12, 0]
90_90_47_84_0_32_32_64_0_0_0_0_0_46_0_null_[0, 64, 5, 25, 12, 0]
91_91_47_84_0_32_32_64_0_0_0_0_0_46_0_null_[0, 64, 5, 25, 12, 0]
92_92_47_84_0_32_32_64_0_0_0_0_0_46_0_null_[0, 64, 5, 25, 12, 0]
93_93_47_84_0_32_32_64_0_0_0_0_0_46_0_null_[0, 64, 5, 25, 12, 0]
94_94_47_84_0_32_32_64_0_0_0_0_0_46_0_null_[0, 64, 5, 25, 12, 0]
95_95_47_84_0_32_32_64_0_0_0_0_0_46_0_null_[0, 64, 5, 25, 12, 0]
96_96_47_84_0_32_32_64_0_0_0_0_0_46_0_null_[0, 64, 5, 25, 12, 0]
97_97_47_84_0_32_32_64_0_0_0_0_0_46_0_null_[0, 64, 5, 25, 12, 0]
98_98_47_84_0_32_32_64_0_0_0_0_0_46_0_null_[0, 64, 5, 25, 12, 0]
99_99_47_84_0_32_32_64_0_0_0_0_0_46_0_null_[0, 64, 5, 25, 12, 0]
100_100_47_84_0_32_32_64_0_0_0_0_0_46_0_null_[0, 64, 5, 25, 12, 0]
101_101_47_84_0_32_32_64_0_0_0_0_0_46_0_null_[0, 64, 5, 25, 12, 0]
102_102_47_84_0_32_32_64_0_0_0_0_0_46_0_null_[0, 64, 5, 25, 12, 0]
103_103_47_84_0_32_32_64_0_0_0_0_0_46_0_null_[0, 64, 5, 25, 12, 0]
104_104_47_84_0_32_32_64_0_0_0_0_0_46_0_null_[0, 64, 5, 25, 12, 0]
105_105_47_84_0_32_32_64_0_0_0_0_0_46_0_null_[0, 64, 5, 25, 12, 0]
106_106_47_84_0_32_32_64_0_0_0_0_0_46_0_null_[0, 64, 5, 25, 12, 0]
107_107_47_84_0_32_32_64_0_0_0_0_0_46_0_null_[0, 64, 5, 25, 12, 0]
108_108_47_84_0_32_32_64_0_0_0_0_0_46_0_null_[0, 64, 5, 25, 12, 0]
109_109_47_84_0_32_32_64_0_0_0_0_0_46_0_null_[0, 64, 5, 25, 12, 0]
110_110_47_84_0_32_32_64_0_0_0_0_0_46_0_null_[0, 64, 5, 25, 12, 0]
111_111_47_84_0_32_32_64_0_0_0_0_0_46_0_null_[0, 64, 5, 25, 12, 0]
112_112_47_84_0_32_32_64_0_0_0_0_0_46_0_null_[0, 64, 5, 25, 12, 0]
113_113_47_84_0_32_32_64_0_0_0_0_0_46_0_null_[0, 64, 5, 25, 12, 0]
114_114_47_84_0_32_32_64_0_0_0_0_0_46_0_null_[0, 64, 5, 25, 12, 0]
115_115_47_84_0_32_32_64_0_0_0_0_0_46_0_null_[0, 64, 5, 25, 12, 0]
116_116_47_84_0_32_32_64_0_0_0_0_0_46_0_null_[0, 64, 5, 25, 12, 0]
117_117_47_84_0_32_32_64_0_0_0_0_0_46_0_null_[0, 64, 5, 25, 12, 0]
118_118_47_84_0_32_32_64_0_0_0_0_0_46_0_null_[0, 64, 5, 25, 12, 0]
119_119_47_84_0_32_32_64_0_0_0_0_0_46_0_null_[0, 64, 5, 25, 12, 0]
120_120_47_84_0_32_32_64_0_0_0_0_0_46_0_null_[0, 64, 5, 25, 12, 0]
121_121_47_84_0_32_32_64_0_0_0_0_0_46_0_null_[0, 64, 5, 25, 12, 0]
122_122_47_84_0_32_32_64_0_0_0_0_0_46_0_null_[0, 64, 5, 25, 12, 0]
123_123_47_84_0_32_32_64_0_0_0_0_0_46_0_null_[0, 64, 5, 25, 12, 0]
124_124_47_84_0_32_32_64_0_0_0_0_0_46_0_null_[0, 64, 5, 25, 12, 0]
125_125_47_84_0_32_32_64_0_0_0_0_0_46_0_null_[0, 64, 5, 25, 12, 0]
126_126_47_84_0_32_32_64_0_0_0_0_0_46_0_null_[0, 64, 5, 25, 12, 0]
127_127_47_84_0_32_32_64_0_0_0_0_0_46_0_null_[0, 64, 5, 25, 12, 0]
