0_0_489_47_0_28_32_64_0_3_0_52_0_24_0_[0, 64, 8, 41, 100, 0]_[0, 64, 5, 16, 11, 0]
1_1_489_47_0_28_32_64_0_3_0_52_0_24_0_[0, 64, 8, 41, 100, 0]_[0, 64, 5, 16, 11, 0]
2_2_489_47_0_28_32_64_0_3_0_52_0_24_0_[0, 64, 8, 41, 100, 0]_[0, 64, 5, 16, 11, 0]
3_3_489_47_0_28_32_64_0_3_0_52_0_24_0_[0, 64, 8, 41, 100, 0]_[0, 64, 5, 16, 11, 0]
4_4_489_47_0_28_32_64_0_3_0_52_0_24_0_[0, 64, 8, 41, 100, 0]_[0, 64, 5, 16, 11, 0]
5_5_489_47_0_28_32_64_0_3_0_52_0_24_0_[0, 64, 8, 41, 100, 0]_[0, 64, 5, 16, 11, 0]
6_6_489_47_0_28_32_64_0_3_0_52_0_24_0_[0, 64, 8, 41, 100, 0]_[0, 64, 5, 16, 11, 0]
7_7_489_47_0_28_32_64_0_3_0_52_0_24_0_[0, 64, 8, 41, 100, 0]_[0, 64, 5, 16, 11, 0]
8_8_489_47_0_28_32_64_0_3_0_52_0_24_0_[0, 64, 8, 41, 100, 0]_[0, 64, 5, 16, 11, 0]
9_9_489_47_0_28_32_64_0_3_0_52_0_24_0_[0, 64, 8, 41, 100, 0]_[0, 64, 5, 16, 11, 0]
10_10_489_47_0_28_32_64_0_3_0_52_0_24_0_[0, 64, 8, 41, 100, 0]_[0, 64, 5, 16, 11, 0]
11_11_489_47_0_28_32_64_0_3_0_52_0_24_0_[0, 64, 8, 41, 100, 0]_[0, 64, 5, 16, 11, 0]
12_12_489_47_0_28_32_64_0_3_0_52_0_24_0_[0, 64, 8, 41, 100, 0]_[0, 64, 5, 16, 11, 0]
13_13_489_47_0_28_32_64_0_3_0_52_0_24_0_[0, 64, 8, 41, 100, 0]_[0, 64, 5, 16, 11, 0]
14_14_489_47_0_28_32_64_0_3_0_52_0_24_0_[0, 64, 8, 41, 100, 0]_[0, 64, 5, 16, 11, 0]
15_15_489_47_0_28_32_64_0_3_0_52_0_24_0_[0, 64, 8, 41, 100, 0]_[0, 64, 5, 16, 11, 0]
16_16_489_47_0_28_32_64_0_3_0_52_0_24_0_[0, 64, 8, 41, 100, 0]_[0, 64, 5, 16, 11, 0]
17_17_489_47_0_28_32_64_0_3_0_52_0_24_0_[0, 64, 8, 41, 100, 0]_[0, 64, 5, 16, 11, 0]
18_18_489_47_0_28_32_64_0_3_0_52_0_24_0_[0, 64, 8, 41, 100, 0]_[0, 64, 5, 16, 11, 0]
19_19_489_47_0_28_32_64_0_3_0_52_0_24_0_[0, 64, 8, 41, 100, 0]_[0, 64, 5, 16, 11, 0]
20_20_489_47_0_28_32_64_0_3_0_52_0_24_0_[0, 64, 8, 41, 100, 0]_[0, 64, 5, 16, 11, 0]
21_21_489_47_0_28_32_64_0_3_0_52_0_24_0_[0, 64, 8, 41, 100, 0]_[0, 64, 5, 16, 11, 0]
22_22_489_47_0_28_32_64_0_3_0_52_0_24_0_[0, 64, 8, 41, 100, 0]_[0, 64, 5, 16, 11, 0]
23_23_489_47_0_28_32_64_0_3_0_52_0_24_0_[0, 64, 8, 41, 100, 0]_[0, 64, 5, 16, 11, 0]
24_24_489_47_0_28_32_64_0_3_0_52_0_24_0_[0, 64, 8, 41, 100, 0]_[0, 64, 5, 16, 11, 0]
25_25_489_47_0_28_32_64_0_3_0_52_0_24_0_[0, 64, 8, 41, 100, 0]_[0, 64, 5, 16, 11, 0]
26_26_489_47_0_28_32_64_0_3_0_52_0_24_0_[0, 64, 8, 41, 100, 0]_[0, 64, 5, 16, 11, 0]
27_27_489_47_0_28_32_64_0_3_0_52_0_24_0_[0, 64, 8, 41, 100, 0]_[0, 64, 5, 16, 11, 0]
28_28_489_47_0_28_32_64_0_3_0_52_0_24_0_[0, 64, 8, 41, 100, 0]_[0, 64, 5, 16, 11, 0]
29_29_489_47_0_28_32_64_0_3_0_52_0_24_0_[0, 64, 8, 41, 100, 0]_[0, 64, 5, 16, 11, 0]
30_30_489_47_0_28_32_64_0_3_0_52_0_24_0_[0, 64, 8, 41, 100, 0]_[0, 64, 5, 16, 11, 0]
31_31_489_47_0_28_32_64_0_3_0_52_0_24_0_[0, 64, 8, 41, 100, 0]_[0, 64, 5, 16, 11, 0]
32_32_489_47_0_28_32_64_0_3_0_52_0_24_0_[0, 64, 8, 41, 100, 0]_[0, 64, 5, 16, 11, 0]
33_33_489_47_0_28_32_64_0_3_0_52_0_24_0_[0, 64, 8, 41, 100, 0]_[0, 64, 5, 16, 11, 0]
34_34_489_47_0_28_32_64_0_3_0_52_0_24_0_[0, 64, 8, 41, 100, 0]_[0, 64, 5, 16, 11, 0]
35_35_489_47_0_28_32_64_0_3_0_52_0_24_0_[0, 64, 8, 41, 100, 0]_[0, 64, 5, 16, 11, 0]
36_36_489_47_0_28_32_64_0_3_0_52_0_24_0_[0, 64, 8, 41, 100, 0]_[0, 64, 5, 16, 11, 0]
37_37_489_47_0_28_32_64_0_3_0_52_0_24_0_[0, 64, 8, 41, 100, 0]_[0, 64, 5, 16, 11, 0]
38_38_489_47_0_28_32_64_0_3_0_52_0_24_0_[0, 64, 8, 41, 100, 0]_[0, 64, 5, 16, 11, 0]
39_39_489_47_0_28_32_64_0_3_0_52_0_24_0_[0, 64, 8, 41, 100, 0]_[0, 64, 5, 16, 11, 0]
40_40_489_47_0_28_32_64_0_3_0_52_0_24_0_[0, 64, 8, 41, 100, 0]_[0, 64, 5, 16, 11, 0]
41_41_489_47_0_28_32_64_0_3_0_52_0_24_0_[0, 64, 8, 41, 100, 0]_[0, 64, 5, 16, 11, 0]
42_42_489_47_0_28_32_64_0_3_0_52_0_24_0_[0, 64, 8, 41, 100, 0]_[0, 64, 5, 16, 11, 0]
43_43_489_47_0_28_32_64_0_3_0_52_0_24_0_[0, 64, 8, 41, 100, 0]_[0, 64, 5, 16, 11, 0]
44_44_489_47_0_28_32_64_0_3_0_52_0_24_0_[0, 64, 8, 41, 100, 0]_[0, 64, 5, 16, 11, 0]
45_45_179_53_0_28_32_64_0_3_0_52_0_24_0_[0, 64, 8, 41, 100, 0]_[0, 64, 5, 16, 11, 0]
46_46_179_53_0_28_32_64_0_3_0_52_0_24_0_[0, 64, 8, 41, 100, 0]_[0, 64, 5, 16, 11, 0]
47_47_179_53_0_28_32_64_0_3_0_52_0_24_0_[0, 64, 8, 41, 100, 0]_[0, 64, 5, 16, 11, 0]
48_48_179_53_0_28_32_64_0_3_0_52_0_24_0_[0, 64, 8, 41, 100, 0]_[0, 64, 5, 16, 11, 0]
49_49_179_53_0_28_32_64_0_3_0_52_0_24_0_[0, 64, 8, 41, 100, 0]_[0, 64, 5, 16, 11, 0]
50_50_179_53_0_28_32_64_0_3_0_52_0_24_0_[0, 64, 8, 41, 100, 0]_[0, 64, 5, 16, 11, 0]
51_51_179_53_0_28_32_64_0_3_0_52_0_24_0_[0, 64, 8, 41, 100, 0]_[0, 64, 5, 16, 11, 0]
52_52_179_53_0_28_32_64_0_3_0_52_0_24_0_[0, 64, 8, 41, 100, 0]_[0, 64, 5, 16, 11, 0]
53_53_179_53_0_28_32_64_0_3_0_52_0_24_0_[0, 64, 8, 41, 100, 0]_[0, 64, 5, 16, 11, 0]
54_54_179_53_0_28_32_64_0_3_0_52_0_24_0_[0, 64, 8, 41, 100, 0]_[0, 64, 5, 16, 11, 0]
55_55_179_53_0_28_32_64_0_3_0_52_0_24_0_[0, 64, 8, 41, 100, 0]_[0, 64, 5, 16, 11, 0]
56_56_179_53_0_28_32_64_0_3_0_52_0_24_0_[0, 64, 8, 41, 100, 0]_[0, 64, 5, 16, 11, 0]
57_57_1_59_0_28_32_64_0_3_0_52_0_24_0_[0, 64, 8, 41, 100, 0]_[0, 64, 5, 16, 11, 0]
58_58_1_59_0_28_32_64_0_3_0_52_0_24_0_[0, 64, 8, 41, 100, 0]_[0, 64, 5, 16, 11, 0]
59_59_1_59_0_28_32_64_0_3_0_52_0_24_0_[0, 64, 8, 41, 100, 0]_[0, 64, 5, 16, 11, 0]
60_60_1_59_0_28_32_64_0_3_0_52_0_24_0_[0, 64, 8, 41, 100, 0]_[0, 64, 5, 16, 11, 0]
61_61_1_59_0_28_32_64_0_3_0_52_0_24_0_[0, 64, 8, 41, 100, 0]_[0, 64, 5, 16, 11, 0]
62_62_1_59_0_28_32_64_0_3_0_52_0_24_0_[0, 64, 8, 41, 100, 0]_[0, 64, 5, 16, 11, 0]
63_63_1_59_0_28_32_64_0_3_0_52_0_24_0_[0, 64, 8, 41, 100, 0]_[0, 64, 5, 16, 11, 0]
64_64_1_59_0_28_32_64_0_3_0_52_0_24_0_[0, 64, 8, 41, 100, 0]_[0, 64, 5, 16, 11, 0]
65_65_1_59_0_28_32_64_0_3_0_52_0_24_0_[0, 64, 8, 41, 100, 0]_[0, 64, 5, 16, 11, 0]
66_66_116_71_0_28_32_64_0_3_0_52_0_24_0_[0, 64, 8, 41, 100, 0]_[0, 64, 5, 16, 11, 0]
67_67_116_71_0_28_32_64_0_3_0_52_0_24_0_[0, 64, 8, 41, 100, 0]_[0, 64, 5, 16, 11, 0]
68_68_116_71_0_28_32_64_0_3_0_52_0_24_0_[0, 64, 8, 41, 100, 0]_[0, 64, 5, 16, 11, 0]
69_69_116_71_0_28_32_64_0_3_0_52_0_24_0_[0, 64, 8, 41, 100, 0]_[0, 64, 5, 16, 11, 0]
70_70_116_71_0_28_32_64_0_3_0_52_0_24_0_[0, 64, 8, 41, 100, 0]_[0, 64, 5, 16, 11, 0]
71_71_116_71_0_28_32_64_0_3_0_52_0_24_0_[0, 64, 8, 41, 100, 0]_[0, 64, 5, 16, 11, 0]
72_72_116_71_0_28_32_64_0_3_0_52_0_24_0_[0, 64, 8, 41, 100, 0]_[0, 64, 5, 16, 11, 0]
73_73_116_71_0_28_32_64_0_3_0_52_0_24_0_[0, 64, 8, 41, 100, 0]_[0, 64, 5, 16, 11, 0]
74_74_116_71_0_28_32_64_0_3_0_52_0_24_0_[0, 64, 8, 41, 100, 0]_[0, 64, 5, 16, 11, 0]
75_75_116_71_0_28_32_64_0_3_0_52_0_24_0_[0, 64, 8, 41, 100, 0]_[0, 64, 5, 16, 11, 0]
76_76_116_71_0_28_32_64_0_3_0_52_0_24_0_[0, 64, 8, 41, 100, 0]_[0, 64, 5, 16, 11, 0]
77_77_116_71_0_28_32_64_0_3_0_52_0_24_0_[0, 64, 8, 41, 100, 0]_[0, 64, 5, 16, 11, 0]
78_78_116_71_0_28_32_64_0_3_0_52_0_24_0_[0, 64, 8, 41, 100, 0]_[0, 64, 5, 16, 11, 0]
79_79_116_71_0_28_32_64_0_3_0_52_0_24_0_[0, 64, 8, 41, 100, 0]_[0, 64, 5, 16, 11, 0]
80_80_116_71_0_28_32_64_0_3_0_52_0_24_0_[0, 64, 8, 41, 100, 0]_[0, 64, 5, 16, 11, 0]
81_81_116_71_0_28_32_64_0_3_0_52_0_24_0_[0, 64, 8, 41, 100, 0]_[0, 64, 5, 16, 11, 0]
82_82_116_71_0_28_32_64_0_3_0_52_0_24_0_[0, 64, 8, 41, 100, 0]_[0, 64, 5, 16, 11, 0]
83_83_116_71_0_28_32_64_0_3_0_52_0_24_0_[0, 64, 8, 41, 100, 0]_[0, 64, 5, 16, 11, 0]
84_84_116_71_0_28_32_64_0_3_0_52_0_24_0_[0, 64, 8, 41, 100, 0]_[0, 64, 5, 16, 11, 0]
85_85_116_71_0_28_32_64_0_3_0_52_0_24_0_[0, 64, 8, 41, 100, 0]_[0, 64, 5, 16, 11, 0]
86_86_116_71_0_28_32_64_0_3_0_52_0_24_0_[0, 64, 8, 41, 100, 0]_[0, 64, 5, 16, 11, 0]
87_87_116_71_0_28_32_64_0_3_0_52_0_24_0_[0, 64, 8, 41, 100, 0]_[0, 64, 5, 16, 11, 0]
88_88_116_71_0_28_32_64_0_3_0_52_0_24_0_[0, 64, 8, 41, 100, 0]_[0, 64, 5, 16, 11, 0]
89_89_116_71_0_28_32_64_0_3_0_52_0_24_0_[0, 64, 8, 41, 100, 0]_[0, 64, 5, 16, 11, 0]
90_90_116_71_0_28_32_64_0_3_0_52_0_24_0_[0, 64, 8, 41, 100, 0]_[0, 64, 5, 16, 11, 0]
91_91_116_71_0_28_32_64_0_3_0_52_0_24_0_[0, 64, 8, 41, 100, 0]_[0, 64, 5, 16, 11, 0]
92_92_116_71_0_28_32_64_0_3_0_52_0_24_0_[0, 64, 8, 41, 100, 0]_[0, 64, 5, 16, 11, 0]
93_93_116_71_0_28_32_64_0_3_0_52_0_24_0_[0, 64, 8, 41, 100, 0]_[0, 64, 5, 16, 11, 0]
94_94_116_71_0_28_32_64_0_3_0_52_0_24_0_[0, 64, 8, 41, 100, 0]_[0, 64, 5, 16, 11, 0]
95_95_116_71_0_28_32_64_0_3_0_52_0_24_0_[0, 64, 8, 41, 100, 0]_[0, 64, 5, 16, 11, 0]
96_96_116_71_0_28_32_64_0_3_0_52_0_24_0_[0, 64, 8, 41, 100, 0]_[0, 64, 5, 16, 11, 0]
97_97_116_71_0_28_32_64_0_3_0_52_0_24_0_[0, 64, 8, 41, 100, 0]_[0, 64, 5, 16, 11, 0]
98_98_116_71_0_28_32_64_0_3_0_52_0_24_0_[0, 64, 8, 41, 100, 0]_[0, 64, 5, 16, 11, 0]
99_99_116_71_0_28_32_64_0_3_0_52_0_24_0_[0, 64, 8, 41, 100, 0]_[0, 64, 5, 16, 11, 0]
100_100_116_71_0_28_32_64_0_3_0_52_0_24_0_[0, 64, 8, 41, 100, 0]_[0, 64, 5, 16, 11, 0]
101_101_116_71_0_28_32_64_0_3_0_52_0_24_0_[0, 64, 8, 41, 100, 0]_[0, 64, 5, 16, 11, 0]
102_102_116_71_0_28_32_64_0_3_0_52_0_24_0_[0, 64, 8, 41, 100, 0]_[0, 64, 5, 16, 11, 0]
103_103_116_71_0_28_32_64_0_3_0_52_0_24_0_[0, 64, 8, 41, 100, 0]_[0, 64, 5, 16, 11, 0]
104_104_116_71_0_28_32_64_0_3_0_52_0_24_0_[0, 64, 8, 41, 100, 0]_[0, 64, 5, 16, 11, 0]
105_105_116_71_0_28_32_64_0_3_0_52_0_24_0_[0, 64, 8, 41, 100, 0]_[0, 64, 5, 16, 11, 0]
106_106_116_71_0_28_32_64_0_3_0_52_0_24_0_[0, 64, 8, 41, 100, 0]_[0, 64, 5, 16, 11, 0]
107_107_116_71_0_28_32_64_0_3_0_52_0_24_0_[0, 64, 8, 41, 100, 0]_[0, 64, 5, 16, 11, 0]
108_108_116_71_0_28_32_64_0_3_0_52_0_24_0_[0, 64, 8, 41, 100, 0]_[0, 64, 5, 16, 11, 0]
109_109_116_71_0_28_32_64_0_3_0_52_0_24_0_[0, 64, 8, 41, 100, 0]_[0, 64, 5, 16, 11, 0]
110_110_116_71_0_28_32_64_0_3_0_52_0_24_0_[0, 64, 8, 41, 100, 0]_[0, 64, 5, 16, 11, 0]
111_111_116_71_0_28_32_64_0_3_0_52_0_24_0_[0, 64, 8, 41, 100, 0]_[0, 64, 5, 16, 11, 0]
112_112_116_71_0_28_32_64_0_3_0_52_0_24_0_[0, 64, 8, 41, 100, 0]_[0, 64, 5, 16, 11, 0]
113_113_116_71_0_28_32_64_0_3_0_52_0_24_0_[0, 64, 8, 41, 100, 0]_[0, 64, 5, 16, 11, 0]
114_114_116_71_0_28_32_64_0_3_0_52_0_24_0_[0, 64, 8, 41, 100, 0]_[0, 64, 5, 16, 11, 0]
115_115_116_71_0_28_32_64_0_3_0_52_0_24_0_[0, 64, 8, 41, 100, 0]_[0, 64, 5, 16, 11, 0]
116_116_116_71_0_28_32_64_0_3_0_52_0_24_0_[0, 64, 8, 41, 100, 0]_[0, 64, 5, 16, 11, 0]
117_117_116_71_0_28_32_64_0_3_0_52_0_24_0_[0, 64, 8, 41, 100, 0]_[0, 64, 5, 16, 11, 0]
118_118_116_71_0_28_32_64_0_3_0_52_0_24_0_[0, 64, 8, 41, 100, 0]_[0, 64, 5, 16, 11, 0]
119_119_116_71_0_28_32_64_0_3_0_52_0_24_0_[0, 64, 8, 41, 100, 0]_[0, 64, 5, 16, 11, 0]
120_120_116_71_0_28_32_64_0_3_0_52_0_24_0_[0, 64, 8, 41, 100, 0]_[0, 64, 5, 16, 11, 0]
121_121_116_71_0_28_32_64_0_3_0_52_0_24_0_[0, 64, 8, 41, 100, 0]_[0, 64, 5, 16, 11, 0]
122_122_116_71_0_28_32_64_0_3_0_52_0_24_0_[0, 64, 8, 41, 100, 0]_[0, 64, 5, 16, 11, 0]
123_123_116_71_0_28_32_64_0_3_0_52_0_24_0_[0, 64, 8, 41, 100, 0]_[0, 64, 5, 16, 11, 0]
124_124_116_71_0_28_32_64_0_3_0_52_0_24_0_[0, 64, 8, 41, 100, 0]_[0, 64, 5, 16, 11, 0]
125_125_116_71_0_28_32_64_0_3_0_52_0_24_0_[0, 64, 8, 41, 100, 0]_[0, 64, 5, 16, 11, 0]
126_126_116_71_0_28_32_64_0_3_0_52_0_24_0_[0, 64, 8, 41, 100, 0]_[0, 64, 5, 16, 11, 0]
127_127_116_71_0_28_32_64_0_3_0_52_0_24_0_[0, 64, 8, 41, 100, 0]_[0, 64, 5, 16, 11, 0]
