0_0_53_47_0_29_32_64_0_0_0_0_0_24_0_null_[0, 64, 4, 16, 10, 0]
1_1_53_47_0_29_32_64_0_0_0_0_0_24_0_null_[0, 64, 4, 16, 10, 0]
2_2_53_47_0_29_32_64_0_0_0_0_0_24_0_null_[0, 64, 4, 16, 10, 0]
3_3_53_47_0_29_32_64_0_0_0_0_0_24_0_null_[0, 64, 4, 16, 10, 0]
4_4_53_47_0_29_32_64_0_0_0_0_0_24_0_null_[0, 64, 4, 16, 10, 0]
5_5_53_47_0_29_32_64_0_0_0_0_0_24_0_null_[0, 64, 4, 16, 10, 0]
6_6_53_47_0_29_32_64_0_0_0_0_0_24_0_null_[0, 64, 4, 16, 10, 0]
7_7_53_47_0_29_32_64_0_0_0_0_0_24_0_null_[0, 64, 4, 16, 10, 0]
8_8_53_47_0_29_32_64_0_0_0_0_0_24_0_null_[0, 64, 4, 16, 10, 0]
9_9_53_47_0_29_32_64_0_0_0_0_0_24_0_null_[0, 64, 4, 16, 10, 0]
10_10_53_47_0_29_32_64_0_0_0_0_0_24_0_null_[0, 64, 4, 16, 10, 0]
11_11_53_47_0_29_32_64_0_0_0_0_0_24_0_null_[0, 64, 4, 16, 10, 0]
12_12_53_47_0_29_32_64_0_0_0_0_0_24_0_null_[0, 64, 4, 16, 10, 0]
13_13_53_47_0_29_32_64_0_0_0_0_0_24_0_null_[0, 64, 4, 16, 10, 0]
14_14_53_47_0_29_32_64_0_0_0_0_0_24_0_null_[0, 64, 4, 16, 10, 0]
15_15_53_47_0_29_32_64_0_0_0_0_0_24_0_null_[0, 64, 4, 16, 10, 0]
16_16_53_47_0_29_32_64_0_0_0_0_0_24_0_null_[0, 64, 4, 16, 10, 0]
17_17_53_47_0_29_32_64_0_0_0_0_0_24_0_null_[0, 64, 4, 16, 10, 0]
18_18_53_47_0_29_32_64_0_0_0_0_0_24_0_null_[0, 64, 4, 16, 10, 0]
19_19_53_47_0_29_32_64_0_0_0_0_0_24_0_null_[0, 64, 4, 16, 10, 0]
20_20_53_47_0_29_32_64_0_0_0_0_0_24_0_null_[0, 64, 4, 16, 10, 0]
21_21_53_47_0_29_32_64_0_0_0_0_0_24_0_null_[0, 64, 4, 16, 10, 0]
22_22_53_47_0_29_32_64_0_0_0_0_0_24_0_null_[0, 64, 4, 16, 10, 0]
23_23_53_47_0_29_32_64_0_0_0_0_0_24_0_null_[0, 64, 4, 16, 10, 0]
24_24_53_47_0_29_32_64_0_0_0_0_0_24_0_null_[0, 64, 4, 16, 10, 0]
25_25_53_47_0_29_32_64_0_0_0_0_0_24_0_null_[0, 64, 4, 16, 10, 0]
26_26_53_47_0_29_32_64_0_0_0_0_0_24_0_null_[0, 64, 4, 16, 10, 0]
27_27_53_47_0_29_32_64_0_0_0_0_0_24_0_null_[0, 64, 4, 16, 10, 0]
28_28_53_47_0_29_32_64_0_0_0_0_0_24_0_null_[0, 64, 4, 16, 10, 0]
29_29_53_47_0_29_32_64_0_0_0_0_0_24_0_null_[0, 64, 4, 16, 10, 0]
30_30_53_47_0_29_32_64_0_0_0_0_0_24_0_null_[0, 64, 4, 16, 10, 0]
31_31_53_47_0_29_32_64_0_0_0_0_0_24_0_null_[0, 64, 4, 16, 10, 0]
32_32_53_47_0_29_32_64_0_0_0_0_0_24_0_null_[0, 64, 4, 16, 10, 0]
33_33_53_47_0_29_32_64_0_0_0_0_0_24_0_null_[0, 64, 4, 16, 10, 0]
34_34_53_47_0_29_32_64_0_0_0_0_0_24_0_null_[0, 64, 4, 16, 10, 0]
35_35_53_47_0_29_32_64_0_0_0_0_0_24_0_null_[0, 64, 4, 16, 10, 0]
36_36_53_47_0_29_32_64_0_0_0_0_0_24_0_null_[0, 64, 4, 16, 10, 0]
37_37_53_47_0_29_32_64_0_0_0_0_0_24_0_null_[0, 64, 4, 16, 10, 0]
38_38_53_47_0_29_32_64_0_0_0_0_0_24_0_null_[0, 64, 4, 16, 10, 0]
39_39_53_47_0_29_32_64_0_0_0_0_0_24_0_null_[0, 64, 4, 16, 10, 0]
40_40_53_47_0_29_32_64_0_0_0_0_0_24_0_null_[0, 64, 4, 16, 10, 0]
41_41_53_47_0_29_32_64_0_0_0_0_0_24_0_null_[0, 64, 4, 16, 10, 0]
42_42_53_47_0_29_32_64_0_0_0_0_0_24_0_null_[0, 64, 4, 16, 10, 0]
43_43_53_47_0_29_32_64_0_0_0_0_0_24_0_null_[0, 64, 4, 16, 10, 0]
44_44_53_47_0_29_32_64_0_0_0_0_0_24_0_null_[0, 64, 4, 16, 10, 0]
45_45_53_47_0_29_32_64_0_0_0_0_0_24_0_null_[0, 64, 4, 16, 10, 0]
46_46_53_47_0_29_32_64_0_0_0_0_0_24_0_null_[0, 64, 4, 16, 10, 0]
47_47_53_47_0_29_32_64_0_0_0_0_0_24_0_null_[0, 64, 4, 16, 10, 0]
48_48_53_47_0_29_32_64_0_0_0_0_0_24_0_null_[0, 64, 4, 16, 10, 0]
49_49_53_47_0_29_32_64_0_0_0_0_0_24_0_null_[0, 64, 4, 16, 10, 0]
50_50_53_47_0_29_32_64_0_0_0_0_0_24_0_null_[0, 64, 4, 16, 10, 0]
51_51_53_47_0_29_32_64_0_0_0_0_0_24_0_null_[0, 64, 4, 16, 10, 0]
52_52_53_47_0_29_32_64_0_0_0_0_0_24_0_null_[0, 64, 4, 16, 10, 0]
53_53_53_47_0_29_32_64_0_0_0_0_0_24_0_null_[0, 64, 4, 16, 10, 0]
54_54_53_47_0_29_32_64_0_0_0_0_0_24_0_null_[0, 64, 4, 16, 10, 0]
55_55_53_47_0_29_32_64_0_0_0_0_0_24_0_null_[0, 64, 4, 16, 10, 0]
56_56_53_47_0_29_32_64_0_0_0_0_0_24_0_null_[0, 64, 4, 16, 10, 0]
57_57_53_47_0_29_32_64_0_0_0_0_0_24_0_null_[0, 64, 4, 16, 10, 0]
58_58_53_47_0_29_32_64_0_0_0_0_0_24_0_null_[0, 64, 4, 16, 10, 0]
59_59_387_63_0_29_32_64_0_0_0_0_0_24_0_null_[0, 64, 4, 16, 10, 0]
60_60_387_63_0_29_32_64_0_0_0_0_0_24_0_null_[0, 64, 4, 16, 10, 0]
61_61_387_63_0_29_32_64_0_0_0_0_0_24_0_null_[0, 64, 4, 16, 10, 0]
62_62_387_63_0_29_32_64_0_0_0_0_0_24_0_null_[0, 64, 4, 16, 10, 0]
63_63_387_63_0_29_32_64_0_0_0_0_0_24_0_null_[0, 64, 4, 16, 10, 0]
64_64_387_63_0_29_32_64_0_0_0_0_0_24_0_null_[0, 64, 4, 16, 10, 0]
65_65_387_63_0_29_32_64_0_0_0_0_0_24_0_null_[0, 64, 4, 16, 10, 0]
66_66_387_63_0_29_32_64_0_0_0_0_0_24_0_null_[0, 64, 4, 16, 10, 0]
67_67_387_63_0_29_32_64_0_0_0_0_0_24_0_null_[0, 64, 4, 16, 10, 0]
68_68_387_63_0_29_32_64_0_0_0_0_0_24_0_null_[0, 64, 4, 16, 10, 0]
69_69_387_63_0_29_32_64_0_0_0_0_0_24_0_null_[0, 64, 4, 16, 10, 0]
70_70_387_63_0_29_32_64_0_0_0_0_0_24_0_null_[0, 64, 4, 16, 10, 0]
71_71_387_63_0_29_32_64_0_0_0_0_0_24_0_null_[0, 64, 4, 16, 10, 0]
72_72_387_63_0_29_32_64_0_0_0_0_0_24_0_null_[0, 64, 4, 16, 10, 0]
73_73_387_63_0_29_32_64_0_0_0_0_0_24_0_null_[0, 64, 4, 16, 10, 0]
74_74_387_63_0_29_32_64_0_0_0_0_0_24_0_null_[0, 64, 4, 16, 10, 0]
75_75_387_63_0_29_32_64_0_0_0_0_0_24_0_null_[0, 64, 4, 16, 10, 0]
76_76_54_84_0_29_32_64_0_0_0_0_0_24_0_null_[0, 64, 4, 16, 10, 0]
77_77_54_84_0_29_32_64_0_0_0_0_0_24_0_null_[0, 64, 4, 16, 10, 0]
78_78_54_84_0_29_32_64_0_0_0_0_0_24_0_null_[0, 64, 4, 16, 10, 0]
79_79_54_84_0_29_32_64_0_0_0_0_0_24_0_null_[0, 64, 4, 16, 10, 0]
80_80_54_84_0_29_32_64_0_0_0_0_0_24_0_null_[0, 64, 4, 16, 10, 0]
81_81_54_84_0_29_32_64_0_0_0_0_0_24_0_null_[0, 64, 4, 16, 10, 0]
82_82_54_84_0_29_32_64_0_0_0_0_0_24_0_null_[0, 64, 4, 16, 10, 0]
83_83_54_84_0_29_32_64_0_0_0_0_0_24_0_null_[0, 64, 4, 16, 10, 0]
84_84_54_84_0_29_32_64_0_0_0_0_0_24_0_null_[0, 64, 4, 16, 10, 0]
85_85_54_84_0_29_32_64_0_0_0_0_0_24_0_null_[0, 64, 4, 16, 10, 0]
86_86_54_84_0_29_32_64_0_0_0_0_0_24_0_null_[0, 64, 4, 16, 10, 0]
87_87_54_84_0_29_32_64_0_0_0_0_0_24_0_null_[0, 64, 4, 16, 10, 0]
88_88_54_84_0_29_32_64_0_0_0_0_0_24_0_null_[0, 64, 4, 16, 10, 0]
89_89_54_84_0_29_32_64_0_0_0_0_0_24_0_null_[0, 64, 4, 16, 10, 0]
90_90_54_84_0_29_32_64_0_0_0_0_0_24_0_null_[0, 64, 4, 16, 10, 0]
91_91_54_84_0_29_32_64_0_0_0_0_0_24_0_null_[0, 64, 4, 16, 10, 0]
92_92_54_84_0_29_32_64_0_0_0_0_0_24_0_null_[0, 64, 4, 16, 10, 0]
93_93_54_84_0_29_32_64_0_0_0_0_0_24_0_null_[0, 64, 4, 16, 10, 0]
94_94_54_84_0_29_32_64_0_0_0_0_0_24_0_null_[0, 64, 4, 16, 10, 0]
95_95_54_84_0_29_32_64_0_0_0_0_0_24_0_null_[0, 64, 4, 16, 10, 0]
96_96_54_84_0_29_32_64_0_0_0_0_0_24_0_null_[0, 64, 4, 16, 10, 0]
97_97_54_84_0_29_32_64_0_0_0_0_0_24_0_null_[0, 64, 4, 16, 10, 0]
98_98_54_84_0_29_32_64_0_0_0_0_0_24_0_null_[0, 64, 4, 16, 10, 0]
99_99_54_84_0_29_32_64_0_0_0_0_0_24_0_null_[0, 64, 4, 16, 10, 0]
100_100_54_84_0_29_32_64_0_0_0_0_0_24_0_null_[0, 64, 4, 16, 10, 0]
101_101_54_84_0_29_32_64_0_0_0_0_0_24_0_null_[0, 64, 4, 16, 10, 0]
102_102_54_84_0_29_32_64_0_0_0_0_0_24_0_null_[0, 64, 4, 16, 10, 0]
103_103_54_84_0_29_32_64_0_0_0_0_0_24_0_null_[0, 64, 4, 16, 10, 0]
104_104_54_84_0_29_32_64_0_0_0_0_0_24_0_null_[0, 64, 4, 16, 10, 0]
105_105_54_84_0_29_32_64_0_0_0_0_0_24_0_null_[0, 64, 4, 16, 10, 0]
106_106_54_84_0_29_32_64_0_0_0_0_0_24_0_null_[0, 64, 4, 16, 10, 0]
107_107_54_84_0_29_32_64_0_0_0_0_0_24_0_null_[0, 64, 4, 16, 10, 0]
108_108_54_84_0_29_32_64_0_0_0_0_0_24_0_null_[0, 64, 4, 16, 10, 0]
109_109_54_84_0_29_32_64_0_0_0_0_0_24_0_null_[0, 64, 4, 16, 10, 0]
110_110_54_84_0_29_32_64_0_0_0_0_0_24_0_null_[0, 64, 4, 16, 10, 0]
111_111_54_84_0_29_32_64_0_0_0_0_0_24_0_null_[0, 64, 4, 16, 10, 0]
112_112_54_84_0_29_32_64_0_0_0_0_0_24_0_null_[0, 64, 4, 16, 10, 0]
113_113_54_84_0_29_32_64_0_0_0_0_0_24_0_null_[0, 64, 4, 16, 10, 0]
114_114_54_84_0_29_32_64_0_0_0_0_0_24_0_null_[0, 64, 4, 16, 10, 0]
115_115_54_84_0_29_32_64_0_0_0_0_0_24_0_null_[0, 64, 4, 16, 10, 0]
116_116_54_84_0_29_32_64_0_0_0_0_0_24_0_null_[0, 64, 4, 16, 10, 0]
117_117_54_84_0_29_32_64_0_0_0_0_0_24_0_null_[0, 64, 4, 16, 10, 0]
118_118_54_84_0_29_32_64_0_0_0_0_0_24_0_null_[0, 64, 4, 16, 10, 0]
119_119_54_84_0_29_32_64_0_0_0_0_0_24_0_null_[0, 64, 4, 16, 10, 0]
120_120_54_84_0_29_32_64_0_0_0_0_0_24_0_null_[0, 64, 4, 16, 10, 0]
121_121_54_84_0_29_32_64_0_0_0_0_0_24_0_null_[0, 64, 4, 16, 10, 0]
122_122_54_84_0_29_32_64_0_0_0_0_0_24_0_null_[0, 64, 4, 16, 10, 0]
123_123_54_84_0_29_32_64_0_0_0_0_0_24_0_null_[0, 64, 4, 16, 10, 0]
124_124_54_84_0_29_32_64_0_0_0_0_0_24_0_null_[0, 64, 4, 16, 10, 0]
125_125_54_84_0_29_32_64_0_0_0_0_0_24_0_null_[0, 64, 4, 16, 10, 0]
126_126_54_84_0_29_32_64_0_0_0_0_0_24_0_null_[0, 64, 4, 16, 10, 0]
127_127_54_84_0_29_32_64_0_0_0_0_0_24_0_null_[0, 64, 4, 16, 10, 0]
