0_0_56_53_0_32_56_64_0_0_0_0_0_24_0_[0, 64, 2, 46]_[0, 64, 1, 0]
1_1_56_53_0_32_56_64_0_0_0_0_0_24_0_[0, 64, 2, 46]_[0, 64, 1, 0]
2_2_56_53_0_32_56_64_0_0_0_0_0_24_0_[0, 64, 2, 46]_[0, 64, 1, 0]
3_3_56_53_0_32_56_64_0_0_0_0_0_24_0_[0, 64, 2, 46]_[0, 64, 1, 0]
4_4_56_53_0_32_56_64_0_0_0_0_0_24_0_[0, 64, 2, 46]_[0, 64, 1, 0]
5_5_56_53_0_32_56_64_0_0_0_0_0_24_0_[0, 64, 2, 46]_[0, 64, 1, 0]
6_6_56_53_0_32_56_64_0_0_0_0_0_24_0_[0, 64, 2, 46]_[0, 64, 1, 0]
7_7_56_53_0_32_56_64_0_0_0_0_0_24_0_[0, 64, 2, 46]_[0, 64, 1, 0]
8_8_56_53_0_32_56_64_0_0_0_0_0_24_0_[0, 64, 2, 46]_[0, 64, 1, 0]
9_9_56_53_0_32_56_64_0_0_0_0_0_24_0_[0, 64, 2, 46]_[0, 64, 1, 0]
10_10_56_53_0_32_56_64_0_0_0_0_0_24_0_[0, 64, 2, 46]_[0, 64, 1, 0]
11_11_56_53_0_32_56_64_0_0_0_0_0_24_0_[0, 64, 2, 46]_[0, 64, 1, 0]
12_12_56_53_0_32_56_64_0_0_0_0_0_24_0_[0, 64, 2, 46]_[0, 64, 1, 0]
13_13_56_53_0_32_56_64_0_0_0_0_0_24_0_[0, 64, 2, 46]_[0, 64, 1, 0]
14_14_56_53_0_32_56_64_0_0_0_0_0_24_0_[0, 64, 2, 46]_[0, 64, 1, 0]
15_15_56_53_0_32_56_64_0_0_0_0_0_24_0_[0, 64, 2, 46]_[0, 64, 1, 0]
16_16_56_53_0_32_56_64_0_0_0_0_0_24_0_[0, 64, 2, 46]_[0, 64, 1, 0]
17_17_56_53_0_32_56_64_0_0_0_0_0_24_0_[0, 64, 2, 46]_[0, 64, 1, 0]
18_18_56_53_0_32_56_64_0_0_0_0_0_24_0_[0, 64, 2, 46]_[0, 64, 1, 0]
19_19_56_53_0_32_56_64_0_0_0_0_0_24_0_[0, 64, 2, 46]_[0, 64, 1, 0]
20_20_56_53_0_32_56_64_0_0_0_0_0_24_0_[0, 64, 2, 46]_[0, 64, 1, 0]
21_21_56_53_0_32_56_64_0_0_0_0_0_24_0_[0, 64, 2, 46]_[0, 64, 1, 0]
22_22_56_53_0_32_56_64_0_0_0_0_0_24_0_[0, 64, 2, 46]_[0, 64, 1, 0]
23_23_56_53_0_32_56_64_0_0_0_0_0_24_0_[0, 64, 2, 46]_[0, 64, 1, 0]
24_24_56_53_0_32_56_64_0_0_0_0_0_24_0_[0, 64, 2, 46]_[0, 64, 1, 0]
25_25_56_53_0_32_56_64_0_0_0_0_0_24_0_[0, 64, 2, 46]_[0, 64, 1, 0]
26_26_56_53_0_32_56_64_0_0_0_0_0_24_0_[0, 64, 2, 46]_[0, 64, 1, 0]
27_27_56_53_0_32_56_64_0_0_0_0_0_24_0_[0, 64, 2, 46]_[0, 64, 1, 0]
28_28_56_53_0_32_56_64_0_0_0_0_0_24_0_[0, 64, 2, 46]_[0, 64, 1, 0]
29_29_56_53_0_32_56_64_0_0_0_0_0_24_0_[0, 64, 2, 46]_[0, 64, 1, 0]
30_30_56_53_0_32_56_64_0_0_0_0_0_24_0_[0, 64, 2, 46]_[0, 64, 1, 0]
31_31_56_53_0_32_56_64_0_0_0_0_0_24_0_[0, 64, 2, 46]_[0, 64, 1, 0]
32_32_56_53_0_32_56_64_0_0_0_0_0_24_0_[0, 64, 2, 46]_[0, 64, 1, 0]
33_33_56_53_0_32_56_64_0_0_0_0_0_24_0_[0, 64, 2, 46]_[0, 64, 1, 0]
34_34_56_53_0_32_56_64_0_0_0_0_0_24_0_[0, 64, 2, 46]_[0, 64, 1, 0]
35_35_56_53_0_32_56_64_0_0_0_0_0_24_0_[0, 64, 2, 46]_[0, 64, 1, 0]
36_36_56_53_0_32_56_64_0_0_0_0_0_24_0_[0, 64, 2, 46]_[0, 64, 1, 0]
37_37_56_53_0_32_56_64_0_0_0_0_0_24_0_[0, 64, 2, 46]_[0, 64, 1, 0]
38_38_56_53_0_32_56_64_0_0_0_0_0_24_0_[0, 64, 2, 46]_[0, 64, 1, 0]
39_39_56_53_0_32_56_64_0_0_0_0_0_24_0_[0, 64, 2, 46]_[0, 64, 1, 0]
40_40_56_53_0_32_56_64_0_0_0_0_0_24_0_[0, 64, 2, 46]_[0, 64, 1, 0]
41_41_56_53_0_32_56_64_0_0_0_0_0_24_0_[0, 64, 2, 46]_[0, 64, 1, 0]
42_42_56_53_0_32_56_64_0_0_0_0_0_24_0_[0, 64, 2, 46]_[0, 64, 1, 0]
43_43_56_53_0_32_56_64_0_0_0_0_0_24_0_[0, 64, 2, 46]_[0, 64, 1, 0]
44_44_56_53_0_32_56_64_0_0_0_0_0_24_0_[0, 64, 2, 46]_[0, 64, 1, 0]
45_45_56_53_0_32_56_64_0_0_0_0_0_24_0_[0, 64, 2, 46]_[0, 64, 1, 0]
46_46_56_53_0_32_56_64_0_0_0_0_0_24_0_[0, 64, 2, 46]_[0, 64, 1, 0]
47_47_56_53_0_32_56_64_0_0_0_0_0_24_0_[0, 64, 2, 46]_[0, 64, 1, 0]
48_48_56_53_0_32_56_64_0_0_0_0_0_24_0_[0, 64, 2, 46]_[0, 64, 1, 0]
49_49_56_53_0_32_56_64_0_0_0_0_0_24_0_[0, 64, 2, 46]_[0, 64, 1, 0]
50_50_56_53_0_32_56_64_0_0_0_0_0_24_0_[0, 64, 2, 46]_[0, 64, 1, 0]
51_51_56_53_0_32_56_64_0_0_0_0_0_24_0_[0, 64, 2, 46]_[0, 64, 1, 0]
52_52_56_53_0_32_56_64_0_0_0_0_0_24_0_[0, 64, 2, 46]_[0, 64, 1, 0]
53_53_56_53_0_32_56_64_0_0_0_0_0_24_0_[0, 64, 2, 46]_[0, 64, 1, 0]
54_54_57_60_0_32_56_64_0_0_0_0_0_24_0_[0, 64, 2, 46]_[0, 64, 1, 0]
55_55_57_60_0_32_56_64_0_0_0_0_0_24_0_[0, 64, 2, 46]_[0, 64, 1, 0]
56_56_57_60_0_32_56_64_0_0_0_0_0_24_0_[0, 64, 2, 46]_[0, 64, 1, 0]
57_57_57_60_0_32_56_64_0_0_0_0_0_24_0_[0, 64, 2, 46]_[0, 64, 1, 0]
58_58_57_60_0_32_56_64_0_0_0_0_0_24_0_[0, 64, 2, 46]_[0, 64, 1, 0]
59_59_57_60_0_32_56_64_0_0_0_0_0_24_0_[0, 64, 2, 46]_[0, 64, 1, 0]
60_60_57_60_0_32_56_64_0_0_0_0_0_24_0_[0, 64, 2, 46]_[0, 64, 1, 0]
61_61_58_72_0_32_56_64_0_0_0_0_0_24_0_[0, 64, 2, 46]_[0, 64, 1, 0]
62_62_58_72_0_32_56_64_0_0_0_0_0_24_0_[0, 64, 2, 46]_[0, 64, 1, 0]
63_63_58_72_0_32_56_64_0_0_0_0_0_24_0_[0, 64, 2, 46]_[0, 64, 1, 0]
64_64_58_72_0_32_56_64_0_0_0_0_0_24_0_[0, 64, 2, 46]_[0, 64, 1, 0]
65_65_58_72_0_32_56_64_0_0_0_0_0_24_0_[0, 64, 2, 46]_[0, 64, 1, 0]
66_66_58_72_0_32_56_64_0_0_0_0_0_24_0_[0, 64, 2, 46]_[0, 64, 1, 0]
67_67_58_72_0_32_56_64_0_0_0_0_0_24_0_[0, 64, 2, 46]_[0, 64, 1, 0]
68_68_58_72_0_32_56_64_0_0_0_0_0_24_0_[0, 64, 2, 46]_[0, 64, 1, 0]
69_69_58_72_0_32_56_64_0_0_0_0_0_24_0_[0, 64, 2, 46]_[0, 64, 1, 0]
70_70_58_72_0_32_56_64_0_0_0_0_0_24_0_[0, 64, 2, 46]_[0, 64, 1, 0]
71_71_58_72_0_32_56_64_0_0_0_0_0_24_0_[0, 64, 2, 46]_[0, 64, 1, 0]
72_72_58_72_0_32_56_64_0_0_0_0_0_24_0_[0, 64, 2, 46]_[0, 64, 1, 0]
73_73_58_72_0_32_56_64_0_0_0_0_0_24_0_[0, 64, 2, 46]_[0, 64, 1, 0]
74_74_58_72_0_32_56_64_0_0_0_0_0_24_0_[0, 64, 2, 46]_[0, 64, 1, 0]
75_75_58_72_0_32_56_64_0_0_0_0_0_24_0_[0, 64, 2, 46]_[0, 64, 1, 0]
76_76_58_72_0_32_56_64_0_0_0_0_0_24_0_[0, 64, 2, 46]_[0, 64, 1, 0]
77_77_58_72_0_32_56_64_0_0_0_0_0_24_0_[0, 64, 2, 46]_[0, 64, 1, 0]
78_78_58_72_0_32_56_64_0_0_0_0_0_24_0_[0, 64, 2, 46]_[0, 64, 1, 0]
79_79_58_72_0_32_56_64_0_0_0_0_0_24_0_[0, 64, 2, 46]_[0, 64, 1, 0]
80_80_58_72_0_32_56_64_0_0_0_0_0_24_0_[0, 64, 2, 46]_[0, 64, 1, 0]
81_81_58_72_0_32_56_64_0_0_0_0_0_24_0_[0, 64, 2, 46]_[0, 64, 1, 0]
82_82_58_72_0_32_56_64_0_0_0_0_0_24_0_[0, 64, 2, 46]_[0, 64, 1, 0]
83_83_58_72_0_32_56_64_0_0_0_0_0_24_0_[0, 64, 2, 46]_[0, 64, 1, 0]
84_84_59_84_0_32_56_64_0_0_0_0_0_24_0_[0, 64, 2, 46]_[0, 64, 1, 0]
85_85_59_84_0_32_56_64_0_0_0_0_0_24_0_[0, 64, 2, 46]_[0, 64, 1, 0]
86_86_59_84_0_32_56_64_0_0_0_0_0_24_0_[0, 64, 2, 46]_[0, 64, 1, 0]
87_87_59_84_0_32_56_64_0_0_0_0_0_24_0_[0, 64, 2, 46]_[0, 64, 1, 0]
88_88_59_84_0_32_56_64_0_0_0_0_0_24_0_[0, 64, 2, 46]_[0, 64, 1, 0]
89_89_59_84_0_32_56_64_0_0_0_0_0_24_0_[0, 64, 2, 46]_[0, 64, 1, 0]
90_90_59_84_0_32_56_64_0_0_0_0_0_24_0_[0, 64, 2, 46]_[0, 64, 1, 0]
91_91_59_84_0_32_56_64_0_0_0_0_0_24_0_[0, 64, 2, 46]_[0, 64, 1, 0]
92_92_59_84_0_32_56_64_0_0_0_0_0_24_0_[0, 64, 2, 46]_[0, 64, 1, 0]
93_93_59_84_0_32_56_64_0_0_0_0_0_24_0_[0, 64, 2, 46]_[0, 64, 1, 0]
94_94_59_84_0_32_56_64_0_0_0_0_0_24_0_[0, 64, 2, 46]_[0, 64, 1, 0]
95_95_59_84_0_32_56_64_0_0_0_0_0_24_0_[0, 64, 2, 46]_[0, 64, 1, 0]
96_96_59_84_0_32_56_64_0_0_0_0_0_24_0_[0, 64, 2, 46]_[0, 64, 1, 0]
97_97_59_84_0_32_56_64_0_0_0_0_0_24_0_[0, 64, 2, 46]_[0, 64, 1, 0]
98_98_59_84_0_32_56_64_0_0_0_0_0_24_0_[0, 64, 2, 46]_[0, 64, 1, 0]
99_99_59_84_0_32_56_64_0_0_0_0_0_24_0_[0, 64, 2, 46]_[0, 64, 1, 0]
100_100_59_84_0_32_56_64_0_0_0_0_0_24_0_[0, 64, 2, 46]_[0, 64, 1, 0]
101_101_59_84_0_32_56_64_0_0_0_0_0_24_0_[0, 64, 2, 46]_[0, 64, 1, 0]
102_102_59_84_0_32_56_64_0_0_0_0_0_24_0_[0, 64, 2, 46]_[0, 64, 1, 0]
103_103_59_84_0_32_56_64_0_0_0_0_0_24_0_[0, 64, 2, 46]_[0, 64, 1, 0]
104_104_59_84_0_32_56_64_0_0_0_0_0_24_0_[0, 64, 2, 46]_[0, 64, 1, 0]
105_105_59_84_0_32_56_64_0_0_0_0_0_24_0_[0, 64, 2, 46]_[0, 64, 1, 0]
106_106_59_84_0_32_56_64_0_0_0_0_0_24_0_[0, 64, 2, 46]_[0, 64, 1, 0]
107_107_59_84_0_32_56_64_0_0_0_0_0_24_0_[0, 64, 2, 46]_[0, 64, 1, 0]
108_108_59_84_0_32_56_64_0_0_0_0_0_24_0_[0, 64, 2, 46]_[0, 64, 1, 0]
109_109_59_84_0_32_56_64_0_0_0_0_0_24_0_[0, 64, 2, 46]_[0, 64, 1, 0]
110_110_59_84_0_32_56_64_0_0_0_0_0_24_0_[0, 64, 2, 46]_[0, 64, 1, 0]
111_111_59_84_0_32_56_64_0_0_0_0_0_24_0_[0, 64, 2, 46]_[0, 64, 1, 0]
112_112_59_84_0_32_56_64_0_0_0_0_0_24_0_[0, 64, 2, 46]_[0, 64, 1, 0]
113_113_59_84_0_32_56_64_0_0_0_0_0_24_0_[0, 64, 2, 46]_[0, 64, 1, 0]
114_114_59_84_0_32_56_64_0_0_0_0_0_24_0_[0, 64, 2, 46]_[0, 64, 1, 0]
115_115_59_84_0_32_56_64_0_0_0_0_0_24_0_[0, 64, 2, 46]_[0, 64, 1, 0]
116_116_59_84_0_32_56_64_0_0_0_0_0_24_0_[0, 64, 2, 46]_[0, 64, 1, 0]
117_117_59_84_0_32_56_64_0_0_0_0_0_24_0_[0, 64, 2, 46]_[0, 64, 1, 0]
118_118_59_84_0_32_56_64_0_0_0_0_0_24_0_[0, 64, 2, 46]_[0, 64, 1, 0]
119_119_59_84_0_32_56_64_0_0_0_0_0_24_0_[0, 64, 2, 46]_[0, 64, 1, 0]
120_120_59_84_0_32_56_64_0_0_0_0_0_24_0_[0, 64, 2, 46]_[0, 64, 1, 0]
121_121_59_84_0_32_56_64_0_0_0_0_0_24_0_[0, 64, 2, 46]_[0, 64, 1, 0]
122_122_59_84_0_32_56_64_0_0_0_0_0_24_0_[0, 64, 2, 46]_[0, 64, 1, 0]
123_123_59_84_0_32_56_64_0_0_0_0_0_24_0_[0, 64, 2, 46]_[0, 64, 1, 0]
124_124_59_84_0_32_56_64_0_0_0_0_0_24_0_[0, 64, 2, 46]_[0, 64, 1, 0]
125_125_59_84_0_32_56_64_0_0_0_0_0_24_0_[0, 64, 2, 46]_[0, 64, 1, 0]
126_126_59_84_0_32_56_64_0_0_0_0_0_24_0_[0, 64, 2, 46]_[0, 64, 1, 0]
127_127_59_84_0_32_56_64_0_0_0_0_0_24_0_[0, 64, 2, 46]_[0, 64, 1, 0]
