0_0_63_55_0_33_32_64_0_0_0_0_0_24_0_null_[0, 64, 1, 0]
1_1_63_55_0_33_32_64_0_0_0_0_0_24_0_null_[0, 64, 1, 0]
2_2_63_55_0_33_32_64_0_0_0_0_0_24_0_null_[0, 64, 1, 0]
3_3_63_55_0_33_32_64_0_0_0_0_0_24_0_null_[0, 64, 1, 0]
4_4_63_55_0_33_32_64_0_0_0_0_0_24_0_null_[0, 64, 1, 0]
5_5_63_55_0_33_32_64_0_0_0_0_0_24_0_null_[0, 64, 1, 0]
6_6_63_55_0_33_32_64_0_0_0_0_0_24_0_null_[0, 64, 1, 0]
7_7_63_55_0_33_32_64_0_0_0_0_0_24_0_null_[0, 64, 1, 0]
8_8_63_55_0_33_32_64_0_0_0_0_0_24_0_null_[0, 64, 1, 0]
9_9_63_55_0_33_32_64_0_0_0_0_0_24_0_null_[0, 64, 1, 0]
10_10_63_55_0_33_32_64_0_0_0_0_0_24_0_null_[0, 64, 1, 0]
11_11_63_55_0_33_32_64_0_0_0_0_0_24_0_null_[0, 64, 1, 0]
12_12_63_55_0_33_32_64_0_0_0_0_0_24_0_null_[0, 64, 1, 0]
13_13_63_55_0_33_32_64_0_0_0_0_0_24_0_null_[0, 64, 1, 0]
14_14_63_55_0_33_32_64_0_0_0_0_0_24_0_null_[0, 64, 1, 0]
15_15_63_55_0_33_32_64_0_0_0_0_0_24_0_null_[0, 64, 1, 0]
16_16_63_55_0_33_32_64_0_0_0_0_0_24_0_null_[0, 64, 1, 0]
17_17_63_55_0_33_32_64_0_0_0_0_0_24_0_null_[0, 64, 1, 0]
18_18_63_55_0_33_32_64_0_0_0_0_0_24_0_null_[0, 64, 1, 0]
19_19_63_55_0_33_32_64_0_0_0_0_0_24_0_null_[0, 64, 1, 0]
20_20_63_55_0_33_32_64_0_0_0_0_0_24_0_null_[0, 64, 1, 0]
21_21_63_55_0_33_32_64_0_0_0_0_0_24_0_null_[0, 64, 1, 0]
22_22_63_55_0_33_32_64_0_0_0_0_0_24_0_null_[0, 64, 1, 0]
23_23_63_55_0_33_32_64_0_0_0_0_0_24_0_null_[0, 64, 1, 0]
24_24_63_55_0_33_32_64_0_0_0_0_0_24_0_null_[0, 64, 1, 0]
25_25_63_55_0_33_32_64_0_0_0_0_0_24_0_null_[0, 64, 1, 0]
26_26_63_55_0_33_32_64_0_0_0_0_0_24_0_null_[0, 64, 1, 0]
27_27_63_55_0_33_32_64_0_0_0_0_0_24_0_null_[0, 64, 1, 0]
28_28_63_55_0_33_32_64_0_0_0_0_0_24_0_null_[0, 64, 1, 0]
29_29_63_55_0_33_32_64_0_0_0_0_0_24_0_null_[0, 64, 1, 0]
30_30_63_55_0_33_32_64_0_0_0_0_0_24_0_null_[0, 64, 1, 0]
31_31_63_55_0_33_32_64_0_0_0_0_0_24_0_null_[0, 64, 1, 0]
32_32_63_55_0_33_32_64_0_0_0_0_0_24_0_null_[0, 64, 1, 0]
33_33_63_55_0_33_32_64_0_0_0_0_0_24_0_null_[0, 64, 1, 0]
34_34_63_55_0_33_32_64_0_0_0_0_0_24_0_null_[0, 64, 1, 0]
35_35_63_55_0_33_32_64_0_0_0_0_0_24_0_null_[0, 64, 1, 0]
36_36_63_55_0_33_32_64_0_0_0_0_0_24_0_null_[0, 64, 1, 0]
37_37_63_55_0_33_32_64_0_0_0_0_0_24_0_null_[0, 64, 1, 0]
38_38_63_55_0_33_32_64_0_0_0_0_0_24_0_null_[0, 64, 1, 0]
39_39_63_55_0_33_32_64_0_0_0_0_0_24_0_null_[0, 64, 1, 0]
40_40_63_55_0_33_32_64_0_0_0_0_0_24_0_null_[0, 64, 1, 0]
41_41_63_55_0_33_32_64_0_0_0_0_0_24_0_null_[0, 64, 1, 0]
42_42_63_55_0_33_32_64_0_0_0_0_0_24_0_null_[0, 64, 1, 0]
43_43_63_55_0_33_32_64_0_0_0_0_0_24_0_null_[0, 64, 1, 0]
44_44_63_55_0_33_32_64_0_0_0_0_0_24_0_null_[0, 64, 1, 0]
45_45_63_55_0_33_32_64_0_0_0_0_0_24_0_null_[0, 64, 1, 0]
46_46_63_55_0_33_32_64_0_0_0_0_0_24_0_null_[0, 64, 1, 0]
47_47_63_55_0_33_32_64_0_0_0_0_0_24_0_null_[0, 64, 1, 0]
48_48_63_55_0_33_32_64_0_0_0_0_0_24_0_null_[0, 64, 1, 0]
49_49_63_55_0_33_32_64_0_0_0_0_0_24_0_null_[0, 64, 1, 0]
50_50_63_55_0_33_32_64_0_0_0_0_0_24_0_null_[0, 64, 1, 0]
51_51_63_55_0_33_32_64_0_0_0_0_0_24_0_null_[0, 64, 1, 0]
52_52_63_55_0_33_32_64_0_0_0_0_0_24_0_null_[0, 64, 1, 0]
53_53_63_55_0_33_32_64_0_0_0_0_0_24_0_null_[0, 64, 1, 0]
54_54_63_55_0_33_32_64_0_0_0_0_0_24_0_null_[0, 64, 1, 0]
55_55_63_55_0_33_32_64_0_0_0_0_0_24_0_null_[0, 64, 1, 0]
56_56_63_55_0_33_32_64_0_0_0_0_0_24_0_null_[0, 64, 1, 0]
57_57_63_55_0_33_32_64_0_0_0_0_0_24_0_null_[0, 64, 1, 0]
58_58_63_55_0_33_32_64_0_0_0_0_0_24_0_null_[0, 64, 1, 0]
59_59_63_55_0_33_32_64_0_0_0_0_0_24_0_null_[0, 64, 1, 0]
60_60_63_55_0_33_32_64_0_0_0_0_0_24_0_null_[0, 64, 1, 0]
61_61_63_55_0_33_32_64_0_0_0_0_0_24_0_null_[0, 64, 1, 0]
62_62_63_55_0_33_32_64_0_0_0_0_0_24_0_null_[0, 64, 1, 0]
63_63_63_55_0_33_32_64_0_0_0_0_0_24_0_null_[0, 64, 1, 0]
64_64_63_55_0_33_32_64_0_0_0_0_0_24_0_null_[0, 64, 1, 0]
65_65_63_55_0_33_32_64_0_0_0_0_0_24_0_null_[0, 64, 1, 0]
66_66_63_55_0_33_32_64_0_0_0_0_0_24_0_null_[0, 64, 1, 0]
67_67_63_55_0_33_32_64_0_0_0_0_0_24_0_null_[0, 64, 1, 0]
68_68_63_55_0_33_32_64_0_0_0_0_0_24_0_null_[0, 64, 1, 0]
69_69_63_55_0_33_32_64_0_0_0_0_0_24_0_null_[0, 64, 1, 0]
70_70_63_55_0_33_32_64_0_0_0_0_0_24_0_null_[0, 64, 1, 0]
71_71_64_71_0_33_32_64_0_0_0_0_0_24_0_null_[0, 64, 1, 0]
72_72_64_71_0_33_32_64_0_0_0_0_0_24_0_null_[0, 64, 1, 0]
73_73_64_71_0_33_32_64_0_0_0_0_0_24_0_null_[0, 64, 1, 0]
74_74_64_71_0_33_32_64_0_0_0_0_0_24_0_null_[0, 64, 1, 0]
75_75_64_71_0_33_32_64_0_0_0_0_0_24_0_null_[0, 64, 1, 0]
76_76_64_71_0_33_32_64_0_0_0_0_0_24_0_null_[0, 64, 1, 0]
77_77_64_71_0_33_32_64_0_0_0_0_0_24_0_null_[0, 64, 1, 0]
78_78_64_71_0_33_32_64_0_0_0_0_0_24_0_null_[0, 64, 1, 0]
79_79_64_71_0_33_32_64_0_0_0_0_0_24_0_null_[0, 64, 1, 0]
80_80_64_71_0_33_32_64_0_0_0_0_0_24_0_null_[0, 64, 1, 0]
81_81_64_71_0_33_32_64_0_0_0_0_0_24_0_null_[0, 64, 1, 0]
82_82_64_71_0_33_32_64_0_0_0_0_0_24_0_null_[0, 64, 1, 0]
83_83_65_83_0_33_32_64_0_0_0_0_0_24_0_null_[0, 64, 1, 0]
84_84_65_83_0_33_32_64_0_0_0_0_0_24_0_null_[0, 64, 1, 0]
85_85_65_83_0_33_32_64_0_0_0_0_0_24_0_null_[0, 64, 1, 0]
86_86_65_83_0_33_32_64_0_0_0_0_0_24_0_null_[0, 64, 1, 0]
87_87_65_83_0_33_32_64_0_0_0_0_0_24_0_null_[0, 64, 1, 0]
88_88_65_83_0_33_32_64_0_0_0_0_0_24_0_null_[0, 64, 1, 0]
89_89_65_83_0_33_32_64_0_0_0_0_0_24_0_null_[0, 64, 1, 0]
90_90_65_83_0_33_32_64_0_0_0_0_0_24_0_null_[0, 64, 1, 0]
91_91_65_83_0_33_32_64_0_0_0_0_0_24_0_null_[0, 64, 1, 0]
92_92_65_83_0_33_32_64_0_0_0_0_0_24_0_null_[0, 64, 1, 0]
93_93_65_83_0_33_32_64_0_0_0_0_0_24_0_null_[0, 64, 1, 0]
94_94_65_83_0_33_32_64_0_0_0_0_0_24_0_null_[0, 64, 1, 0]
95_95_65_83_0_33_32_64_0_0_0_0_0_24_0_null_[0, 64, 1, 0]
96_96_65_83_0_33_32_64_0_0_0_0_0_24_0_null_[0, 64, 1, 0]
97_97_65_83_0_33_32_64_0_0_0_0_0_24_0_null_[0, 64, 1, 0]
98_98_65_83_0_33_32_64_0_0_0_0_0_24_0_null_[0, 64, 1, 0]
99_99_65_83_0_33_32_64_0_0_0_0_0_24_0_null_[0, 64, 1, 0]
100_100_65_83_0_33_32_64_0_0_0_0_0_24_0_null_[0, 64, 1, 0]
101_101_65_83_0_33_32_64_0_0_0_0_0_24_0_null_[0, 64, 1, 0]
102_102_65_83_0_33_32_64_0_0_0_0_0_24_0_null_[0, 64, 1, 0]
103_103_65_83_0_33_32_64_0_0_0_0_0_24_0_null_[0, 64, 1, 0]
104_104_65_83_0_33_32_64_0_0_0_0_0_24_0_null_[0, 64, 1, 0]
105_105_65_83_0_33_32_64_0_0_0_0_0_24_0_null_[0, 64, 1, 0]
106_106_65_83_0_33_32_64_0_0_0_0_0_24_0_null_[0, 64, 1, 0]
107_107_65_83_0_33_32_64_0_0_0_0_0_24_0_null_[0, 64, 1, 0]
108_108_65_83_0_33_32_64_0_0_0_0_0_24_0_null_[0, 64, 1, 0]
109_109_65_83_0_33_32_64_0_0_0_0_0_24_0_null_[0, 64, 1, 0]
110_110_65_83_0_33_32_64_0_0_0_0_0_24_0_null_[0, 64, 1, 0]
111_111_65_83_0_33_32_64_0_0_0_0_0_24_0_null_[0, 64, 1, 0]
112_112_65_83_0_33_32_64_0_0_0_0_0_24_0_null_[0, 64, 1, 0]
113_113_65_83_0_33_32_64_0_0_0_0_0_24_0_null_[0, 64, 1, 0]
114_114_65_83_0_33_32_64_0_0_0_0_0_24_0_null_[0, 64, 1, 0]
115_115_65_83_0_33_32_64_0_0_0_0_0_24_0_null_[0, 64, 1, 0]
116_116_65_83_0_33_32_64_0_0_0_0_0_24_0_null_[0, 64, 1, 0]
117_117_65_83_0_33_32_64_0_0_0_0_0_24_0_null_[0, 64, 1, 0]
118_118_65_83_0_33_32_64_0_0_0_0_0_24_0_null_[0, 64, 1, 0]
119_119_65_83_0_33_32_64_0_0_0_0_0_24_0_null_[0, 64, 1, 0]
120_120_65_83_0_33_32_64_0_0_0_0_0_24_0_null_[0, 64, 1, 0]
121_121_65_83_0_33_32_64_0_0_0_0_0_24_0_null_[0, 64, 1, 0]
122_122_65_83_0_33_32_64_0_0_0_0_0_24_0_null_[0, 64, 1, 0]
123_123_65_83_0_33_32_64_0_0_0_0_0_24_0_null_[0, 64, 1, 0]
124_124_65_83_0_33_32_64_0_0_0_0_0_24_0_null_[0, 64, 1, 0]
125_125_65_83_0_33_32_64_0_0_0_0_0_24_0_null_[0, 64, 1, 0]
126_126_65_83_0_33_32_64_0_0_0_0_0_24_0_null_[0, 64, 1, 0]
127_127_65_83_0_33_32_64_0_0_0_0_0_24_0_null_[0, 64, 1, 0]
