0_0_566_23_0_44_32_64_0_0_0_0_0_24_0_[0, 0, 3, 64]_[0, 64, 3, 33, 8, 8, 15, 0]
1_1_566_23_0_44_32_64_0_0_0_0_0_24_0_[0, 0, 3, 64]_[0, 64, 3, 33, 8, 8, 15, 0]
2_2_566_23_0_44_32_64_0_0_0_0_0_24_0_[0, 0, 3, 64]_[0, 64, 3, 33, 8, 8, 15, 0]
3_3_566_23_0_44_32_64_0_0_0_0_0_24_0_[0, 0, 3, 64]_[0, 64, 3, 33, 8, 8, 15, 0]
4_4_566_23_0_44_32_64_0_0_0_0_0_24_0_[0, 0, 3, 64]_[0, 64, 3, 33, 8, 8, 15, 0]
5_5_566_23_0_44_32_64_0_0_0_0_0_24_0_[0, 0, 3, 64]_[0, 64, 3, 33, 8, 8, 15, 0]
6_6_566_23_0_44_32_64_0_0_0_0_0_24_0_[0, 0, 3, 64]_[0, 64, 3, 33, 8, 8, 15, 0]
7_7_566_23_0_44_32_64_0_0_0_0_0_24_0_[0, 0, 3, 64]_[0, 64, 3, 33, 8, 8, 15, 0]
8_8_566_23_0_44_32_64_0_0_0_0_0_24_0_[0, 0, 3, 64]_[0, 64, 3, 33, 8, 8, 15, 0]
9_9_566_23_0_44_32_64_0_0_0_0_0_24_0_[0, 0, 3, 64]_[0, 64, 3, 33, 8, 8, 15, 0]
10_10_566_23_0_44_32_64_0_0_0_0_0_24_0_[0, 0, 3, 64]_[0, 64, 3, 33, 8, 8, 15, 0]
11_11_566_23_0_44_32_64_0_0_0_0_0_24_0_[0, 0, 3, 64]_[0, 64, 3, 33, 8, 8, 15, 0]
12_12_566_23_0_44_32_64_0_0_0_0_0_24_0_[0, 0, 3, 64]_[0, 64, 3, 33, 8, 8, 15, 0]
13_13_566_23_0_44_32_64_0_0_0_0_0_24_0_[0, 0, 3, 64]_[0, 64, 3, 33, 8, 8, 15, 0]
14_14_566_23_0_44_32_64_0_0_0_0_0_24_0_[0, 0, 3, 64]_[0, 64, 3, 33, 8, 8, 15, 0]
15_15_566_23_0_44_32_64_0_0_0_0_0_24_0_[0, 0, 3, 64]_[0, 64, 3, 33, 8, 8, 15, 0]
16_16_566_23_0_44_32_64_0_0_0_0_0_24_0_[0, 0, 3, 64]_[0, 64, 3, 33, 8, 8, 15, 0]
17_17_566_23_0_44_32_64_0_0_0_0_0_24_0_[0, 0, 3, 64]_[0, 64, 3, 33, 8, 8, 15, 0]
18_18_566_23_0_44_32_64_0_0_0_0_0_24_0_[0, 0, 3, 64]_[0, 64, 3, 33, 8, 8, 15, 0]
19_19_566_23_0_44_32_64_0_0_0_0_0_24_0_[0, 0, 3, 64]_[0, 64, 3, 33, 8, 8, 15, 0]
20_20_566_23_0_44_32_64_0_0_0_0_0_24_0_[0, 0, 3, 64]_[0, 64, 3, 33, 8, 8, 15, 0]
21_21_566_23_0_44_32_64_0_0_0_0_0_24_0_[0, 0, 3, 64]_[0, 64, 3, 33, 8, 8, 15, 0]
22_22_566_23_0_44_32_64_0_0_0_0_0_24_0_[0, 0, 3, 64]_[0, 64, 3, 33, 8, 8, 15, 0]
23_23_566_23_0_44_32_64_0_0_0_0_0_24_0_[0, 0, 3, 64]_[0, 64, 3, 33, 8, 8, 15, 0]
24_24_574_25_0_44_32_64_0_0_0_0_0_24_0_[0, 0, 3, 64]_[0, 64, 3, 33, 8, 8, 15, 0]
25_25_574_25_0_44_32_64_0_0_0_0_0_24_0_[0, 0, 3, 64]_[0, 64, 3, 33, 8, 8, 15, 0]
26_26_575_26_0_44_32_64_0_0_0_0_0_24_0_[0, 0, 3, 64]_[0, 64, 3, 33, 8, 8, 15, 0]
27_27_575_26_0_44_32_64_0_0_0_0_0_24_0_[0, 0, 3, 64]_[0, 64, 3, 33, 8, 8, 15, 0]
28_28_576_28_0_44_32_64_0_0_0_0_0_24_0_[0, 0, 3, 64]_[0, 64, 3, 33, 8, 8, 15, 0]
29_29_576_28_0_44_32_64_0_0_0_0_0_24_0_[0, 0, 3, 64]_[0, 64, 3, 33, 8, 8, 15, 0]
30_30_578_30_0_44_32_64_0_0_0_0_0_24_0_[0, 0, 3, 64]_[0, 64, 3, 33, 8, 8, 15, 0]
31_31_583_31_0_44_32_64_0_0_0_0_0_24_0_[0, 0, 3, 64]_[0, 64, 3, 33, 8, 8, 15, 0]
32_32_583_31_0_44_32_64_0_0_0_0_0_24_0_[0, 0, 3, 64]_[0, 64, 3, 33, 8, 8, 15, 0]
33_33_591_33_0_44_32_64_0_0_0_0_0_24_0_[0, 0, 3, 64]_[0, 64, 3, 33, 8, 8, 15, 0]
34_34_591_33_0_44_32_64_0_0_0_0_0_24_0_[0, 0, 3, 64]_[0, 64, 3, 33, 8, 8, 15, 0]
35_35_601_35_0_44_37_64_0_0_0_0_0_24_0_[0, 0, 3, 64]_[0, 64, 3, 33, 8, 8, 15, 0]
36_36_601_35_0_44_37_64_0_0_0_0_0_24_0_[0, 0, 3, 64]_[0, 64, 3, 33, 8, 8, 15, 0]
37_37_602_37_0_44_35_64_0_0_0_0_0_24_0_[0, 0, 3, 64]_[0, 64, 3, 33, 8, 8, 15, 0]
38_38_626_38_0_44_32_64_0_0_0_0_0_24_0_[0, 0, 3, 64]_[0, 64, 3, 33, 8, 8, 15, 0]
39_39_626_38_0_44_32_64_0_0_0_0_0_24_0_[0, 0, 3, 64]_[0, 64, 3, 33, 8, 8, 15, 0]
40_40_628_40_0_44_31_64_0_0_0_0_0_24_0_[0, 0, 3, 64]_[0, 64, 3, 33, 8, 8, 15, 0]
41_41_628_40_0_44_31_64_0_0_0_0_0_24_0_[0, 0, 3, 64]_[0, 64, 3, 33, 8, 8, 15, 0]
42_42_629_42_0_44_32_64_0_0_0_0_0_24_0_[0, 0, 3, 64]_[0, 64, 3, 33, 8, 8, 15, 0]
43_43_631_43_0_44_32_64_0_0_0_0_0_24_0_[0, 0, 3, 64]_[0, 64, 3, 33, 8, 8, 15, 0]
44_44_631_43_0_44_32_64_0_0_0_0_0_24_0_[0, 0, 3, 64]_[0, 64, 3, 33, 8, 8, 15, 0]
45_45_633_45_0_44_32_64_0_0_0_0_0_24_0_[0, 0, 3, 64]_[0, 64, 3, 33, 8, 8, 15, 0]
46_46_633_45_0_44_32_64_0_0_0_0_0_24_0_[0, 0, 3, 64]_[0, 64, 3, 33, 8, 8, 15, 0]
47_47_636_47_0_44_32_64_0_0_0_0_0_24_0_[0, 0, 3, 64]_[0, 64, 3, 33, 8, 8, 15, 0]
48_48_636_47_0_44_32_64_0_0_0_0_0_24_0_[0, 0, 3, 64]_[0, 64, 3, 33, 8, 8, 15, 0]
49_49_636_47_0_44_32_64_0_0_0_0_0_24_0_[0, 0, 3, 64]_[0, 64, 3, 33, 8, 8, 15, 0]
50_50_636_47_0_44_32_64_0_0_0_0_0_24_0_[0, 0, 3, 64]_[0, 64, 3, 33, 8, 8, 15, 0]
51_51_636_47_0_44_32_64_0_0_0_0_0_24_0_[0, 0, 3, 64]_[0, 64, 3, 33, 8, 8, 15, 0]
52_52_636_47_0_44_32_64_0_0_0_0_0_24_0_[0, 0, 3, 64]_[0, 64, 3, 33, 8, 8, 15, 0]
53_53_636_47_0_44_32_64_0_0_0_0_0_24_0_[0, 0, 3, 64]_[0, 64, 3, 33, 8, 8, 15, 0]
54_54_636_47_0_44_32_64_0_0_0_0_0_24_0_[0, 0, 3, 64]_[0, 64, 3, 33, 8, 8, 15, 0]
55_55_636_47_0_44_32_64_0_0_0_0_0_24_0_[0, 0, 3, 64]_[0, 64, 3, 33, 8, 8, 15, 0]
56_56_636_47_0_44_32_64_0_0_0_0_0_24_0_[0, 0, 3, 64]_[0, 64, 3, 33, 8, 8, 15, 0]
57_57_636_47_0_44_32_64_0_0_0_0_0_24_0_[0, 0, 3, 64]_[0, 64, 3, 33, 8, 8, 15, 0]
58_58_636_47_0_44_32_64_0_0_0_0_0_24_0_[0, 0, 3, 64]_[0, 64, 3, 33, 8, 8, 15, 0]
59_59_636_47_0_44_32_64_0_0_0_0_0_24_0_[0, 0, 3, 64]_[0, 64, 3, 33, 8, 8, 15, 0]
60_60_636_47_0_44_32_64_0_0_0_0_0_24_0_[0, 0, 3, 64]_[0, 64, 3, 33, 8, 8, 15, 0]
61_61_636_47_0_44_32_64_0_0_0_0_0_24_0_[0, 0, 3, 64]_[0, 64, 3, 33, 8, 8, 15, 0]
62_62_636_47_0_44_32_64_0_0_0_0_0_24_0_[0, 0, 3, 64]_[0, 64, 3, 33, 8, 8, 15, 0]
63_63_636_47_0_44_32_64_0_0_0_0_0_24_0_[0, 0, 3, 64]_[0, 64, 3, 33, 8, 8, 15, 0]
64_64_636_47_0_44_32_64_0_0_0_0_0_24_0_[0, 0, 3, 64]_[0, 64, 3, 33, 8, 8, 15, 0]
65_65_636_47_0_44_32_64_0_0_0_0_0_24_0_[0, 0, 3, 64]_[0, 64, 3, 33, 8, 8, 15, 0]
66_66_636_47_0_44_32_64_0_0_0_0_0_24_0_[0, 0, 3, 64]_[0, 64, 3, 33, 8, 8, 15, 0]
67_67_636_47_0_44_32_64_0_0_0_0_0_24_0_[0, 0, 3, 64]_[0, 64, 3, 33, 8, 8, 15, 0]
68_68_636_47_0_44_32_64_0_0_0_0_0_24_0_[0, 0, 3, 64]_[0, 64, 3, 33, 8, 8, 15, 0]
69_69_636_47_0_44_32_64_0_0_0_0_0_24_0_[0, 0, 3, 64]_[0, 64, 3, 33, 8, 8, 15, 0]
70_70_636_47_0_44_32_64_0_0_0_0_0_24_0_[0, 0, 3, 64]_[0, 64, 3, 33, 8, 8, 15, 0]
71_71_636_47_0_44_32_64_0_0_0_0_0_24_0_[0, 0, 3, 64]_[0, 64, 3, 33, 8, 8, 15, 0]
72_72_636_47_0_44_32_64_0_0_0_0_0_24_0_[0, 0, 3, 64]_[0, 64, 3, 33, 8, 8, 15, 0]
73_73_636_47_0_44_32_64_0_0_0_0_0_24_0_[0, 0, 3, 64]_[0, 64, 3, 33, 8, 8, 15, 0]
74_74_636_47_0_44_32_64_0_0_0_0_0_24_0_[0, 0, 3, 64]_[0, 64, 3, 33, 8, 8, 15, 0]
75_75_636_47_0_44_32_64_0_0_0_0_0_24_0_[0, 0, 3, 64]_[0, 64, 3, 33, 8, 8, 15, 0]
76_76_636_47_0_44_32_64_0_0_0_0_0_24_0_[0, 0, 3, 64]_[0, 64, 3, 33, 8, 8, 15, 0]
77_77_636_47_0_44_32_64_0_0_0_0_0_24_0_[0, 0, 3, 64]_[0, 64, 3, 33, 8, 8, 15, 0]
78_78_636_47_0_44_32_64_0_0_0_0_0_24_0_[0, 0, 3, 64]_[0, 64, 3, 33, 8, 8, 15, 0]
79_79_636_47_0_44_32_64_0_0_0_0_0_24_0_[0, 0, 3, 64]_[0, 64, 3, 33, 8, 8, 15, 0]
80_80_636_47_0_44_32_64_0_0_0_0_0_24_0_[0, 0, 3, 64]_[0, 64, 3, 33, 8, 8, 15, 0]
81_81_636_47_0_44_32_64_0_0_0_0_0_24_0_[0, 0, 3, 64]_[0, 64, 3, 33, 8, 8, 15, 0]
82_82_636_47_0_44_32_64_0_0_0_0_0_24_0_[0, 0, 3, 64]_[0, 64, 3, 33, 8, 8, 15, 0]
83_83_636_47_0_44_32_64_0_0_0_0_0_24_0_[0, 0, 3, 64]_[0, 64, 3, 33, 8, 8, 15, 0]
84_84_636_47_0_44_32_64_0_0_0_0_0_24_0_[0, 0, 3, 64]_[0, 64, 3, 33, 8, 8, 15, 0]
85_85_636_47_0_44_32_64_0_0_0_0_0_24_0_[0, 0, 3, 64]_[0, 64, 3, 33, 8, 8, 15, 0]
86_86_636_47_0_44_32_64_0_0_0_0_0_24_0_[0, 0, 3, 64]_[0, 64, 3, 33, 8, 8, 15, 0]
87_87_636_47_0_44_32_64_0_0_0_0_0_24_0_[0, 0, 3, 64]_[0, 64, 3, 33, 8, 8, 15, 0]
88_88_636_47_0_44_32_64_0_0_0_0_0_24_0_[0, 0, 3, 64]_[0, 64, 3, 33, 8, 8, 15, 0]
89_89_636_47_0_44_32_64_0_0_0_0_0_24_0_[0, 0, 3, 64]_[0, 64, 3, 33, 8, 8, 15, 0]
90_90_636_47_0_44_32_64_0_0_0_0_0_24_0_[0, 0, 3, 64]_[0, 64, 3, 33, 8, 8, 15, 0]
91_91_636_47_0_44_32_64_0_0_0_0_0_24_0_[0, 0, 3, 64]_[0, 64, 3, 33, 8, 8, 15, 0]
92_92_636_47_0_44_32_64_0_0_0_0_0_24_0_[0, 0, 3, 64]_[0, 64, 3, 33, 8, 8, 15, 0]
93_93_636_47_0_44_32_64_0_0_0_0_0_24_0_[0, 0, 3, 64]_[0, 64, 3, 33, 8, 8, 15, 0]
94_94_636_47_0_44_32_64_0_0_0_0_0_24_0_[0, 0, 3, 64]_[0, 64, 3, 33, 8, 8, 15, 0]
95_95_636_47_0_44_32_64_0_0_0_0_0_24_0_[0, 0, 3, 64]_[0, 64, 3, 33, 8, 8, 15, 0]
96_96_636_47_0_44_32_64_0_0_0_0_0_24_0_[0, 0, 3, 64]_[0, 64, 3, 33, 8, 8, 15, 0]
97_97_636_47_0_44_32_64_0_0_0_0_0_24_0_[0, 0, 3, 64]_[0, 64, 3, 33, 8, 8, 15, 0]
98_98_636_47_0_44_32_64_0_0_0_0_0_24_0_[0, 0, 3, 64]_[0, 64, 3, 33, 8, 8, 15, 0]
99_99_636_47_0_44_32_64_0_0_0_0_0_24_0_[0, 0, 3, 64]_[0, 64, 3, 33, 8, 8, 15, 0]
100_100_636_47_0_44_32_64_0_0_0_0_0_24_0_[0, 0, 3, 64]_[0, 64, 3, 33, 8, 8, 15, 0]
101_101_636_47_0_44_32_64_0_0_0_0_0_24_0_[0, 0, 3, 64]_[0, 64, 3, 33, 8, 8, 15, 0]
102_102_636_47_0_44_32_64_0_0_0_0_0_24_0_[0, 0, 3, 64]_[0, 64, 3, 33, 8, 8, 15, 0]
103_103_636_47_0_44_32_64_0_0_0_0_0_24_0_[0, 0, 3, 64]_[0, 64, 3, 33, 8, 8, 15, 0]
104_104_636_47_0_44_32_64_0_0_0_0_0_24_0_[0, 0, 3, 64]_[0, 64, 3, 33, 8, 8, 15, 0]
105_105_636_47_0_44_32_64_0_0_0_0_0_24_0_[0, 0, 3, 64]_[0, 64, 3, 33, 8, 8, 15, 0]
106_106_636_47_0_44_32_64_0_0_0_0_0_24_0_[0, 0, 3, 64]_[0, 64, 3, 33, 8, 8, 15, 0]
107_107_636_47_0_44_32_64_0_0_0_0_0_24_0_[0, 0, 3, 64]_[0, 64, 3, 33, 8, 8, 15, 0]
108_108_636_47_0_44_32_64_0_0_0_0_0_24_0_[0, 0, 3, 64]_[0, 64, 3, 33, 8, 8, 15, 0]
109_109_636_47_0_44_32_64_0_0_0_0_0_24_0_[0, 0, 3, 64]_[0, 64, 3, 33, 8, 8, 15, 0]
110_110_636_47_0_44_32_64_0_0_0_0_0_24_0_[0, 0, 3, 64]_[0, 64, 3, 33, 8, 8, 15, 0]
111_111_636_47_0_44_32_64_0_0_0_0_0_24_0_[0, 0, 3, 64]_[0, 64, 3, 33, 8, 8, 15, 0]
112_112_636_47_0_44_32_64_0_0_0_0_0_24_0_[0, 0, 3, 64]_[0, 64, 3, 33, 8, 8, 15, 0]
113_113_636_47_0_44_32_64_0_0_0_0_0_24_0_[0, 0, 3, 64]_[0, 64, 3, 33, 8, 8, 15, 0]
114_114_636_47_0_44_32_64_0_0_0_0_0_24_0_[0, 0, 3, 64]_[0, 64, 3, 33, 8, 8, 15, 0]
115_115_636_47_0_44_32_64_0_0_0_0_0_24_0_[0, 0, 3, 64]_[0, 64, 3, 33, 8, 8, 15, 0]
116_116_636_47_0_44_32_64_0_0_0_0_0_24_0_[0, 0, 3, 64]_[0, 64, 3, 33, 8, 8, 15, 0]
117_117_636_47_0_44_32_64_0_0_0_0_0_24_0_[0, 0, 3, 64]_[0, 64, 3, 33, 8, 8, 15, 0]
118_118_636_47_0_44_32_64_0_0_0_0_0_24_0_[0, 0, 3, 64]_[0, 64, 3, 33, 8, 8, 15, 0]
119_119_636_47_0_44_32_64_0_0_0_0_0_24_0_[0, 0, 3, 64]_[0, 64, 3, 33, 8, 8, 15, 0]
120_120_636_47_0_44_32_64_0_0_0_0_0_24_0_[0, 0, 3, 64]_[0, 64, 3, 33, 8, 8, 15, 0]
121_121_636_47_0_44_32_64_0_0_0_0_0_24_0_[0, 0, 3, 64]_[0, 64, 3, 33, 8, 8, 15, 0]
122_122_636_47_0_44_32_64_0_0_0_0_0_24_0_[0, 0, 3, 64]_[0, 64, 3, 33, 8, 8, 15, 0]
123_123_636_47_0_44_32_64_0_0_0_0_0_24_0_[0, 0, 3, 64]_[0, 64, 3, 33, 8, 8, 15, 0]
124_124_636_47_0_44_32_64_0_0_0_0_0_24_0_[0, 0, 3, 64]_[0, 64, 3, 33, 8, 8, 15, 0]
125_125_636_47_0_44_32_64_0_0_0_0_0_24_0_[0, 0, 3, 64]_[0, 64, 3, 33, 8, 8, 15, 0]
126_126_636_47_0_44_32_64_0_0_0_0_0_24_0_[0, 0, 3, 64]_[0, 64, 3, 33, 8, 8, 15, 0]
127_127_636_47_0_44_32_64_0_0_0_0_0_24_0_[0, 0, 3, 64]_[0, 64, 3, 33, 8, 8, 15, 0]
