0_0_407_24_0_57_23_64_0_0_0_0_0_24_0_[0, 0, 7, 64]_[0, 64, 6, 38, 13, 24, 21, 12, 30, 6, 38, 3, 51, 0]
1_1_407_24_0_57_23_64_0_0_0_0_0_24_0_[0, 0, 7, 64]_[0, 64, 6, 38, 13, 24, 21, 12, 30, 6, 38, 3, 51, 0]
2_2_407_24_0_57_23_64_0_0_0_0_0_24_0_[0, 0, 7, 64]_[0, 64, 6, 38, 13, 24, 21, 12, 30, 6, 38, 3, 51, 0]
3_3_407_24_0_57_23_64_0_0_0_0_0_24_0_[0, 0, 7, 64]_[0, 64, 6, 38, 13, 24, 21, 12, 30, 6, 38, 3, 51, 0]
4_4_407_24_0_57_23_64_0_0_0_0_0_24_0_[0, 0, 7, 64]_[0, 64, 6, 38, 13, 24, 21, 12, 30, 6, 38, 3, 51, 0]
5_5_407_24_0_57_23_64_0_0_0_0_0_24_0_[0, 0, 7, 64]_[0, 64, 6, 38, 13, 24, 21, 12, 30, 6, 38, 3, 51, 0]
6_6_407_24_0_57_23_64_0_0_0_0_0_24_0_[0, 0, 7, 64]_[0, 64, 6, 38, 13, 24, 21, 12, 30, 6, 38, 3, 51, 0]
7_7_407_24_0_57_23_64_0_0_0_0_0_24_0_[0, 0, 7, 64]_[0, 64, 6, 38, 13, 24, 21, 12, 30, 6, 38, 3, 51, 0]
8_8_407_24_0_57_23_64_0_0_0_0_0_24_0_[0, 0, 7, 64]_[0, 64, 6, 38, 13, 24, 21, 12, 30, 6, 38, 3, 51, 0]
9_9_407_24_0_57_23_64_0_0_0_0_0_24_0_[0, 0, 7, 64]_[0, 64, 6, 38, 13, 24, 21, 12, 30, 6, 38, 3, 51, 0]
10_10_407_24_0_57_23_64_0_0_0_0_0_24_0_[0, 0, 7, 64]_[0, 64, 6, 38, 13, 24, 21, 12, 30, 6, 38, 3, 51, 0]
11_11_407_24_0_57_23_64_0_0_0_0_0_24_0_[0, 0, 7, 64]_[0, 64, 6, 38, 13, 24, 21, 12, 30, 6, 38, 3, 51, 0]
12_12_407_24_0_57_23_64_0_0_0_0_0_24_0_[0, 0, 7, 64]_[0, 64, 6, 38, 13, 24, 21, 12, 30, 6, 38, 3, 51, 0]
13_13_407_24_0_57_23_64_0_0_0_0_0_24_0_[0, 0, 7, 64]_[0, 64, 6, 38, 13, 24, 21, 12, 30, 6, 38, 3, 51, 0]
14_14_407_24_0_57_23_64_0_0_0_0_0_24_0_[0, 0, 7, 64]_[0, 64, 6, 38, 13, 24, 21, 12, 30, 6, 38, 3, 51, 0]
15_15_407_24_0_57_23_64_0_0_0_0_0_24_0_[0, 0, 7, 64]_[0, 64, 6, 38, 13, 24, 21, 12, 30, 6, 38, 3, 51, 0]
16_16_407_24_0_57_23_64_0_0_0_0_0_24_0_[0, 0, 7, 64]_[0, 64, 6, 38, 13, 24, 21, 12, 30, 6, 38, 3, 51, 0]
17_17_407_24_0_57_23_64_0_0_0_0_0_24_0_[0, 0, 7, 64]_[0, 64, 6, 38, 13, 24, 21, 12, 30, 6, 38, 3, 51, 0]
18_18_407_24_0_57_23_64_0_0_0_0_0_24_0_[0, 0, 7, 64]_[0, 64, 6, 38, 13, 24, 21, 12, 30, 6, 38, 3, 51, 0]
19_19_407_24_0_57_23_64_0_0_0_0_0_24_0_[0, 0, 7, 64]_[0, 64, 6, 38, 13, 24, 21, 12, 30, 6, 38, 3, 51, 0]
20_20_407_24_0_57_23_64_0_0_0_0_0_24_0_[0, 0, 7, 64]_[0, 64, 6, 38, 13, 24, 21, 12, 30, 6, 38, 3, 51, 0]
21_21_407_24_0_57_23_64_0_0_0_0_0_24_0_[0, 0, 7, 64]_[0, 64, 6, 38, 13, 24, 21, 12, 30, 6, 38, 3, 51, 0]
22_22_407_24_0_57_23_64_0_0_0_0_0_24_0_[0, 0, 7, 64]_[0, 64, 6, 38, 13, 24, 21, 12, 30, 6, 38, 3, 51, 0]
23_23_407_24_0_57_23_64_0_0_0_0_0_24_0_[0, 0, 7, 64]_[0, 64, 6, 38, 13, 24, 21, 12, 30, 6, 38, 3, 51, 0]
24_24_407_24_0_57_23_64_0_0_0_0_0_24_0_[0, 0, 7, 64]_[0, 64, 6, 38, 13, 24, 21, 12, 30, 6, 38, 3, 51, 0]
25_25_407_24_0_57_23_64_0_0_0_0_0_24_0_[0, 0, 7, 64]_[0, 64, 6, 38, 13, 24, 21, 12, 30, 6, 38, 3, 51, 0]
26_26_407_24_0_57_23_64_0_0_0_0_0_24_0_[0, 0, 7, 64]_[0, 64, 6, 38, 13, 24, 21, 12, 30, 6, 38, 3, 51, 0]
27_27_407_24_0_57_23_64_0_0_0_0_0_24_0_[0, 0, 7, 64]_[0, 64, 6, 38, 13, 24, 21, 12, 30, 6, 38, 3, 51, 0]
28_28_407_24_0_57_23_64_0_0_0_0_0_24_0_[0, 0, 7, 64]_[0, 64, 6, 38, 13, 24, 21, 12, 30, 6, 38, 3, 51, 0]
29_29_407_24_0_57_23_64_0_0_0_0_0_24_0_[0, 0, 7, 64]_[0, 64, 6, 38, 13, 24, 21, 12, 30, 6, 38, 3, 51, 0]
30_30_407_24_0_57_23_64_0_0_0_0_0_24_0_[0, 0, 7, 64]_[0, 64, 6, 38, 13, 24, 21, 12, 30, 6, 38, 3, 51, 0]
31_31_407_24_0_57_23_64_0_0_0_0_0_24_0_[0, 0, 7, 64]_[0, 64, 6, 38, 13, 24, 21, 12, 30, 6, 38, 3, 51, 0]
32_32_407_24_0_57_23_64_0_0_0_0_0_24_0_[0, 0, 7, 64]_[0, 64, 6, 38, 13, 24, 21, 12, 30, 6, 38, 3, 51, 0]
33_33_407_24_0_57_23_64_0_0_0_0_0_24_0_[0, 0, 7, 64]_[0, 64, 6, 38, 13, 24, 21, 12, 30, 6, 38, 3, 51, 0]
34_34_407_24_0_57_23_64_0_0_0_0_0_24_0_[0, 0, 7, 64]_[0, 64, 6, 38, 13, 24, 21, 12, 30, 6, 38, 3, 51, 0]
35_35_407_24_0_57_23_64_0_0_0_0_0_24_0_[0, 0, 7, 64]_[0, 64, 6, 38, 13, 24, 21, 12, 30, 6, 38, 3, 51, 0]
36_36_407_24_0_57_23_64_0_0_0_0_0_24_0_[0, 0, 7, 64]_[0, 64, 6, 38, 13, 24, 21, 12, 30, 6, 38, 3, 51, 0]
37_37_467_36_0_57_26_64_0_0_0_0_0_24_0_[0, 0, 7, 64]_[0, 64, 6, 38, 13, 24, 21, 12, 30, 6, 38, 3, 51, 0]
38_38_467_36_0_57_26_64_0_0_0_0_0_24_0_[0, 0, 7, 64]_[0, 64, 6, 38, 13, 24, 21, 12, 30, 6, 38, 3, 51, 0]
39_39_467_36_0_57_26_64_0_0_0_0_0_24_0_[0, 0, 7, 64]_[0, 64, 6, 38, 13, 24, 21, 12, 30, 6, 38, 3, 51, 0]
40_40_524_48_0_57_31_64_0_0_0_0_0_24_0_[0, 0, 7, 64]_[0, 64, 6, 38, 13, 24, 21, 12, 30, 6, 38, 3, 51, 0]
41_41_524_48_0_57_31_64_0_0_0_0_0_24_0_[0, 0, 7, 64]_[0, 64, 6, 38, 13, 24, 21, 12, 30, 6, 38, 3, 51, 0]
42_42_524_48_0_57_31_64_0_0_0_0_0_24_0_[0, 0, 7, 64]_[0, 64, 6, 38, 13, 24, 21, 12, 30, 6, 38, 3, 51, 0]
43_43_524_48_0_57_31_64_0_0_0_0_0_24_0_[0, 0, 7, 64]_[0, 64, 6, 38, 13, 24, 21, 12, 30, 6, 38, 3, 51, 0]
44_44_524_48_0_57_31_64_0_0_0_0_0_24_0_[0, 0, 7, 64]_[0, 64, 6, 38, 13, 24, 21, 12, 30, 6, 38, 3, 51, 0]
45_45_524_48_0_57_31_64_0_0_0_0_0_24_0_[0, 0, 7, 64]_[0, 64, 6, 38, 13, 24, 21, 12, 30, 6, 38, 3, 51, 0]
46_46_524_48_0_57_31_64_0_0_0_0_0_24_0_[0, 0, 7, 64]_[0, 64, 6, 38, 13, 24, 21, 12, 30, 6, 38, 3, 51, 0]
47_47_524_48_0_57_31_64_0_0_0_0_0_24_0_[0, 0, 7, 64]_[0, 64, 6, 38, 13, 24, 21, 12, 30, 6, 38, 3, 51, 0]
48_48_524_48_0_57_31_64_0_0_0_0_0_24_0_[0, 0, 7, 64]_[0, 64, 6, 38, 13, 24, 21, 12, 30, 6, 38, 3, 51, 0]
49_49_524_48_0_57_31_64_0_0_0_0_0_24_0_[0, 0, 7, 64]_[0, 64, 6, 38, 13, 24, 21, 12, 30, 6, 38, 3, 51, 0]
50_50_524_48_0_57_31_64_0_0_0_0_0_24_0_[0, 0, 7, 64]_[0, 64, 6, 38, 13, 24, 21, 12, 30, 6, 38, 3, 51, 0]
51_51_524_48_0_57_31_64_0_0_0_0_0_24_0_[0, 0, 7, 64]_[0, 64, 6, 38, 13, 24, 21, 12, 30, 6, 38, 3, 51, 0]
52_52_524_48_0_57_31_64_0_0_0_0_0_24_0_[0, 0, 7, 64]_[0, 64, 6, 38, 13, 24, 21, 12, 30, 6, 38, 3, 51, 0]
53_53_570_60_0_57_36_64_0_0_0_0_0_24_0_[0, 0, 7, 64]_[0, 64, 6, 38, 13, 24, 21, 12, 30, 6, 38, 3, 51, 0]
54_54_570_60_0_57_36_64_0_0_0_0_0_24_0_[0, 0, 7, 64]_[0, 64, 6, 38, 13, 24, 21, 12, 30, 6, 38, 3, 51, 0]
55_55_570_60_0_57_36_64_0_0_0_0_0_24_0_[0, 0, 7, 64]_[0, 64, 6, 38, 13, 24, 21, 12, 30, 6, 38, 3, 51, 0]
56_56_570_60_0_57_36_64_0_0_0_0_0_24_0_[0, 0, 7, 64]_[0, 64, 6, 38, 13, 24, 21, 12, 30, 6, 38, 3, 51, 0]
57_57_570_60_0_57_36_64_0_0_0_0_0_24_0_[0, 0, 7, 64]_[0, 64, 6, 38, 13, 24, 21, 12, 30, 6, 38, 3, 51, 0]
58_58_570_60_0_57_36_64_0_0_0_0_0_24_0_[0, 0, 7, 64]_[0, 64, 6, 38, 13, 24, 21, 12, 30, 6, 38, 3, 51, 0]
59_59_570_60_0_57_36_64_0_0_0_0_0_24_0_[0, 0, 7, 64]_[0, 64, 6, 38, 13, 24, 21, 12, 30, 6, 38, 3, 51, 0]
60_60_570_60_0_57_36_64_0_0_0_0_0_24_0_[0, 0, 7, 64]_[0, 64, 6, 38, 13, 24, 21, 12, 30, 6, 38, 3, 51, 0]
61_61_570_60_0_57_36_64_0_0_0_0_0_24_0_[0, 0, 7, 64]_[0, 64, 6, 38, 13, 24, 21, 12, 30, 6, 38, 3, 51, 0]
62_62_570_60_0_57_36_64_0_0_0_0_0_24_0_[0, 0, 7, 64]_[0, 64, 6, 38, 13, 24, 21, 12, 30, 6, 38, 3, 51, 0]
63_63_570_60_0_57_36_64_0_0_0_0_0_24_0_[0, 0, 7, 64]_[0, 64, 6, 38, 13, 24, 21, 12, 30, 6, 38, 3, 51, 0]
64_64_440_72_0_57_36_64_0_0_0_0_0_24_0_[0, 0, 7, 64]_[0, 64, 6, 38, 13, 24, 21, 12, 30, 6, 38, 3, 51, 0]
65_65_440_72_0_57_36_64_0_0_0_0_0_24_0_[0, 0, 7, 64]_[0, 64, 6, 38, 13, 24, 21, 12, 30, 6, 38, 3, 51, 0]
66_66_440_72_0_57_36_64_0_0_0_0_0_24_0_[0, 0, 7, 64]_[0, 64, 6, 38, 13, 24, 21, 12, 30, 6, 38, 3, 51, 0]
67_67_440_72_0_57_36_64_0_0_0_0_0_24_0_[0, 0, 7, 64]_[0, 64, 6, 38, 13, 24, 21, 12, 30, 6, 38, 3, 51, 0]
68_68_440_72_0_57_36_64_0_0_0_0_0_24_0_[0, 0, 7, 64]_[0, 64, 6, 38, 13, 24, 21, 12, 30, 6, 38, 3, 51, 0]
69_69_440_72_0_57_36_64_0_0_0_0_0_24_0_[0, 0, 7, 64]_[0, 64, 6, 38, 13, 24, 21, 12, 30, 6, 38, 3, 51, 0]
70_70_440_72_0_57_36_64_0_0_0_0_0_24_0_[0, 0, 7, 64]_[0, 64, 6, 38, 13, 24, 21, 12, 30, 6, 38, 3, 51, 0]
71_71_440_72_0_57_36_64_0_0_0_0_0_24_0_[0, 0, 7, 64]_[0, 64, 6, 38, 13, 24, 21, 12, 30, 6, 38, 3, 51, 0]
72_72_440_72_0_57_36_64_0_0_0_0_0_24_0_[0, 0, 7, 64]_[0, 64, 6, 38, 13, 24, 21, 12, 30, 6, 38, 3, 51, 0]
73_73_440_72_0_57_36_64_0_0_0_0_0_24_0_[0, 0, 7, 64]_[0, 64, 6, 38, 13, 24, 21, 12, 30, 6, 38, 3, 51, 0]
74_74_440_72_0_57_36_64_0_0_0_0_0_24_0_[0, 0, 7, 64]_[0, 64, 6, 38, 13, 24, 21, 12, 30, 6, 38, 3, 51, 0]
75_75_440_72_0_57_36_64_0_0_0_0_0_24_0_[0, 0, 7, 64]_[0, 64, 6, 38, 13, 24, 21, 12, 30, 6, 38, 3, 51, 0]
76_76_440_72_0_57_36_64_0_0_0_0_0_24_0_[0, 0, 7, 64]_[0, 64, 6, 38, 13, 24, 21, 12, 30, 6, 38, 3, 51, 0]
77_77_565_84_0_57_48_64_0_0_0_0_0_24_0_[0, 0, 7, 64]_[0, 64, 6, 38, 13, 24, 21, 12, 30, 6, 38, 3, 51, 0]
78_78_565_84_0_57_48_64_0_0_0_0_0_24_0_[0, 0, 7, 64]_[0, 64, 6, 38, 13, 24, 21, 12, 30, 6, 38, 3, 51, 0]
79_79_565_84_0_57_48_64_0_0_0_0_0_24_0_[0, 0, 7, 64]_[0, 64, 6, 38, 13, 24, 21, 12, 30, 6, 38, 3, 51, 0]
80_80_565_84_0_57_48_64_0_0_0_0_0_24_0_[0, 0, 7, 64]_[0, 64, 6, 38, 13, 24, 21, 12, 30, 6, 38, 3, 51, 0]
81_81_565_84_0_57_48_64_0_0_0_0_0_24_0_[0, 0, 7, 64]_[0, 64, 6, 38, 13, 24, 21, 12, 30, 6, 38, 3, 51, 0]
82_82_565_84_0_57_48_64_0_0_0_0_0_24_0_[0, 0, 7, 64]_[0, 64, 6, 38, 13, 24, 21, 12, 30, 6, 38, 3, 51, 0]
83_83_565_84_0_57_48_64_0_0_0_0_0_24_0_[0, 0, 7, 64]_[0, 64, 6, 38, 13, 24, 21, 12, 30, 6, 38, 3, 51, 0]
84_84_565_84_0_57_48_64_0_0_0_0_0_24_0_[0, 0, 7, 64]_[0, 64, 6, 38, 13, 24, 21, 12, 30, 6, 38, 3, 51, 0]
85_85_565_84_0_57_48_64_0_0_0_0_0_24_0_[0, 0, 7, 64]_[0, 64, 6, 38, 13, 24, 21, 12, 30, 6, 38, 3, 51, 0]
86_86_565_84_0_57_48_64_0_0_0_0_0_24_0_[0, 0, 7, 64]_[0, 64, 6, 38, 13, 24, 21, 12, 30, 6, 38, 3, 51, 0]
87_87_565_84_0_57_48_64_0_0_0_0_0_24_0_[0, 0, 7, 64]_[0, 64, 6, 38, 13, 24, 21, 12, 30, 6, 38, 3, 51, 0]
88_88_565_84_0_57_48_64_0_0_0_0_0_24_0_[0, 0, 7, 64]_[0, 64, 6, 38, 13, 24, 21, 12, 30, 6, 38, 3, 51, 0]
89_89_565_84_0_57_48_64_0_0_0_0_0_24_0_[0, 0, 7, 64]_[0, 64, 6, 38, 13, 24, 21, 12, 30, 6, 38, 3, 51, 0]
90_90_565_84_0_57_48_64_0_0_0_0_0_24_0_[0, 0, 7, 64]_[0, 64, 6, 38, 13, 24, 21, 12, 30, 6, 38, 3, 51, 0]
91_91_565_84_0_57_48_64_0_0_0_0_0_24_0_[0, 0, 7, 64]_[0, 64, 6, 38, 13, 24, 21, 12, 30, 6, 38, 3, 51, 0]
92_92_565_84_0_57_48_64_0_0_0_0_0_24_0_[0, 0, 7, 64]_[0, 64, 6, 38, 13, 24, 21, 12, 30, 6, 38, 3, 51, 0]
93_93_565_84_0_57_48_64_0_0_0_0_0_24_0_[0, 0, 7, 64]_[0, 64, 6, 38, 13, 24, 21, 12, 30, 6, 38, 3, 51, 0]
94_94_565_84_0_57_48_64_0_0_0_0_0_24_0_[0, 0, 7, 64]_[0, 64, 6, 38, 13, 24, 21, 12, 30, 6, 38, 3, 51, 0]
95_95_565_84_0_57_48_64_0_0_0_0_0_24_0_[0, 0, 7, 64]_[0, 64, 6, 38, 13, 24, 21, 12, 30, 6, 38, 3, 51, 0]
96_96_565_84_0_57_48_64_0_0_0_0_0_24_0_[0, 0, 7, 64]_[0, 64, 6, 38, 13, 24, 21, 12, 30, 6, 38, 3, 51, 0]
97_97_565_84_0_57_48_64_0_0_0_0_0_24_0_[0, 0, 7, 64]_[0, 64, 6, 38, 13, 24, 21, 12, 30, 6, 38, 3, 51, 0]
98_98_565_84_0_57_48_64_0_0_0_0_0_24_0_[0, 0, 7, 64]_[0, 64, 6, 38, 13, 24, 21, 12, 30, 6, 38, 3, 51, 0]
99_99_565_84_0_57_48_64_0_0_0_0_0_24_0_[0, 0, 7, 64]_[0, 64, 6, 38, 13, 24, 21, 12, 30, 6, 38, 3, 51, 0]
100_100_565_84_0_57_48_64_0_0_0_0_0_24_0_[0, 0, 7, 64]_[0, 64, 6, 38, 13, 24, 21, 12, 30, 6, 38, 3, 51, 0]
101_101_565_84_0_57_48_64_0_0_0_0_0_24_0_[0, 0, 7, 64]_[0, 64, 6, 38, 13, 24, 21, 12, 30, 6, 38, 3, 51, 0]
102_102_565_84_0_57_48_64_0_0_0_0_0_24_0_[0, 0, 7, 64]_[0, 64, 6, 38, 13, 24, 21, 12, 30, 6, 38, 3, 51, 0]
103_103_565_84_0_57_48_64_0_0_0_0_0_24_0_[0, 0, 7, 64]_[0, 64, 6, 38, 13, 24, 21, 12, 30, 6, 38, 3, 51, 0]
104_104_565_84_0_57_48_64_0_0_0_0_0_24_0_[0, 0, 7, 64]_[0, 64, 6, 38, 13, 24, 21, 12, 30, 6, 38, 3, 51, 0]
105_105_565_84_0_57_48_64_0_0_0_0_0_24_0_[0, 0, 7, 64]_[0, 64, 6, 38, 13, 24, 21, 12, 30, 6, 38, 3, 51, 0]
106_106_565_84_0_57_48_64_0_0_0_0_0_24_0_[0, 0, 7, 64]_[0, 64, 6, 38, 13, 24, 21, 12, 30, 6, 38, 3, 51, 0]
107_107_565_84_0_57_48_64_0_0_0_0_0_24_0_[0, 0, 7, 64]_[0, 64, 6, 38, 13, 24, 21, 12, 30, 6, 38, 3, 51, 0]
108_108_565_84_0_57_48_64_0_0_0_0_0_24_0_[0, 0, 7, 64]_[0, 64, 6, 38, 13, 24, 21, 12, 30, 6, 38, 3, 51, 0]
109_109_565_84_0_57_48_64_0_0_0_0_0_24_0_[0, 0, 7, 64]_[0, 64, 6, 38, 13, 24, 21, 12, 30, 6, 38, 3, 51, 0]
110_110_565_84_0_57_48_64_0_0_0_0_0_24_0_[0, 0, 7, 64]_[0, 64, 6, 38, 13, 24, 21, 12, 30, 6, 38, 3, 51, 0]
111_111_565_84_0_57_48_64_0_0_0_0_0_24_0_[0, 0, 7, 64]_[0, 64, 6, 38, 13, 24, 21, 12, 30, 6, 38, 3, 51, 0]
112_112_565_84_0_57_48_64_0_0_0_0_0_24_0_[0, 0, 7, 64]_[0, 64, 6, 38, 13, 24, 21, 12, 30, 6, 38, 3, 51, 0]
113_113_565_84_0_57_48_64_0_0_0_0_0_24_0_[0, 0, 7, 64]_[0, 64, 6, 38, 13, 24, 21, 12, 30, 6, 38, 3, 51, 0]
114_114_565_84_0_57_48_64_0_0_0_0_0_24_0_[0, 0, 7, 64]_[0, 64, 6, 38, 13, 24, 21, 12, 30, 6, 38, 3, 51, 0]
115_115_565_84_0_57_48_64_0_0_0_0_0_24_0_[0, 0, 7, 64]_[0, 64, 6, 38, 13, 24, 21, 12, 30, 6, 38, 3, 51, 0]
116_116_565_84_0_57_48_64_0_0_0_0_0_24_0_[0, 0, 7, 64]_[0, 64, 6, 38, 13, 24, 21, 12, 30, 6, 38, 3, 51, 0]
117_117_565_84_0_57_48_64_0_0_0_0_0_24_0_[0, 0, 7, 64]_[0, 64, 6, 38, 13, 24, 21, 12, 30, 6, 38, 3, 51, 0]
118_118_565_84_0_57_48_64_0_0_0_0_0_24_0_[0, 0, 7, 64]_[0, 64, 6, 38, 13, 24, 21, 12, 30, 6, 38, 3, 51, 0]
119_119_565_84_0_57_48_64_0_0_0_0_0_24_0_[0, 0, 7, 64]_[0, 64, 6, 38, 13, 24, 21, 12, 30, 6, 38, 3, 51, 0]
120_120_565_84_0_57_48_64_0_0_0_0_0_24_0_[0, 0, 7, 64]_[0, 64, 6, 38, 13, 24, 21, 12, 30, 6, 38, 3, 51, 0]
121_121_565_84_0_57_48_64_0_0_0_0_0_24_0_[0, 0, 7, 64]_[0, 64, 6, 38, 13, 24, 21, 12, 30, 6, 38, 3, 51, 0]
122_122_565_84_0_57_48_64_0_0_0_0_0_24_0_[0, 0, 7, 64]_[0, 64, 6, 38, 13, 24, 21, 12, 30, 6, 38, 3, 51, 0]
123_123_565_84_0_57_48_64_0_0_0_0_0_24_0_[0, 0, 7, 64]_[0, 64, 6, 38, 13, 24, 21, 12, 30, 6, 38, 3, 51, 0]
124_124_565_84_0_57_48_64_0_0_0_0_0_24_0_[0, 0, 7, 64]_[0, 64, 6, 38, 13, 24, 21, 12, 30, 6, 38, 3, 51, 0]
125_125_565_84_0_57_48_64_0_0_0_0_0_24_0_[0, 0, 7, 64]_[0, 64, 6, 38, 13, 24, 21, 12, 30, 6, 38, 3, 51, 0]
126_126_565_84_0_57_48_64_0_0_0_0_0_24_0_[0, 0, 7, 64]_[0, 64, 6, 38, 13, 24, 21, 12, 30, 6, 38, 3, 51, 0]
127_127_565_84_0_57_48_64_0_0_0_0_0_24_0_[0, 0, 7, 64]_[0, 64, 6, 38, 13, 24, 21, 12, 30, 6, 38, 3, 51, 0]
