0_0_73_59_0_41_32_64_0_3_0_28_0_24_0_null_[0, 64, 3, 0]
1_1_73_59_0_41_32_64_0_3_0_28_0_24_0_null_[0, 64, 3, 0]
2_2_73_59_0_41_32_64_0_3_0_28_0_24_0_null_[0, 64, 3, 0]
3_3_73_59_0_41_32_64_0_3_0_28_0_24_0_null_[0, 64, 3, 0]
4_4_73_59_0_41_32_64_0_3_0_28_0_24_0_null_[0, 64, 3, 0]
5_5_73_59_0_41_32_64_0_3_0_28_0_24_0_null_[0, 64, 3, 0]
6_6_73_59_0_41_32_64_0_3_0_28_0_24_0_null_[0, 64, 3, 0]
7_7_73_59_0_41_32_64_0_3_0_28_0_24_0_null_[0, 64, 3, 0]
8_8_73_59_0_41_32_64_0_3_0_28_0_24_0_null_[0, 64, 3, 0]
9_9_73_59_0_41_32_64_0_3_0_28_0_24_0_null_[0, 64, 3, 0]
10_10_73_59_0_41_32_64_0_3_0_28_0_24_0_null_[0, 64, 3, 0]
11_11_73_59_0_41_32_64_0_3_0_28_0_24_0_null_[0, 64, 3, 0]
12_12_73_59_0_41_32_64_0_3_0_28_0_24_0_null_[0, 64, 3, 0]
13_13_73_59_0_41_32_64_0_3_0_28_0_24_0_null_[0, 64, 3, 0]
14_14_73_59_0_41_32_64_0_3_0_28_0_24_0_null_[0, 64, 3, 0]
15_15_73_59_0_41_32_64_0_3_0_28_0_24_0_null_[0, 64, 3, 0]
16_16_73_59_0_41_32_64_0_3_0_28_0_24_0_null_[0, 64, 3, 0]
17_17_73_59_0_41_32_64_0_3_0_28_0_24_0_null_[0, 64, 3, 0]
18_18_73_59_0_41_32_64_0_3_0_28_0_24_0_null_[0, 64, 3, 0]
19_19_73_59_0_41_32_64_0_3_0_28_0_24_0_null_[0, 64, 3, 0]
20_20_73_59_0_41_32_64_0_3_0_28_0_24_0_null_[0, 64, 3, 0]
21_21_73_59_0_41_32_64_0_3_0_28_0_24_0_null_[0, 64, 3, 0]
22_22_73_59_0_41_32_64_0_3_0_28_0_24_0_null_[0, 64, 3, 0]
23_23_73_59_0_41_32_64_0_3_0_28_0_24_0_null_[0, 64, 3, 0]
24_24_73_59_0_41_32_64_0_3_0_28_0_24_0_null_[0, 64, 3, 0]
25_25_73_59_0_41_32_64_0_3_0_28_0_24_0_null_[0, 64, 3, 0]
26_26_73_59_0_41_32_64_0_3_0_28_0_24_0_null_[0, 64, 3, 0]
27_27_73_59_0_41_32_64_0_3_0_28_0_24_0_null_[0, 64, 3, 0]
28_28_73_59_0_41_32_64_0_3_0_28_0_24_0_null_[0, 64, 3, 0]
29_29_73_59_0_41_32_64_0_3_0_28_0_24_0_null_[0, 64, 3, 0]
30_30_73_59_0_41_32_64_0_3_0_28_0_24_0_null_[0, 64, 3, 0]
31_31_73_59_0_41_32_64_0_3_0_28_0_24_0_null_[0, 64, 3, 0]
32_32_73_59_0_41_32_64_0_3_0_28_0_24_0_null_[0, 64, 3, 0]
33_33_73_59_0_41_32_64_0_3_0_28_0_24_0_null_[0, 64, 3, 0]
34_34_73_59_0_41_32_64_0_3_0_28_0_24_0_null_[0, 64, 3, 0]
35_35_73_59_0_41_32_64_0_3_0_28_0_24_0_null_[0, 64, 3, 0]
36_36_73_59_0_41_32_64_0_3_0_28_0_24_0_null_[0, 64, 3, 0]
37_37_73_59_0_41_32_64_0_3_0_28_0_24_0_null_[0, 64, 3, 0]
38_38_73_59_0_41_32_64_0_3_0_28_0_24_0_null_[0, 64, 3, 0]
39_39_73_59_0_41_32_64_0_3_0_28_0_24_0_null_[0, 64, 3, 0]
40_40_73_59_0_41_32_64_0_3_0_28_0_24_0_null_[0, 64, 3, 0]
41_41_73_59_0_41_32_64_0_3_0_28_0_24_0_null_[0, 64, 3, 0]
42_42_73_59_0_41_32_64_0_3_0_28_0_24_0_null_[0, 64, 3, 0]
43_43_73_59_0_41_32_64_0_3_0_28_0_24_0_null_[0, 64, 3, 0]
44_44_73_59_0_41_32_64_0_3_0_28_0_24_0_null_[0, 64, 3, 0]
45_45_73_59_0_41_32_64_0_3_0_28_0_24_0_null_[0, 64, 3, 0]
46_46_73_59_0_41_32_64_0_3_0_28_0_24_0_null_[0, 64, 3, 0]
47_47_73_59_0_41_32_64_0_3_0_28_0_24_0_null_[0, 64, 3, 0]
48_48_73_59_0_41_32_64_0_3_0_28_0_24_0_null_[0, 64, 3, 0]
49_49_73_59_0_41_32_64_0_3_0_28_0_24_0_null_[0, 64, 3, 0]
50_50_73_59_0_41_32_64_0_3_0_28_0_24_0_null_[0, 64, 3, 0]
51_51_73_59_0_41_32_64_0_3_0_28_0_24_0_null_[0, 64, 3, 0]
52_52_73_59_0_41_32_64_0_3_0_28_0_24_0_null_[0, 64, 3, 0]
53_53_73_59_0_41_32_64_0_3_0_28_0_24_0_null_[0, 64, 3, 0]
54_54_73_59_0_41_32_64_0_3_0_28_0_24_0_null_[0, 64, 3, 0]
55_55_73_59_0_41_32_64_0_3_0_28_0_24_0_null_[0, 64, 3, 0]
56_56_73_59_0_41_32_64_0_3_0_28_0_24_0_null_[0, 64, 3, 0]
57_57_73_59_0_41_32_64_0_3_0_28_0_24_0_null_[0, 64, 3, 0]
58_58_73_59_0_41_32_64_0_3_0_28_0_24_0_null_[0, 64, 3, 0]
59_59_73_59_0_41_32_64_0_3_0_28_0_24_0_null_[0, 64, 3, 0]
60_60_73_59_0_41_32_64_0_3_0_28_0_24_0_null_[0, 64, 3, 0]
61_61_73_59_0_41_32_64_0_3_0_28_0_24_0_null_[0, 64, 3, 0]
62_62_73_59_0_41_32_64_0_3_0_28_0_24_0_null_[0, 64, 3, 0]
63_63_73_59_0_41_32_64_0_3_0_28_0_24_0_null_[0, 64, 3, 0]
64_64_73_59_0_41_32_64_0_3_0_28_0_24_0_null_[0, 64, 3, 0]
65_65_73_59_0_41_32_64_0_3_0_28_0_24_0_null_[0, 64, 3, 0]
66_66_73_59_0_41_32_64_0_3_0_28_0_24_0_null_[0, 64, 3, 0]
67_67_73_59_0_41_32_64_0_3_0_28_0_24_0_null_[0, 64, 3, 0]
68_68_73_59_0_41_32_64_0_3_0_28_0_24_0_null_[0, 64, 3, 0]
69_69_73_59_0_41_32_64_0_3_0_28_0_24_0_null_[0, 64, 3, 0]
70_70_73_59_0_41_32_64_0_3_0_28_0_24_0_null_[0, 64, 3, 0]
71_71_73_59_0_41_32_64_0_3_0_28_0_24_0_null_[0, 64, 3, 0]
72_72_73_59_0_41_32_64_0_3_0_28_0_24_0_null_[0, 64, 3, 0]
73_73_73_59_0_41_32_64_0_3_0_28_0_24_0_null_[0, 64, 3, 0]
74_74_73_59_0_41_32_64_0_3_0_28_0_24_0_null_[0, 64, 3, 0]
75_75_73_59_0_41_32_64_0_3_0_28_0_24_0_null_[0, 64, 3, 0]
76_76_73_59_0_41_32_64_0_3_0_28_0_24_0_null_[0, 64, 3, 0]
77_77_73_59_0_41_32_64_0_3_0_28_0_24_0_null_[0, 64, 3, 0]
78_78_73_59_0_41_32_64_0_3_0_28_0_24_0_null_[0, 64, 3, 0]
79_79_73_59_0_41_32_64_0_3_0_28_0_24_0_null_[0, 64, 3, 0]
80_80_73_59_0_41_32_64_0_3_0_28_0_24_0_null_[0, 64, 3, 0]
81_81_73_59_0_41_32_64_0_3_0_28_0_24_0_null_[0, 64, 3, 0]
82_82_73_59_0_41_32_64_0_3_0_28_0_24_0_null_[0, 64, 3, 0]
83_83_73_59_0_41_32_64_0_3_0_28_0_24_0_null_[0, 64, 3, 0]
84_84_73_59_0_41_32_64_0_3_0_28_0_24_0_null_[0, 64, 3, 0]
85_85_73_59_0_41_32_64_0_3_0_28_0_24_0_null_[0, 64, 3, 0]
86_86_73_59_0_41_32_64_0_3_0_28_0_24_0_null_[0, 64, 3, 0]
87_87_73_59_0_41_32_64_0_3_0_28_0_24_0_null_[0, 64, 3, 0]
88_88_73_59_0_41_32_64_0_3_0_28_0_24_0_null_[0, 64, 3, 0]
89_89_73_59_0_41_32_64_0_3_0_28_0_24_0_null_[0, 64, 3, 0]
90_90_73_59_0_41_32_64_0_3_0_28_0_24_0_null_[0, 64, 3, 0]
91_91_73_59_0_41_32_64_0_3_0_28_0_24_0_null_[0, 64, 3, 0]
92_92_73_59_0_41_32_64_0_3_0_28_0_24_0_null_[0, 64, 3, 0]
93_93_73_59_0_41_32_64_0_3_0_28_0_24_0_null_[0, 64, 3, 0]
94_94_73_59_0_41_32_64_0_3_0_28_0_24_0_null_[0, 64, 3, 0]
95_95_73_59_0_41_32_64_0_3_0_28_0_24_0_null_[0, 64, 3, 0]
96_96_73_59_0_41_32_64_0_3_0_28_0_24_0_null_[0, 64, 3, 0]
97_97_73_59_0_41_32_64_0_3_0_28_0_24_0_null_[0, 64, 3, 0]
98_98_73_59_0_41_32_64_0_3_0_28_0_24_0_null_[0, 64, 3, 0]
99_99_73_59_0_41_32_64_0_3_0_28_0_24_0_null_[0, 64, 3, 0]
100_100_73_59_0_41_32_64_0_3_0_28_0_24_0_null_[0, 64, 3, 0]
101_101_73_59_0_41_32_64_0_3_0_28_0_24_0_null_[0, 64, 3, 0]
102_102_73_59_0_41_32_64_0_3_0_28_0_24_0_null_[0, 64, 3, 0]
103_103_73_59_0_41_32_64_0_3_0_28_0_24_0_null_[0, 64, 3, 0]
104_104_73_59_0_41_32_64_0_3_0_28_0_24_0_null_[0, 64, 3, 0]
105_105_73_59_0_41_32_64_0_3_0_28_0_24_0_null_[0, 64, 3, 0]
106_106_73_59_0_41_32_64_0_3_0_28_0_24_0_null_[0, 64, 3, 0]
107_107_73_59_0_41_32_64_0_3_0_28_0_24_0_null_[0, 64, 3, 0]
108_108_73_59_0_41_32_64_0_3_0_28_0_24_0_null_[0, 64, 3, 0]
109_109_73_59_0_41_32_64_0_3_0_28_0_24_0_null_[0, 64, 3, 0]
110_110_73_59_0_41_32_64_0_3_0_28_0_24_0_null_[0, 64, 3, 0]
111_111_73_59_0_41_32_64_0_3_0_28_0_24_0_null_[0, 64, 3, 0]
112_112_73_59_0_41_32_64_0_3_0_28_0_24_0_null_[0, 64, 3, 0]
113_113_73_59_0_41_32_64_0_3_0_28_0_24_0_null_[0, 64, 3, 0]
114_114_73_59_0_41_32_64_0_3_0_28_0_24_0_null_[0, 64, 3, 0]
115_115_73_59_0_41_32_64_0_3_0_28_0_24_0_null_[0, 64, 3, 0]
116_116_73_59_0_41_32_64_0_3_0_28_0_24_0_null_[0, 64, 3, 0]
117_117_73_59_0_41_32_64_0_3_0_28_0_24_0_null_[0, 64, 3, 0]
118_118_73_59_0_41_32_64_0_3_0_28_0_24_0_null_[0, 64, 3, 0]
119_119_73_59_0_41_32_64_0_3_0_28_0_24_0_null_[0, 64, 3, 0]
120_120_73_59_0_41_32_64_0_3_0_28_0_24_0_null_[0, 64, 3, 0]
121_121_73_59_0_41_32_64_0_3_0_28_0_24_0_null_[0, 64, 3, 0]
122_122_73_59_0_41_32_64_0_3_0_28_0_24_0_null_[0, 64, 3, 0]
123_123_73_59_0_41_32_64_0_3_0_28_0_24_0_null_[0, 64, 3, 0]
124_124_73_59_0_41_32_64_0_3_0_28_0_24_0_null_[0, 64, 3, 0]
125_125_73_59_0_41_32_64_0_3_0_28_0_24_0_null_[0, 64, 3, 0]
126_126_73_59_0_41_32_64_0_3_0_28_0_24_0_null_[0, 64, 3, 0]
127_127_73_59_0_41_32_64_0_3_0_28_0_24_0_null_[0, 64, 3, 0]
