0_0_74_40_0_29_32_64_0_3_0_0_0_24_0_null_[0, 64, 4, 0]
1_1_74_40_0_29_32_64_0_3_0_0_0_24_0_null_[0, 64, 4, 0]
2_2_74_40_0_29_32_64_0_3_0_0_0_24_0_null_[0, 64, 4, 0]
3_3_74_40_0_29_32_64_0_3_0_0_0_24_0_null_[0, 64, 4, 0]
4_4_74_40_0_29_32_64_0_3_0_0_0_24_0_null_[0, 64, 4, 0]
5_5_74_40_0_29_32_64_0_3_0_0_0_24_0_null_[0, 64, 4, 0]
6_6_74_40_0_29_32_64_0_3_0_0_0_24_0_null_[0, 64, 4, 0]
7_7_74_40_0_29_32_64_0_3_0_0_0_24_0_null_[0, 64, 4, 0]
8_8_74_40_0_29_32_64_0_3_0_0_0_24_0_null_[0, 64, 4, 0]
9_9_74_40_0_29_32_64_0_3_0_0_0_24_0_null_[0, 64, 4, 0]
10_10_74_40_0_29_32_64_0_3_0_0_0_24_0_null_[0, 64, 4, 0]
11_11_74_40_0_29_32_64_0_3_0_0_0_24_0_null_[0, 64, 4, 0]
12_12_74_40_0_29_32_64_0_3_0_0_0_24_0_null_[0, 64, 4, 0]
13_13_74_40_0_29_32_64_0_3_0_0_0_24_0_null_[0, 64, 4, 0]
14_14_74_40_0_29_32_64_0_3_0_0_0_24_0_null_[0, 64, 4, 0]
15_15_74_40_0_29_32_64_0_3_0_0_0_24_0_null_[0, 64, 4, 0]
16_16_74_40_0_29_32_64_0_3_0_0_0_24_0_null_[0, 64, 4, 0]
17_17_74_40_0_29_32_64_0_3_0_0_0_24_0_null_[0, 64, 4, 0]
18_18_74_40_0_29_32_64_0_3_0_0_0_24_0_null_[0, 64, 4, 0]
19_19_74_40_0_29_32_64_0_3_0_0_0_24_0_null_[0, 64, 4, 0]
20_20_74_40_0_29_32_64_0_3_0_0_0_24_0_null_[0, 64, 4, 0]
21_21_74_40_0_29_32_64_0_3_0_0_0_24_0_null_[0, 64, 4, 0]
22_22_74_40_0_29_32_64_0_3_0_0_0_24_0_null_[0, 64, 4, 0]
23_23_74_40_0_29_32_64_0_3_0_0_0_24_0_null_[0, 64, 4, 0]
24_24_74_40_0_29_32_64_0_3_0_0_0_24_0_null_[0, 64, 4, 0]
25_25_74_40_0_29_32_64_0_3_0_0_0_24_0_null_[0, 64, 4, 0]
26_26_74_40_0_29_32_64_0_3_0_0_0_24_0_null_[0, 64, 4, 0]
27_27_74_40_0_29_32_64_0_3_0_0_0_24_0_null_[0, 64, 4, 0]
28_28_74_40_0_29_32_64_0_3_0_0_0_24_0_null_[0, 64, 4, 0]
29_29_74_40_0_29_32_64_0_3_0_0_0_24_0_null_[0, 64, 4, 0]
30_30_74_40_0_29_32_64_0_3_0_0_0_24_0_null_[0, 64, 4, 0]
31_31_74_40_0_29_32_64_0_3_0_0_0_24_0_null_[0, 64, 4, 0]
32_32_74_40_0_29_32_64_0_3_0_0_0_24_0_null_[0, 64, 4, 0]
33_33_74_40_0_29_32_64_0_3_0_0_0_24_0_null_[0, 64, 4, 0]
34_34_74_40_0_29_32_64_0_3_0_0_0_24_0_null_[0, 64, 4, 0]
35_35_74_40_0_29_32_64_0_3_0_0_0_24_0_null_[0, 64, 4, 0]
36_36_74_40_0_29_32_64_0_3_0_0_0_24_0_null_[0, 64, 4, 0]
37_37_74_40_0_29_32_64_0_3_0_0_0_24_0_null_[0, 64, 4, 0]
38_38_74_40_0_29_32_64_0_3_0_0_0_24_0_null_[0, 64, 4, 0]
39_39_74_40_0_29_32_64_0_3_0_0_0_24_0_null_[0, 64, 4, 0]
40_40_74_40_0_29_32_64_0_3_0_0_0_24_0_null_[0, 64, 4, 0]
41_41_74_40_0_29_32_64_0_3_0_0_0_24_0_null_[0, 64, 4, 0]
42_42_74_40_0_29_32_64_0_3_0_0_0_24_0_null_[0, 64, 4, 0]
43_43_74_40_0_29_32_64_0_3_0_0_0_24_0_null_[0, 64, 4, 0]
44_44_74_40_0_29_32_64_0_3_0_0_0_24_0_null_[0, 64, 4, 0]
45_45_74_40_0_29_32_64_0_3_0_0_0_24_0_null_[0, 64, 4, 0]
46_46_74_40_0_29_32_64_0_3_0_0_0_24_0_null_[0, 64, 4, 0]
47_47_74_40_0_29_32_64_0_3_0_0_0_24_0_null_[0, 64, 4, 0]
48_48_74_40_0_29_32_64_0_3_0_0_0_24_0_null_[0, 64, 4, 0]
49_49_75_59_0_29_32_64_0_3_0_0_0_24_0_null_[0, 64, 4, 0]
50_50_75_59_0_29_32_64_0_3_0_0_0_24_0_null_[0, 64, 4, 0]
51_51_75_59_0_29_32_64_0_3_0_0_0_24_0_null_[0, 64, 4, 0]
52_52_75_59_0_29_32_64_0_3_0_0_0_24_0_null_[0, 64, 4, 0]
53_53_75_59_0_29_32_64_0_3_0_0_0_24_0_null_[0, 64, 4, 0]
54_54_75_59_0_29_32_64_0_3_0_0_0_24_0_null_[0, 64, 4, 0]
55_55_75_59_0_29_32_64_0_3_0_0_0_24_0_null_[0, 64, 4, 0]
56_56_75_59_0_29_32_64_0_3_0_0_0_24_0_null_[0, 64, 4, 0]
57_57_75_59_0_29_32_64_0_3_0_0_0_24_0_null_[0, 64, 4, 0]
58_58_75_59_0_29_32_64_0_3_0_0_0_24_0_null_[0, 64, 4, 0]
59_59_75_59_0_29_32_64_0_3_0_0_0_24_0_null_[0, 64, 4, 0]
60_60_75_59_0_29_32_64_0_3_0_0_0_24_0_null_[0, 64, 4, 0]
61_61_75_59_0_29_32_64_0_3_0_0_0_24_0_null_[0, 64, 4, 0]
62_62_75_59_0_29_32_64_0_3_0_0_0_24_0_null_[0, 64, 4, 0]
63_63_75_59_0_29_32_64_0_3_0_0_0_24_0_null_[0, 64, 4, 0]
64_64_75_59_0_29_32_64_0_3_0_0_0_24_0_null_[0, 64, 4, 0]
65_65_75_59_0_29_32_64_0_3_0_0_0_24_0_null_[0, 64, 4, 0]
66_66_75_59_0_29_32_64_0_3_0_0_0_24_0_null_[0, 64, 4, 0]
67_67_75_59_0_29_32_64_0_3_0_0_0_24_0_null_[0, 64, 4, 0]
68_68_75_59_0_29_32_64_0_3_0_0_0_24_0_null_[0, 64, 4, 0]
69_69_75_59_0_29_32_64_0_3_0_0_0_24_0_null_[0, 64, 4, 0]
70_70_75_59_0_29_32_64_0_3_0_0_0_24_0_null_[0, 64, 4, 0]
71_71_75_59_0_29_32_64_0_3_0_0_0_24_0_null_[0, 64, 4, 0]
72_72_75_59_0_29_32_64_0_3_0_0_0_24_0_null_[0, 64, 4, 0]
73_73_75_59_0_29_32_64_0_3_0_0_0_24_0_null_[0, 64, 4, 0]
74_74_75_59_0_29_32_64_0_3_0_0_0_24_0_null_[0, 64, 4, 0]
75_75_75_59_0_29_32_64_0_3_0_0_0_24_0_null_[0, 64, 4, 0]
76_76_75_59_0_29_32_64_0_3_0_0_0_24_0_null_[0, 64, 4, 0]
77_77_75_59_0_29_32_64_0_3_0_0_0_24_0_null_[0, 64, 4, 0]
78_78_75_59_0_29_32_64_0_3_0_0_0_24_0_null_[0, 64, 4, 0]
79_79_75_59_0_29_32_64_0_3_0_0_0_24_0_null_[0, 64, 4, 0]
80_80_76_72_0_29_32_64_0_3_0_0_0_24_0_null_[0, 64, 4, 0]
81_81_76_72_0_29_32_64_0_3_0_0_0_24_0_null_[0, 64, 4, 0]
82_82_76_72_0_29_32_64_0_3_0_0_0_24_0_null_[0, 64, 4, 0]
83_83_76_72_0_29_32_64_0_3_0_0_0_24_0_null_[0, 64, 4, 0]
84_84_76_72_0_29_32_64_0_3_0_0_0_24_0_null_[0, 64, 4, 0]
85_85_76_72_0_29_32_64_0_3_0_0_0_24_0_null_[0, 64, 4, 0]
86_86_76_72_0_29_32_64_0_3_0_0_0_24_0_null_[0, 64, 4, 0]
87_87_76_72_0_29_32_64_0_3_0_0_0_24_0_null_[0, 64, 4, 0]
88_88_76_72_0_29_32_64_0_3_0_0_0_24_0_null_[0, 64, 4, 0]
89_89_76_72_0_29_32_64_0_3_0_0_0_24_0_null_[0, 64, 4, 0]
90_90_76_72_0_29_32_64_0_3_0_0_0_24_0_null_[0, 64, 4, 0]
91_91_76_72_0_29_32_64_0_3_0_0_0_24_0_null_[0, 64, 4, 0]
92_92_76_72_0_29_32_64_0_3_0_0_0_24_0_null_[0, 64, 4, 0]
93_93_76_72_0_29_32_64_0_3_0_0_0_24_0_null_[0, 64, 4, 0]
94_94_76_72_0_29_32_64_0_3_0_0_0_24_0_null_[0, 64, 4, 0]
95_95_76_72_0_29_32_64_0_3_0_0_0_24_0_null_[0, 64, 4, 0]
96_96_76_72_0_29_32_64_0_3_0_0_0_24_0_null_[0, 64, 4, 0]
97_97_76_72_0_29_32_64_0_3_0_0_0_24_0_null_[0, 64, 4, 0]
98_98_76_72_0_29_32_64_0_3_0_0_0_24_0_null_[0, 64, 4, 0]
99_99_76_72_0_29_32_64_0_3_0_0_0_24_0_null_[0, 64, 4, 0]
100_100_76_72_0_29_32_64_0_3_0_0_0_24_0_null_[0, 64, 4, 0]
101_101_76_72_0_29_32_64_0_3_0_0_0_24_0_null_[0, 64, 4, 0]
102_102_76_72_0_29_32_64_0_3_0_0_0_24_0_null_[0, 64, 4, 0]
103_103_76_72_0_29_32_64_0_3_0_0_0_24_0_null_[0, 64, 4, 0]
104_104_76_72_0_29_32_64_0_3_0_0_0_24_0_null_[0, 64, 4, 0]
105_105_76_72_0_29_32_64_0_3_0_0_0_24_0_null_[0, 64, 4, 0]
106_106_76_72_0_29_32_64_0_3_0_0_0_24_0_null_[0, 64, 4, 0]
107_107_76_72_0_29_32_64_0_3_0_0_0_24_0_null_[0, 64, 4, 0]
108_108_76_72_0_29_32_64_0_3_0_0_0_24_0_null_[0, 64, 4, 0]
109_109_76_72_0_29_32_64_0_3_0_0_0_24_0_null_[0, 64, 4, 0]
110_110_76_72_0_29_32_64_0_3_0_0_0_24_0_null_[0, 64, 4, 0]
111_111_76_72_0_29_32_64_0_3_0_0_0_24_0_null_[0, 64, 4, 0]
112_112_76_72_0_29_32_64_0_3_0_0_0_24_0_null_[0, 64, 4, 0]
113_113_76_72_0_29_32_64_0_3_0_0_0_24_0_null_[0, 64, 4, 0]
114_114_76_72_0_29_32_64_0_3_0_0_0_24_0_null_[0, 64, 4, 0]
115_115_76_72_0_29_32_64_0_3_0_0_0_24_0_null_[0, 64, 4, 0]
116_116_76_72_0_29_32_64_0_3_0_0_0_24_0_null_[0, 64, 4, 0]
117_117_76_72_0_29_32_64_0_3_0_0_0_24_0_null_[0, 64, 4, 0]
118_118_76_72_0_29_32_64_0_3_0_0_0_24_0_null_[0, 64, 4, 0]
119_119_76_72_0_29_32_64_0_3_0_0_0_24_0_null_[0, 64, 4, 0]
120_120_76_72_0_29_32_64_0_3_0_0_0_24_0_null_[0, 64, 4, 0]
121_121_76_72_0_29_32_64_0_3_0_0_0_24_0_null_[0, 64, 4, 0]
122_122_76_72_0_29_32_64_0_3_0_0_0_24_0_null_[0, 64, 4, 0]
123_123_76_72_0_29_32_64_0_3_0_0_0_24_0_null_[0, 64, 4, 0]
124_124_76_72_0_29_32_64_0_3_0_0_0_24_0_null_[0, 64, 4, 0]
125_125_76_72_0_29_32_64_0_3_0_0_0_24_0_null_[0, 64, 4, 0]
126_126_76_72_0_29_32_64_0_3_0_0_0_24_0_null_[0, 64, 4, 0]
127_127_76_72_0_29_32_64_0_3_0_0_0_24_0_null_[0, 64, 4, 0]
