0_0_176_35_0_42_32_64_64_0_0_0_0_24_0_[0, 64, 7, 37, -1, 0]_[0, 64, 3, 8, 12, 0]
1_1_176_35_0_42_32_64_64_0_0_0_0_24_0_[0, 64, 7, 37, -1, 0]_[0, 64, 3, 8, 12, 0]
2_2_176_35_0_42_32_64_64_0_0_0_0_24_0_[0, 64, 7, 37, -1, 0]_[0, 64, 3, 8, 12, 0]
3_3_176_35_0_42_32_64_64_0_0_0_0_24_0_[0, 64, 7, 37, -1, 0]_[0, 64, 3, 8, 12, 0]
4_4_176_35_0_42_32_64_64_0_0_0_0_24_0_[0, 64, 7, 37, -1, 0]_[0, 64, 3, 8, 12, 0]
5_5_176_35_0_42_32_64_64_0_0_0_0_24_0_[0, 64, 7, 37, -1, 0]_[0, 64, 3, 8, 12, 0]
6_6_176_35_0_42_32_64_64_0_0_0_0_24_0_[0, 64, 7, 37, -1, 0]_[0, 64, 3, 8, 12, 0]
7_7_176_35_0_42_32_64_64_0_0_0_0_24_0_[0, 64, 7, 37, -1, 0]_[0, 64, 3, 8, 12, 0]
8_8_176_35_0_42_32_64_64_0_0_0_0_24_0_[0, 64, 7, 37, -1, 0]_[0, 64, 3, 8, 12, 0]
9_9_176_35_0_42_32_64_64_0_0_0_0_24_0_[0, 64, 7, 37, -1, 0]_[0, 64, 3, 8, 12, 0]
10_10_176_35_0_42_32_64_64_0_0_0_0_24_0_[0, 64, 7, 37, -1, 0]_[0, 64, 3, 8, 12, 0]
11_11_176_35_0_42_32_64_64_0_0_0_0_24_0_[0, 64, 7, 37, -1, 0]_[0, 64, 3, 8, 12, 0]
12_12_176_35_0_42_32_64_64_0_0_0_0_24_0_[0, 64, 7, 37, -1, 0]_[0, 64, 3, 8, 12, 0]
13_13_176_35_0_42_32_64_64_0_0_0_0_24_0_[0, 64, 7, 37, -1, 0]_[0, 64, 3, 8, 12, 0]
14_14_176_35_0_42_32_64_64_0_0_0_0_24_0_[0, 64, 7, 37, -1, 0]_[0, 64, 3, 8, 12, 0]
15_15_176_35_0_42_32_64_64_0_0_0_0_24_0_[0, 64, 7, 37, -1, 0]_[0, 64, 3, 8, 12, 0]
16_16_176_35_0_42_32_64_64_0_0_0_0_24_0_[0, 64, 7, 37, -1, 0]_[0, 64, 3, 8, 12, 0]
17_17_176_35_0_42_32_64_64_0_0_0_0_24_0_[0, 64, 7, 37, -1, 0]_[0, 64, 3, 8, 12, 0]
18_18_176_35_0_42_32_64_64_0_0_0_0_24_0_[0, 64, 7, 37, -1, 0]_[0, 64, 3, 8, 12, 0]
19_19_176_35_0_42_32_64_64_0_0_0_0_24_0_[0, 64, 7, 37, -1, 0]_[0, 64, 3, 8, 12, 0]
20_20_176_35_0_42_32_64_64_0_0_0_0_24_0_[0, 64, 7, 37, -1, 0]_[0, 64, 3, 8, 12, 0]
21_21_176_35_0_42_32_64_64_0_0_0_0_24_0_[0, 64, 7, 37, -1, 0]_[0, 64, 3, 8, 12, 0]
22_22_176_35_0_42_32_64_64_0_0_0_0_24_0_[0, 64, 7, 37, -1, 0]_[0, 64, 3, 8, 12, 0]
23_23_176_35_0_42_32_64_64_0_0_0_0_24_0_[0, 64, 7, 37, -1, 0]_[0, 64, 3, 8, 12, 0]
24_24_176_35_0_42_32_64_64_0_0_0_0_24_0_[0, 64, 7, 37, -1, 0]_[0, 64, 3, 8, 12, 0]
25_25_176_35_0_42_32_64_64_0_0_0_0_24_0_[0, 64, 7, 37, -1, 0]_[0, 64, 3, 8, 12, 0]
26_26_176_35_0_42_32_64_64_0_0_0_0_24_0_[0, 64, 7, 37, -1, 0]_[0, 64, 3, 8, 12, 0]
27_27_176_35_0_42_32_64_64_0_0_0_0_24_0_[0, 64, 7, 37, -1, 0]_[0, 64, 3, 8, 12, 0]
28_28_176_35_0_42_32_64_64_0_0_0_0_24_0_[0, 64, 7, 37, -1, 0]_[0, 64, 3, 8, 12, 0]
29_29_176_35_0_42_32_64_64_0_0_0_0_24_0_[0, 64, 7, 37, -1, 0]_[0, 64, 3, 8, 12, 0]
30_30_176_35_0_42_32_64_64_0_0_0_0_24_0_[0, 64, 7, 37, -1, 0]_[0, 64, 3, 8, 12, 0]
31_31_176_35_0_42_32_64_64_0_0_0_0_24_0_[0, 64, 7, 37, -1, 0]_[0, 64, 3, 8, 12, 0]
32_32_176_35_0_42_32_64_64_0_0_0_0_24_0_[0, 64, 7, 37, -1, 0]_[0, 64, 3, 8, 12, 0]
33_33_176_35_0_42_32_64_64_0_0_0_0_24_0_[0, 64, 7, 37, -1, 0]_[0, 64, 3, 8, 12, 0]
34_34_176_35_0_42_32_64_64_0_0_0_0_24_0_[0, 64, 7, 37, -1, 0]_[0, 64, 3, 8, 12, 0]
35_35_176_35_0_42_32_64_64_0_0_0_0_24_0_[0, 64, 7, 37, -1, 0]_[0, 64, 3, 8, 12, 0]
36_36_176_35_0_42_32_64_64_0_0_0_0_24_0_[0, 64, 7, 37, -1, 0]_[0, 64, 3, 8, 12, 0]
37_37_299_47_0_42_32_64_64_0_0_0_0_24_0_[0, 64, 7, 37, -1, 0]_[0, 64, 3, 8, 12, 0]
38_38_299_47_0_42_32_64_64_0_0_0_0_24_0_[0, 64, 7, 37, -1, 0]_[0, 64, 3, 8, 12, 0]
39_39_299_47_0_42_32_64_64_0_0_0_0_24_0_[0, 64, 7, 37, -1, 0]_[0, 64, 3, 8, 12, 0]
40_40_299_47_0_42_32_64_64_0_0_0_0_24_0_[0, 64, 7, 37, -1, 0]_[0, 64, 3, 8, 12, 0]
41_41_299_47_0_42_32_64_64_0_0_0_0_24_0_[0, 64, 7, 37, -1, 0]_[0, 64, 3, 8, 12, 0]
42_42_299_47_0_42_32_64_64_0_0_0_0_24_0_[0, 64, 7, 37, -1, 0]_[0, 64, 3, 8, 12, 0]
43_43_299_47_0_42_32_64_64_0_0_0_0_24_0_[0, 64, 7, 37, -1, 0]_[0, 64, 3, 8, 12, 0]
44_44_299_47_0_42_32_64_64_0_0_0_0_24_0_[0, 64, 7, 37, -1, 0]_[0, 64, 3, 8, 12, 0]
45_45_299_47_0_42_32_64_64_0_0_0_0_24_0_[0, 64, 7, 37, -1, 0]_[0, 64, 3, 8, 12, 0]
46_46_299_47_0_42_32_64_64_0_0_0_0_24_0_[0, 64, 7, 37, -1, 0]_[0, 64, 3, 8, 12, 0]
47_47_299_47_0_42_32_64_64_0_0_0_0_24_0_[0, 64, 7, 37, -1, 0]_[0, 64, 3, 8, 12, 0]
48_48_299_47_0_42_32_64_64_0_0_0_0_24_0_[0, 64, 7, 37, -1, 0]_[0, 64, 3, 8, 12, 0]
49_49_299_47_0_42_32_64_64_0_0_0_0_24_0_[0, 64, 7, 37, -1, 0]_[0, 64, 3, 8, 12, 0]
50_50_299_47_0_42_32_64_64_0_0_0_0_24_0_[0, 64, 7, 37, -1, 0]_[0, 64, 3, 8, 12, 0]
51_51_299_47_0_42_32_64_64_0_0_0_0_24_0_[0, 64, 7, 37, -1, 0]_[0, 64, 3, 8, 12, 0]
52_52_299_47_0_42_32_64_64_0_0_0_0_24_0_[0, 64, 7, 37, -1, 0]_[0, 64, 3, 8, 12, 0]
53_53_299_47_0_42_32_64_64_0_0_0_0_24_0_[0, 64, 7, 37, -1, 0]_[0, 64, 3, 8, 12, 0]
54_54_299_47_0_42_32_64_64_0_0_0_0_24_0_[0, 64, 7, 37, -1, 0]_[0, 64, 3, 8, 12, 0]
55_55_299_47_0_42_32_64_64_0_0_0_0_24_0_[0, 64, 7, 37, -1, 0]_[0, 64, 3, 8, 12, 0]
56_56_12_59_0_42_32_64_64_0_0_0_0_24_0_[0, 64, 7, 37, -1, 0]_[0, 64, 3, 8, 12, 0]
57_57_12_59_0_42_32_64_64_0_0_0_0_24_0_[0, 64, 7, 37, -1, 0]_[0, 64, 3, 8, 12, 0]
58_58_12_59_0_42_32_64_64_0_0_0_0_24_0_[0, 64, 7, 37, -1, 0]_[0, 64, 3, 8, 12, 0]
59_59_12_59_0_42_32_64_64_0_0_0_0_24_0_[0, 64, 7, 37, -1, 0]_[0, 64, 3, 8, 12, 0]
60_60_12_59_0_42_32_64_64_0_0_0_0_24_0_[0, 64, 7, 37, -1, 0]_[0, 64, 3, 8, 12, 0]
61_61_12_59_0_42_32_64_64_0_0_0_0_24_0_[0, 64, 7, 37, -1, 0]_[0, 64, 3, 8, 12, 0]
62_62_12_59_0_42_32_64_64_0_0_0_0_24_0_[0, 64, 7, 37, -1, 0]_[0, 64, 3, 8, 12, 0]
63_63_12_59_0_42_32_64_64_0_0_0_0_24_0_[0, 64, 7, 37, -1, 0]_[0, 64, 3, 8, 12, 0]
64_64_12_59_0_42_32_64_64_0_0_0_0_24_0_[0, 64, 7, 37, -1, 0]_[0, 64, 3, 8, 12, 0]
65_65_12_59_0_42_32_64_64_0_0_0_0_24_0_[0, 64, 7, 37, -1, 0]_[0, 64, 3, 8, 12, 0]
66_66_12_59_0_42_32_64_64_0_0_0_0_24_0_[0, 64, 7, 37, -1, 0]_[0, 64, 3, 8, 12, 0]
67_67_12_59_0_42_32_64_64_0_0_0_0_24_0_[0, 64, 7, 37, -1, 0]_[0, 64, 3, 8, 12, 0]
68_68_12_59_0_42_32_64_64_0_0_0_0_24_0_[0, 64, 7, 37, -1, 0]_[0, 64, 3, 8, 12, 0]
69_69_12_59_0_42_32_64_64_0_0_0_0_24_0_[0, 64, 7, 37, -1, 0]_[0, 64, 3, 8, 12, 0]
70_70_394_71_0_42_32_64_64_0_0_0_0_24_0_[0, 64, 7, 37, -1, 0]_[0, 64, 3, 8, 12, 0]
71_71_394_71_0_42_32_64_64_0_0_0_0_24_0_[0, 64, 7, 37, -1, 0]_[0, 64, 3, 8, 12, 0]
72_72_394_71_0_42_32_64_64_0_0_0_0_24_0_[0, 64, 7, 37, -1, 0]_[0, 64, 3, 8, 12, 0]
73_73_394_71_0_42_32_64_64_0_0_0_0_24_0_[0, 64, 7, 37, -1, 0]_[0, 64, 3, 8, 12, 0]
74_74_394_71_0_42_32_64_64_0_0_0_0_24_0_[0, 64, 7, 37, -1, 0]_[0, 64, 3, 8, 12, 0]
75_75_394_71_0_42_32_64_64_0_0_0_0_24_0_[0, 64, 7, 37, -1, 0]_[0, 64, 3, 8, 12, 0]
76_76_394_71_0_42_32_64_64_0_0_0_0_24_0_[0, 64, 7, 37, -1, 0]_[0, 64, 3, 8, 12, 0]
77_77_394_71_0_42_32_64_64_0_0_0_0_24_0_[0, 64, 7, 37, -1, 0]_[0, 64, 3, 8, 12, 0]
78_78_394_71_0_42_32_64_64_0_0_0_0_24_0_[0, 64, 7, 37, -1, 0]_[0, 64, 3, 8, 12, 0]
79_79_394_71_0_42_32_64_64_0_0_0_0_24_0_[0, 64, 7, 37, -1, 0]_[0, 64, 3, 8, 12, 0]
80_80_13_83_0_42_32_64_64_0_0_0_0_24_0_[0, 64, 7, 37, -1, 0]_[0, 64, 3, 8, 12, 0]
81_81_13_83_0_42_32_64_64_0_0_0_0_24_0_[0, 64, 7, 37, -1, 0]_[0, 64, 3, 8, 12, 0]
82_82_13_83_0_42_32_64_64_0_0_0_0_24_0_[0, 64, 7, 37, -1, 0]_[0, 64, 3, 8, 12, 0]
83_83_13_83_0_42_32_64_64_0_0_0_0_24_0_[0, 64, 7, 37, -1, 0]_[0, 64, 3, 8, 12, 0]
84_84_13_83_0_42_32_64_64_0_0_0_0_24_0_[0, 64, 7, 37, -1, 0]_[0, 64, 3, 8, 12, 0]
85_85_13_83_0_42_32_64_64_0_0_0_0_24_0_[0, 64, 7, 37, -1, 0]_[0, 64, 3, 8, 12, 0]
86_86_13_83_0_42_32_64_64_0_0_0_0_24_0_[0, 64, 7, 37, -1, 0]_[0, 64, 3, 8, 12, 0]
87_87_13_83_0_42_32_64_64_0_0_0_0_24_0_[0, 64, 7, 37, -1, 0]_[0, 64, 3, 8, 12, 0]
88_88_13_83_0_42_32_64_64_0_0_0_0_24_0_[0, 64, 7, 37, -1, 0]_[0, 64, 3, 8, 12, 0]
89_89_13_83_0_42_32_64_64_0_0_0_0_24_0_[0, 64, 7, 37, -1, 0]_[0, 64, 3, 8, 12, 0]
90_90_13_83_0_42_32_64_64_0_0_0_0_24_0_[0, 64, 7, 37, -1, 0]_[0, 64, 3, 8, 12, 0]
91_91_13_83_0_42_32_64_64_0_0_0_0_24_0_[0, 64, 7, 37, -1, 0]_[0, 64, 3, 8, 12, 0]
92_92_13_83_0_42_32_64_64_0_0_0_0_24_0_[0, 64, 7, 37, -1, 0]_[0, 64, 3, 8, 12, 0]
93_93_13_83_0_42_32_64_64_0_0_0_0_24_0_[0, 64, 7, 37, -1, 0]_[0, 64, 3, 8, 12, 0]
94_94_13_83_0_42_32_64_64_0_0_0_0_24_0_[0, 64, 7, 37, -1, 0]_[0, 64, 3, 8, 12, 0]
95_95_13_83_0_42_32_64_64_0_0_0_0_24_0_[0, 64, 7, 37, -1, 0]_[0, 64, 3, 8, 12, 0]
96_96_13_83_0_42_32_64_64_0_0_0_0_24_0_[0, 64, 7, 37, -1, 0]_[0, 64, 3, 8, 12, 0]
97_97_13_83_0_42_32_64_64_0_0_0_0_24_0_[0, 64, 7, 37, -1, 0]_[0, 64, 3, 8, 12, 0]
98_98_13_83_0_42_32_64_64_0_0_0_0_24_0_[0, 64, 7, 37, -1, 0]_[0, 64, 3, 8, 12, 0]
99_99_13_83_0_42_32_64_64_0_0_0_0_24_0_[0, 64, 7, 37, -1, 0]_[0, 64, 3, 8, 12, 0]
100_100_13_83_0_42_32_64_64_0_0_0_0_24_0_[0, 64, 7, 37, -1, 0]_[0, 64, 3, 8, 12, 0]
101_101_13_83_0_42_32_64_64_0_0_0_0_24_0_[0, 64, 7, 37, -1, 0]_[0, 64, 3, 8, 12, 0]
102_102_13_83_0_42_32_64_64_0_0_0_0_24_0_[0, 64, 7, 37, -1, 0]_[0, 64, 3, 8, 12, 0]
103_103_13_83_0_42_32_64_64_0_0_0_0_24_0_[0, 64, 7, 37, -1, 0]_[0, 64, 3, 8, 12, 0]
104_104_13_83_0_42_32_64_64_0_0_0_0_24_0_[0, 64, 7, 37, -1, 0]_[0, 64, 3, 8, 12, 0]
105_105_13_83_0_42_32_64_64_0_0_0_0_24_0_[0, 64, 7, 37, -1, 0]_[0, 64, 3, 8, 12, 0]
106_106_13_83_0_42_32_64_64_0_0_0_0_24_0_[0, 64, 7, 37, -1, 0]_[0, 64, 3, 8, 12, 0]
107_107_13_83_0_42_32_64_64_0_0_0_0_24_0_[0, 64, 7, 37, -1, 0]_[0, 64, 3, 8, 12, 0]
108_108_13_83_0_42_32_64_64_0_0_0_0_24_0_[0, 64, 7, 37, -1, 0]_[0, 64, 3, 8, 12, 0]
109_109_13_83_0_42_32_64_64_0_0_0_0_24_0_[0, 64, 7, 37, -1, 0]_[0, 64, 3, 8, 12, 0]
110_110_13_83_0_42_32_64_64_0_0_0_0_24_0_[0, 64, 7, 37, -1, 0]_[0, 64, 3, 8, 12, 0]
111_111_13_83_0_42_32_64_64_0_0_0_0_24_0_[0, 64, 7, 37, -1, 0]_[0, 64, 3, 8, 12, 0]
112_112_13_83_0_42_32_64_64_0_0_0_0_24_0_[0, 64, 7, 37, -1, 0]_[0, 64, 3, 8, 12, 0]
113_113_13_83_0_42_32_64_64_0_0_0_0_24_0_[0, 64, 7, 37, -1, 0]_[0, 64, 3, 8, 12, 0]
114_114_13_83_0_42_32_64_64_0_0_0_0_24_0_[0, 64, 7, 37, -1, 0]_[0, 64, 3, 8, 12, 0]
115_115_13_83_0_42_32_64_64_0_0_0_0_24_0_[0, 64, 7, 37, -1, 0]_[0, 64, 3, 8, 12, 0]
116_116_13_83_0_42_32_64_64_0_0_0_0_24_0_[0, 64, 7, 37, -1, 0]_[0, 64, 3, 8, 12, 0]
117_117_13_83_0_42_32_64_64_0_0_0_0_24_0_[0, 64, 7, 37, -1, 0]_[0, 64, 3, 8, 12, 0]
118_118_13_83_0_42_32_64_64_0_0_0_0_24_0_[0, 64, 7, 37, -1, 0]_[0, 64, 3, 8, 12, 0]
119_119_13_83_0_42_32_64_64_0_0_0_0_24_0_[0, 64, 7, 37, -1, 0]_[0, 64, 3, 8, 12, 0]
120_120_13_83_0_42_32_64_64_0_0_0_0_24_0_[0, 64, 7, 37, -1, 0]_[0, 64, 3, 8, 12, 0]
121_121_13_83_0_42_32_64_64_0_0_0_0_24_0_[0, 64, 7, 37, -1, 0]_[0, 64, 3, 8, 12, 0]
122_122_13_83_0_42_32_64_64_0_0_0_0_24_0_[0, 64, 7, 37, -1, 0]_[0, 64, 3, 8, 12, 0]
123_123_13_83_0_42_32_64_64_0_0_0_0_24_0_[0, 64, 7, 37, -1, 0]_[0, 64, 3, 8, 12, 0]
124_124_13_83_0_42_32_64_64_0_0_0_0_24_0_[0, 64, 7, 37, -1, 0]_[0, 64, 3, 8, 12, 0]
125_125_13_83_0_42_32_64_64_0_0_0_0_24_0_[0, 64, 7, 37, -1, 0]_[0, 64, 3, 8, 12, 0]
126_126_13_83_0_42_32_64_64_0_0_0_0_24_0_[0, 64, 7, 37, -1, 0]_[0, 64, 3, 8, 12, 0]
127_127_13_83_0_42_32_64_64_0_0_0_0_24_0_[0, 64, 7, 37, -1, 0]_[0, 64, 3, 8, 12, 0]
