0_0_406_48_0_25_32_64_0_5_0_0_0_24_0_null_[0, 64, 1, 0]
1_1_406_48_0_25_32_64_0_5_0_0_0_24_0_null_[0, 64, 1, 0]
2_2_406_48_0_25_32_64_0_5_0_0_0_24_0_null_[0, 64, 1, 0]
3_3_406_48_0_25_32_64_0_5_0_0_0_24_0_null_[0, 64, 1, 0]
4_4_406_48_0_25_32_64_0_5_0_0_0_24_0_null_[0, 64, 1, 0]
5_5_406_48_0_25_32_64_0_5_0_0_0_24_0_null_[0, 64, 1, 0]
6_6_406_48_0_25_32_64_0_5_0_0_0_24_0_null_[0, 64, 1, 0]
7_7_406_48_0_25_32_64_0_5_0_0_0_24_0_null_[0, 64, 1, 0]
8_8_406_48_0_25_32_64_0_5_0_0_0_24_0_null_[0, 64, 1, 0]
9_9_406_48_0_25_32_64_0_5_0_0_0_24_0_null_[0, 64, 1, 0]
10_10_406_48_0_25_32_64_0_5_0_0_0_24_0_null_[0, 64, 1, 0]
11_11_406_48_0_25_32_64_0_5_0_0_0_24_0_null_[0, 64, 1, 0]
12_12_406_48_0_25_32_64_0_5_0_0_0_24_0_null_[0, 64, 1, 0]
13_13_406_48_0_25_32_64_0_5_0_0_0_24_0_null_[0, 64, 1, 0]
14_14_406_48_0_25_32_64_0_5_0_0_0_24_0_null_[0, 64, 1, 0]
15_15_406_48_0_25_32_64_0_5_0_0_0_24_0_null_[0, 64, 1, 0]
16_16_406_48_0_25_32_64_0_5_0_0_0_24_0_null_[0, 64, 1, 0]
17_17_406_48_0_25_32_64_0_5_0_0_0_24_0_null_[0, 64, 1, 0]
18_18_406_48_0_25_32_64_0_5_0_0_0_24_0_null_[0, 64, 1, 0]
19_19_406_48_0_25_32_64_0_5_0_0_0_24_0_null_[0, 64, 1, 0]
20_20_406_48_0_25_32_64_0_5_0_0_0_24_0_null_[0, 64, 1, 0]
21_21_406_48_0_25_32_64_0_5_0_0_0_24_0_null_[0, 64, 1, 0]
22_22_406_48_0_25_32_64_0_5_0_0_0_24_0_null_[0, 64, 1, 0]
23_23_406_48_0_25_32_64_0_5_0_0_0_24_0_null_[0, 64, 1, 0]
24_24_406_48_0_25_32_64_0_5_0_0_0_24_0_null_[0, 64, 1, 0]
25_25_406_48_0_25_32_64_0_5_0_0_0_24_0_null_[0, 64, 1, 0]
26_26_406_48_0_25_32_64_0_5_0_0_0_24_0_null_[0, 64, 1, 0]
27_27_406_48_0_25_32_64_0_5_0_0_0_24_0_null_[0, 64, 1, 0]
28_28_406_48_0_25_32_64_0_5_0_0_0_24_0_null_[0, 64, 1, 0]
29_29_406_48_0_25_32_64_0_5_0_0_0_24_0_null_[0, 64, 1, 0]
30_30_406_48_0_25_32_64_0_5_0_0_0_24_0_null_[0, 64, 1, 0]
31_31_406_48_0_25_32_64_0_5_0_0_0_24_0_null_[0, 64, 1, 0]
32_32_406_48_0_25_32_64_0_5_0_0_0_24_0_null_[0, 64, 1, 0]
33_33_406_48_0_25_32_64_0_5_0_0_0_24_0_null_[0, 64, 1, 0]
34_34_406_48_0_25_32_64_0_5_0_0_0_24_0_null_[0, 64, 1, 0]
35_35_406_48_0_25_32_64_0_5_0_0_0_24_0_null_[0, 64, 1, 0]
36_36_406_48_0_25_32_64_0_5_0_0_0_24_0_null_[0, 64, 1, 0]
37_37_406_48_0_25_32_64_0_5_0_0_0_24_0_null_[0, 64, 1, 0]
38_38_406_48_0_25_32_64_0_5_0_0_0_24_0_null_[0, 64, 1, 0]
39_39_406_48_0_25_32_64_0_5_0_0_0_24_0_null_[0, 64, 1, 0]
40_40_406_48_0_25_32_64_0_5_0_0_0_24_0_null_[0, 64, 1, 0]
41_41_406_48_0_25_32_64_0_5_0_0_0_24_0_null_[0, 64, 1, 0]
42_42_406_48_0_25_32_64_0_5_0_0_0_24_0_null_[0, 64, 1, 0]
43_43_406_48_0_25_32_64_0_5_0_0_0_24_0_null_[0, 64, 1, 0]
44_44_406_48_0_25_32_64_0_5_0_0_0_24_0_null_[0, 64, 1, 0]
45_45_406_48_0_25_32_64_0_5_0_0_0_24_0_null_[0, 64, 1, 0]
46_46_406_48_0_25_32_64_0_5_0_0_0_24_0_null_[0, 64, 1, 0]
47_47_406_48_0_25_32_64_0_5_0_0_0_24_0_null_[0, 64, 1, 0]
48_48_406_48_0_25_32_64_0_5_0_0_0_24_0_null_[0, 64, 1, 0]
49_49_406_48_0_25_32_64_0_5_0_0_0_24_0_null_[0, 64, 1, 0]
50_50_406_48_0_25_32_64_0_5_0_0_0_24_0_null_[0, 64, 1, 0]
51_51_406_48_0_25_32_64_0_5_0_0_0_24_0_null_[0, 64, 1, 0]
52_52_406_48_0_25_32_64_0_5_0_0_0_24_0_null_[0, 64, 1, 0]
53_53_406_48_0_25_32_64_0_5_0_0_0_24_0_null_[0, 64, 1, 0]
54_54_406_48_0_25_32_64_0_5_0_0_0_24_0_null_[0, 64, 1, 0]
55_55_406_48_0_25_32_64_0_5_0_0_0_24_0_null_[0, 64, 1, 0]
56_56_406_48_0_25_32_64_0_5_0_0_0_24_0_null_[0, 64, 1, 0]
57_57_406_48_0_25_32_64_0_5_0_0_0_24_0_null_[0, 64, 1, 0]
58_58_406_48_0_25_32_64_0_5_0_0_0_24_0_null_[0, 64, 1, 0]
59_59_406_48_0_25_32_64_0_5_0_0_0_24_0_null_[0, 64, 1, 0]
60_60_406_48_0_25_32_64_0_5_0_0_0_24_0_null_[0, 64, 1, 0]
61_61_406_48_0_25_32_64_0_5_0_0_0_24_0_null_[0, 64, 1, 0]
62_62_406_48_0_25_32_64_0_5_0_0_0_24_0_null_[0, 64, 1, 0]
63_63_406_48_0_25_32_64_0_5_0_0_0_24_0_null_[0, 64, 1, 0]
64_64_406_48_0_25_32_64_0_5_0_0_0_24_0_null_[0, 64, 1, 0]
65_65_406_48_0_25_32_64_0_5_0_0_0_24_0_null_[0, 64, 1, 0]
66_66_406_48_0_25_32_64_0_5_0_0_0_24_0_null_[0, 64, 1, 0]
67_67_406_48_0_25_32_64_0_5_0_0_0_24_0_null_[0, 64, 1, 0]
68_68_406_48_0_25_32_64_0_5_0_0_0_24_0_null_[0, 64, 1, 0]
69_69_406_48_0_25_32_64_0_5_0_0_0_24_0_null_[0, 64, 1, 0]
70_70_406_48_0_25_32_64_0_5_0_0_0_24_0_null_[0, 64, 1, 0]
71_71_406_48_0_25_32_64_0_5_0_0_0_24_0_null_[0, 64, 1, 0]
72_72_406_48_0_25_32_64_0_5_0_0_0_24_0_null_[0, 64, 1, 0]
73_73_406_48_0_25_32_64_0_5_0_0_0_24_0_null_[0, 64, 1, 0]
74_74_406_48_0_25_32_64_0_5_0_0_0_24_0_null_[0, 64, 1, 0]
75_75_406_48_0_25_32_64_0_5_0_0_0_24_0_null_[0, 64, 1, 0]
76_76_406_48_0_25_32_64_0_5_0_0_0_24_0_null_[0, 64, 1, 0]
77_77_406_48_0_25_32_64_0_5_0_0_0_24_0_null_[0, 64, 1, 0]
78_78_406_48_0_25_32_64_0_5_0_0_0_24_0_null_[0, 64, 1, 0]
79_79_406_48_0_25_32_64_0_5_0_0_0_24_0_null_[0, 64, 1, 0]
80_80_406_48_0_25_32_64_0_5_0_0_0_24_0_null_[0, 64, 1, 0]
81_81_406_48_0_25_32_64_0_5_0_0_0_24_0_null_[0, 64, 1, 0]
82_82_406_48_0_25_32_64_0_5_0_0_0_24_0_null_[0, 64, 1, 0]
83_83_406_48_0_25_32_64_0_5_0_0_0_24_0_null_[0, 64, 1, 0]
84_84_406_48_0_25_32_64_0_5_0_0_0_24_0_null_[0, 64, 1, 0]
85_85_406_48_0_25_32_64_0_5_0_0_0_24_0_null_[0, 64, 1, 0]
86_86_406_48_0_25_32_64_0_5_0_0_0_24_0_null_[0, 64, 1, 0]
87_87_406_48_0_25_32_64_0_5_0_0_0_24_0_null_[0, 64, 1, 0]
88_88_406_48_0_25_32_64_0_5_0_0_0_24_0_null_[0, 64, 1, 0]
89_89_406_48_0_25_32_64_0_5_0_0_0_24_0_null_[0, 64, 1, 0]
90_90_406_48_0_25_32_64_0_5_0_0_0_24_0_null_[0, 64, 1, 0]
91_91_406_48_0_25_32_64_0_5_0_0_0_24_0_null_[0, 64, 1, 0]
92_92_406_48_0_25_32_64_0_5_0_0_0_24_0_null_[0, 64, 1, 0]
93_93_406_48_0_25_32_64_0_5_0_0_0_24_0_null_[0, 64, 1, 0]
94_94_406_48_0_25_32_64_0_5_0_0_0_24_0_null_[0, 64, 1, 0]
95_95_406_48_0_25_32_64_0_5_0_0_0_24_0_null_[0, 64, 1, 0]
96_96_406_48_0_25_32_64_0_5_0_0_0_24_0_null_[0, 64, 1, 0]
97_97_406_48_0_25_32_64_0_5_0_0_0_24_0_null_[0, 64, 1, 0]
98_98_406_48_0_25_32_64_0_5_0_0_0_24_0_null_[0, 64, 1, 0]
99_99_406_48_0_25_32_64_0_5_0_0_0_24_0_null_[0, 64, 1, 0]
100_100_406_48_0_25_32_64_0_5_0_0_0_24_0_null_[0, 64, 1, 0]
101_101_406_48_0_25_32_64_0_5_0_0_0_24_0_null_[0, 64, 1, 0]
102_102_406_48_0_25_32_64_0_5_0_0_0_24_0_null_[0, 64, 1, 0]
103_103_406_48_0_25_32_64_0_5_0_0_0_24_0_null_[0, 64, 1, 0]
104_104_406_48_0_25_32_64_0_5_0_0_0_24_0_null_[0, 64, 1, 0]
105_105_406_48_0_25_32_64_0_5_0_0_0_24_0_null_[0, 64, 1, 0]
106_106_406_48_0_25_32_64_0_5_0_0_0_24_0_null_[0, 64, 1, 0]
107_107_406_48_0_25_32_64_0_5_0_0_0_24_0_null_[0, 64, 1, 0]
108_108_406_48_0_25_32_64_0_5_0_0_0_24_0_null_[0, 64, 1, 0]
109_109_406_48_0_25_32_64_0_5_0_0_0_24_0_null_[0, 64, 1, 0]
110_110_406_48_0_25_32_64_0_5_0_0_0_24_0_null_[0, 64, 1, 0]
111_111_406_48_0_25_32_64_0_5_0_0_0_24_0_null_[0, 64, 1, 0]
112_112_406_48_0_25_32_64_0_5_0_0_0_24_0_null_[0, 64, 1, 0]
113_113_406_48_0_25_32_64_0_5_0_0_0_24_0_null_[0, 64, 1, 0]
114_114_406_48_0_25_32_64_0_5_0_0_0_24_0_null_[0, 64, 1, 0]
115_115_406_48_0_25_32_64_0_5_0_0_0_24_0_null_[0, 64, 1, 0]
116_116_406_48_0_25_32_64_0_5_0_0_0_24_0_null_[0, 64, 1, 0]
117_117_406_48_0_25_32_64_0_5_0_0_0_24_0_null_[0, 64, 1, 0]
118_118_406_48_0_25_32_64_0_5_0_0_0_24_0_null_[0, 64, 1, 0]
119_119_406_48_0_25_32_64_0_5_0_0_0_24_0_null_[0, 64, 1, 0]
120_120_406_48_0_25_32_64_0_5_0_0_0_24_0_null_[0, 64, 1, 0]
121_121_406_48_0_25_32_64_0_5_0_0_0_24_0_null_[0, 64, 1, 0]
122_122_406_48_0_25_32_64_0_5_0_0_0_24_0_null_[0, 64, 1, 0]
123_123_406_48_0_25_32_64_0_5_0_0_0_24_0_null_[0, 64, 1, 0]
124_124_406_48_0_25_32_64_0_5_0_0_0_24_0_null_[0, 64, 1, 0]
125_125_406_48_0_25_32_64_0_5_0_0_0_24_0_null_[0, 64, 1, 0]
126_126_406_48_0_25_32_64_0_5_0_0_0_24_0_null_[0, 64, 1, 0]
127_127_406_48_0_25_32_64_0_5_0_0_0_24_0_null_[0, 64, 1, 0]
