0_0_89_33_0_33_33_64_0_4_0_0_0_24_0_[0, 64, 12, 48, 33, 18, 53, 0]_[0, 64, 3, 0]
1_1_89_33_0_33_33_64_0_4_0_0_0_24_0_[0, 64, 12, 48, 33, 18, 53, 0]_[0, 64, 3, 0]
2_2_89_33_0_33_33_64_0_4_0_0_0_24_0_[0, 64, 12, 48, 33, 18, 53, 0]_[0, 64, 3, 0]
3_3_89_33_0_33_33_64_0_4_0_0_0_24_0_[0, 64, 12, 48, 33, 18, 53, 0]_[0, 64, 3, 0]
4_4_89_33_0_33_33_64_0_4_0_0_0_24_0_[0, 64, 12, 48, 33, 18, 53, 0]_[0, 64, 3, 0]
5_5_89_33_0_33_33_64_0_4_0_0_0_24_0_[0, 64, 12, 48, 33, 18, 53, 0]_[0, 64, 3, 0]
6_6_89_33_0_33_33_64_0_4_0_0_0_24_0_[0, 64, 12, 48, 33, 18, 53, 0]_[0, 64, 3, 0]
7_7_89_33_0_33_33_64_0_4_0_0_0_24_0_[0, 64, 12, 48, 33, 18, 53, 0]_[0, 64, 3, 0]
8_8_89_33_0_33_33_64_0_4_0_0_0_24_0_[0, 64, 12, 48, 33, 18, 53, 0]_[0, 64, 3, 0]
9_9_89_33_0_33_33_64_0_4_0_0_0_24_0_[0, 64, 12, 48, 33, 18, 53, 0]_[0, 64, 3, 0]
10_10_89_33_0_33_33_64_0_4_0_0_0_24_0_[0, 64, 12, 48, 33, 18, 53, 0]_[0, 64, 3, 0]
11_11_89_33_0_33_33_64_0_4_0_0_0_24_0_[0, 64, 12, 48, 33, 18, 53, 0]_[0, 64, 3, 0]
12_12_89_33_0_33_33_64_0_4_0_0_0_24_0_[0, 64, 12, 48, 33, 18, 53, 0]_[0, 64, 3, 0]
13_13_89_33_0_33_33_64_0_4_0_0_0_24_0_[0, 64, 12, 48, 33, 18, 53, 0]_[0, 64, 3, 0]
14_14_89_33_0_33_33_64_0_4_0_0_0_24_0_[0, 64, 12, 48, 33, 18, 53, 0]_[0, 64, 3, 0]
15_15_89_33_0_33_33_64_0_4_0_0_0_24_0_[0, 64, 12, 48, 33, 18, 53, 0]_[0, 64, 3, 0]
16_16_89_33_0_33_33_64_0_4_0_0_0_24_0_[0, 64, 12, 48, 33, 18, 53, 0]_[0, 64, 3, 0]
17_17_89_33_0_33_33_64_0_4_0_0_0_24_0_[0, 64, 12, 48, 33, 18, 53, 0]_[0, 64, 3, 0]
18_18_89_33_0_33_33_64_0_4_0_0_0_24_0_[0, 64, 12, 48, 33, 18, 53, 0]_[0, 64, 3, 0]
19_19_89_33_0_33_33_64_0_4_0_0_0_24_0_[0, 64, 12, 48, 33, 18, 53, 0]_[0, 64, 3, 0]
20_20_89_33_0_33_33_64_0_4_0_0_0_24_0_[0, 64, 12, 48, 33, 18, 53, 0]_[0, 64, 3, 0]
21_21_89_33_0_33_33_64_0_4_0_0_0_24_0_[0, 64, 12, 48, 33, 18, 53, 0]_[0, 64, 3, 0]
22_22_89_33_0_33_33_64_0_4_0_0_0_24_0_[0, 64, 12, 48, 33, 18, 53, 0]_[0, 64, 3, 0]
23_23_89_33_0_33_33_64_0_4_0_0_0_24_0_[0, 64, 12, 48, 33, 18, 53, 0]_[0, 64, 3, 0]
24_24_89_33_0_33_33_64_0_4_0_0_0_24_0_[0, 64, 12, 48, 33, 18, 53, 0]_[0, 64, 3, 0]
25_25_89_33_0_33_33_64_0_4_0_0_0_24_0_[0, 64, 12, 48, 33, 18, 53, 0]_[0, 64, 3, 0]
26_26_89_33_0_33_33_64_0_4_0_0_0_24_0_[0, 64, 12, 48, 33, 18, 53, 0]_[0, 64, 3, 0]
27_27_89_33_0_33_33_64_0_4_0_0_0_24_0_[0, 64, 12, 48, 33, 18, 53, 0]_[0, 64, 3, 0]
28_28_89_33_0_33_33_64_0_4_0_0_0_24_0_[0, 64, 12, 48, 33, 18, 53, 0]_[0, 64, 3, 0]
29_29_89_33_0_33_33_64_0_4_0_0_0_24_0_[0, 64, 12, 48, 33, 18, 53, 0]_[0, 64, 3, 0]
30_30_89_33_0_33_33_64_0_4_0_0_0_24_0_[0, 64, 12, 48, 33, 18, 53, 0]_[0, 64, 3, 0]
31_31_89_33_0_33_33_64_0_4_0_0_0_24_0_[0, 64, 12, 48, 33, 18, 53, 0]_[0, 64, 3, 0]
32_32_89_33_0_33_33_64_0_4_0_0_0_24_0_[0, 64, 12, 48, 33, 18, 53, 0]_[0, 64, 3, 0]
33_33_89_33_0_33_33_64_0_4_0_0_0_24_0_[0, 64, 12, 48, 33, 18, 53, 0]_[0, 64, 3, 0]
34_34_89_33_0_33_33_64_0_4_0_0_0_24_0_[0, 64, 12, 48, 33, 18, 53, 0]_[0, 64, 3, 0]
35_35_89_33_0_33_33_64_0_4_0_0_0_24_0_[0, 64, 12, 48, 33, 18, 53, 0]_[0, 64, 3, 0]
36_36_89_33_0_33_33_64_0_4_0_0_0_24_0_[0, 64, 12, 48, 33, 18, 53, 0]_[0, 64, 3, 0]
37_37_88_31_0_33_33_64_0_4_0_0_0_24_0_[0, 64, 12, 48, 33, 18, 53, 0]_[0, 64, 3, 0]
38_38_88_31_0_33_33_64_0_4_0_0_0_24_0_[0, 64, 12, 48, 33, 18, 53, 0]_[0, 64, 3, 0]
39_39_88_31_0_33_33_64_0_4_0_0_0_24_0_[0, 64, 12, 48, 33, 18, 53, 0]_[0, 64, 3, 0]
40_40_88_31_0_33_33_64_0_4_0_0_0_24_0_[0, 64, 12, 48, 33, 18, 53, 0]_[0, 64, 3, 0]
41_41_88_31_0_33_33_64_0_4_0_0_0_24_0_[0, 64, 12, 48, 33, 18, 53, 0]_[0, 64, 3, 0]
42_42_88_31_0_33_33_64_0_4_0_0_0_24_0_[0, 64, 12, 48, 33, 18, 53, 0]_[0, 64, 3, 0]
43_43_88_31_0_33_33_64_0_4_0_0_0_24_0_[0, 64, 12, 48, 33, 18, 53, 0]_[0, 64, 3, 0]
44_44_88_31_0_33_33_64_0_4_0_0_0_24_0_[0, 64, 12, 48, 33, 18, 53, 0]_[0, 64, 3, 0]
45_45_88_31_0_33_33_64_0_4_0_0_0_24_0_[0, 64, 12, 48, 33, 18, 53, 0]_[0, 64, 3, 0]
46_46_88_31_0_33_33_64_0_4_0_0_0_24_0_[0, 64, 12, 48, 33, 18, 53, 0]_[0, 64, 3, 0]
47_47_88_31_0_33_33_64_0_4_0_0_0_24_0_[0, 64, 12, 48, 33, 18, 53, 0]_[0, 64, 3, 0]
48_48_88_31_0_33_33_64_0_4_0_0_0_24_0_[0, 64, 12, 48, 33, 18, 53, 0]_[0, 64, 3, 0]
49_49_88_31_0_33_33_64_0_4_0_0_0_24_0_[0, 64, 12, 48, 33, 18, 53, 0]_[0, 64, 3, 0]
50_50_88_31_0_33_33_64_0_4_0_0_0_24_0_[0, 64, 12, 48, 33, 18, 53, 0]_[0, 64, 3, 0]
51_51_88_31_0_33_33_64_0_4_0_0_0_24_0_[0, 64, 12, 48, 33, 18, 53, 0]_[0, 64, 3, 0]
52_52_88_31_0_33_33_64_0_4_0_0_0_24_0_[0, 64, 12, 48, 33, 18, 53, 0]_[0, 64, 3, 0]
53_53_88_31_0_33_33_64_0_4_0_0_0_24_0_[0, 64, 12, 48, 33, 18, 53, 0]_[0, 64, 3, 0]
54_54_88_31_0_33_33_64_0_4_0_0_0_24_0_[0, 64, 12, 48, 33, 18, 53, 0]_[0, 64, 3, 0]
55_55_88_31_0_33_33_64_0_4_0_0_0_24_0_[0, 64, 12, 48, 33, 18, 53, 0]_[0, 64, 3, 0]
56_56_88_31_0_33_33_64_0_4_0_0_0_24_0_[0, 64, 12, 48, 33, 18, 53, 0]_[0, 64, 3, 0]
57_57_88_31_0_33_33_64_0_4_0_0_0_24_0_[0, 64, 12, 48, 33, 18, 53, 0]_[0, 64, 3, 0]
58_58_88_31_0_33_33_64_0_4_0_0_0_24_0_[0, 64, 12, 48, 33, 18, 53, 0]_[0, 64, 3, 0]
59_59_88_31_0_33_33_64_0_4_0_0_0_24_0_[0, 64, 12, 48, 33, 18, 53, 0]_[0, 64, 3, 0]
60_60_88_31_0_33_33_64_0_4_0_0_0_24_0_[0, 64, 12, 48, 33, 18, 53, 0]_[0, 64, 3, 0]
61_61_88_31_0_33_33_64_0_4_0_0_0_24_0_[0, 64, 12, 48, 33, 18, 53, 0]_[0, 64, 3, 0]
62_62_88_31_0_33_33_64_0_4_0_0_0_24_0_[0, 64, 12, 48, 33, 18, 53, 0]_[0, 64, 3, 0]
63_63_88_31_0_33_33_64_0_4_0_0_0_24_0_[0, 64, 12, 48, 33, 18, 53, 0]_[0, 64, 3, 0]
64_64_88_31_0_33_33_64_0_4_0_0_0_24_0_[0, 64, 12, 48, 33, 18, 53, 0]_[0, 64, 3, 0]
65_65_88_31_0_33_33_64_0_4_0_0_0_24_0_[0, 64, 12, 48, 33, 18, 53, 0]_[0, 64, 3, 0]
66_66_88_31_0_33_33_64_0_4_0_0_0_24_0_[0, 64, 12, 48, 33, 18, 53, 0]_[0, 64, 3, 0]
67_67_88_31_0_33_33_64_0_4_0_0_0_24_0_[0, 64, 12, 48, 33, 18, 53, 0]_[0, 64, 3, 0]
68_68_88_31_0_33_33_64_0_4_0_0_0_24_0_[0, 64, 12, 48, 33, 18, 53, 0]_[0, 64, 3, 0]
69_69_88_31_0_33_33_64_0_4_0_0_0_24_0_[0, 64, 12, 48, 33, 18, 53, 0]_[0, 64, 3, 0]
70_70_88_31_0_33_33_64_0_4_0_0_0_24_0_[0, 64, 12, 48, 33, 18, 53, 0]_[0, 64, 3, 0]
71_71_88_31_0_33_33_64_0_4_0_0_0_24_0_[0, 64, 12, 48, 33, 18, 53, 0]_[0, 64, 3, 0]
72_72_88_31_0_33_33_64_0_4_0_0_0_24_0_[0, 64, 12, 48, 33, 18, 53, 0]_[0, 64, 3, 0]
73_73_88_31_0_33_33_64_0_4_0_0_0_24_0_[0, 64, 12, 48, 33, 18, 53, 0]_[0, 64, 3, 0]
74_74_88_31_0_33_33_64_0_4_0_0_0_24_0_[0, 64, 12, 48, 33, 18, 53, 0]_[0, 64, 3, 0]
75_75_88_31_0_33_33_64_0_4_0_0_0_24_0_[0, 64, 12, 48, 33, 18, 53, 0]_[0, 64, 3, 0]
76_76_88_31_0_33_33_64_0_4_0_0_0_24_0_[0, 64, 12, 48, 33, 18, 53, 0]_[0, 64, 3, 0]
77_77_88_31_0_33_33_64_0_4_0_0_0_24_0_[0, 64, 12, 48, 33, 18, 53, 0]_[0, 64, 3, 0]
78_78_88_31_0_33_33_64_0_4_0_0_0_24_0_[0, 64, 12, 48, 33, 18, 53, 0]_[0, 64, 3, 0]
79_79_88_31_0_33_33_64_0_4_0_0_0_24_0_[0, 64, 12, 48, 33, 18, 53, 0]_[0, 64, 3, 0]
80_80_88_31_0_33_33_64_0_4_0_0_0_24_0_[0, 64, 12, 48, 33, 18, 53, 0]_[0, 64, 3, 0]
81_81_88_31_0_33_33_64_0_4_0_0_0_24_0_[0, 64, 12, 48, 33, 18, 53, 0]_[0, 64, 3, 0]
82_82_88_31_0_33_33_64_0_4_0_0_0_24_0_[0, 64, 12, 48, 33, 18, 53, 0]_[0, 64, 3, 0]
83_83_88_31_0_33_33_64_0_4_0_0_0_24_0_[0, 64, 12, 48, 33, 18, 53, 0]_[0, 64, 3, 0]
84_84_88_31_0_33_33_64_0_4_0_0_0_24_0_[0, 64, 12, 48, 33, 18, 53, 0]_[0, 64, 3, 0]
85_85_88_31_0_33_33_64_0_4_0_0_0_24_0_[0, 64, 12, 48, 33, 18, 53, 0]_[0, 64, 3, 0]
86_86_88_31_0_33_33_64_0_4_0_0_0_24_0_[0, 64, 12, 48, 33, 18, 53, 0]_[0, 64, 3, 0]
87_87_88_31_0_33_33_64_0_4_0_0_0_24_0_[0, 64, 12, 48, 33, 18, 53, 0]_[0, 64, 3, 0]
88_88_88_31_0_33_33_64_0_4_0_0_0_24_0_[0, 64, 12, 48, 33, 18, 53, 0]_[0, 64, 3, 0]
89_89_88_31_0_33_33_64_0_4_0_0_0_24_0_[0, 64, 12, 48, 33, 18, 53, 0]_[0, 64, 3, 0]
90_90_88_31_0_33_33_64_0_4_0_0_0_24_0_[0, 64, 12, 48, 33, 18, 53, 0]_[0, 64, 3, 0]
91_91_88_31_0_33_33_64_0_4_0_0_0_24_0_[0, 64, 12, 48, 33, 18, 53, 0]_[0, 64, 3, 0]
92_92_88_31_0_33_33_64_0_4_0_0_0_24_0_[0, 64, 12, 48, 33, 18, 53, 0]_[0, 64, 3, 0]
93_93_88_31_0_33_33_64_0_4_0_0_0_24_0_[0, 64, 12, 48, 33, 18, 53, 0]_[0, 64, 3, 0]
94_94_88_31_0_33_33_64_0_4_0_0_0_24_0_[0, 64, 12, 48, 33, 18, 53, 0]_[0, 64, 3, 0]
95_95_88_31_0_33_33_64_0_4_0_0_0_24_0_[0, 64, 12, 48, 33, 18, 53, 0]_[0, 64, 3, 0]
96_96_88_31_0_33_33_64_0_4_0_0_0_24_0_[0, 64, 12, 48, 33, 18, 53, 0]_[0, 64, 3, 0]
97_97_88_31_0_33_33_64_0_4_0_0_0_24_0_[0, 64, 12, 48, 33, 18, 53, 0]_[0, 64, 3, 0]
98_98_88_31_0_33_33_64_0_4_0_0_0_24_0_[0, 64, 12, 48, 33, 18, 53, 0]_[0, 64, 3, 0]
99_99_88_31_0_33_33_64_0_4_0_0_0_24_0_[0, 64, 12, 48, 33, 18, 53, 0]_[0, 64, 3, 0]
100_100_88_31_0_33_33_64_0_4_0_0_0_24_0_[0, 64, 12, 48, 33, 18, 53, 0]_[0, 64, 3, 0]
101_101_88_31_0_33_33_64_0_4_0_0_0_24_0_[0, 64, 12, 48, 33, 18, 53, 0]_[0, 64, 3, 0]
102_102_88_31_0_33_33_64_0_4_0_0_0_24_0_[0, 64, 12, 48, 33, 18, 53, 0]_[0, 64, 3, 0]
103_103_88_31_0_33_33_64_0_4_0_0_0_24_0_[0, 64, 12, 48, 33, 18, 53, 0]_[0, 64, 3, 0]
104_104_88_31_0_33_33_64_0_4_0_0_0_24_0_[0, 64, 12, 48, 33, 18, 53, 0]_[0, 64, 3, 0]
105_105_88_31_0_33_33_64_0_4_0_0_0_24_0_[0, 64, 12, 48, 33, 18, 53, 0]_[0, 64, 3, 0]
106_106_88_31_0_33_33_64_0_4_0_0_0_24_0_[0, 64, 12, 48, 33, 18, 53, 0]_[0, 64, 3, 0]
107_107_88_31_0_33_33_64_0_4_0_0_0_24_0_[0, 64, 12, 48, 33, 18, 53, 0]_[0, 64, 3, 0]
108_108_88_31_0_33_33_64_0_4_0_0_0_24_0_[0, 64, 12, 48, 33, 18, 53, 0]_[0, 64, 3, 0]
109_109_88_31_0_33_33_64_0_4_0_0_0_24_0_[0, 64, 12, 48, 33, 18, 53, 0]_[0, 64, 3, 0]
110_110_88_31_0_33_33_64_0_4_0_0_0_24_0_[0, 64, 12, 48, 33, 18, 53, 0]_[0, 64, 3, 0]
111_111_88_31_0_33_33_64_0_4_0_0_0_24_0_[0, 64, 12, 48, 33, 18, 53, 0]_[0, 64, 3, 0]
112_112_88_31_0_33_33_64_0_4_0_0_0_24_0_[0, 64, 12, 48, 33, 18, 53, 0]_[0, 64, 3, 0]
113_113_88_31_0_33_33_64_0_4_0_0_0_24_0_[0, 64, 12, 48, 33, 18, 53, 0]_[0, 64, 3, 0]
114_114_88_31_0_33_33_64_0_4_0_0_0_24_0_[0, 64, 12, 48, 33, 18, 53, 0]_[0, 64, 3, 0]
115_115_88_31_0_33_33_64_0_4_0_0_0_24_0_[0, 64, 12, 48, 33, 18, 53, 0]_[0, 64, 3, 0]
116_116_88_31_0_33_33_64_0_4_0_0_0_24_0_[0, 64, 12, 48, 33, 18, 53, 0]_[0, 64, 3, 0]
117_117_88_31_0_33_33_64_0_4_0_0_0_24_0_[0, 64, 12, 48, 33, 18, 53, 0]_[0, 64, 3, 0]
118_118_88_31_0_33_33_64_0_4_0_0_0_24_0_[0, 64, 12, 48, 33, 18, 53, 0]_[0, 64, 3, 0]
119_119_88_31_0_33_33_64_0_4_0_0_0_24_0_[0, 64, 12, 48, 33, 18, 53, 0]_[0, 64, 3, 0]
120_120_88_31_0_33_33_64_0_4_0_0_0_24_0_[0, 64, 12, 48, 33, 18, 53, 0]_[0, 64, 3, 0]
121_121_88_31_0_33_33_64_0_4_0_0_0_24_0_[0, 64, 12, 48, 33, 18, 53, 0]_[0, 64, 3, 0]
122_122_88_31_0_33_33_64_0_4_0_0_0_24_0_[0, 64, 12, 48, 33, 18, 53, 0]_[0, 64, 3, 0]
123_123_88_31_0_33_33_64_0_4_0_0_0_24_0_[0, 64, 12, 48, 33, 18, 53, 0]_[0, 64, 3, 0]
124_124_88_31_0_33_33_64_0_4_0_0_0_24_0_[0, 64, 12, 48, 33, 18, 53, 0]_[0, 64, 3, 0]
125_125_88_31_0_33_33_64_0_4_0_0_0_24_0_[0, 64, 12, 48, 33, 18, 53, 0]_[0, 64, 3, 0]
126_126_88_31_0_33_33_64_0_4_0_0_0_24_0_[0, 64, 12, 48, 33, 18, 53, 0]_[0, 64, 3, 0]
127_127_88_31_0_33_33_64_0_4_0_0_0_24_0_[0, 64, 12, 48, 33, 18, 53, 0]_[0, 64, 3, 0]
