0_0_90_34_0_21_52_64_0_6_0_18_0_24_0_[0, 64]_[0, 64, 6, 0]
1_1_90_34_0_21_52_64_0_6_0_18_0_24_0_[0, 64]_[0, 64, 6, 0]
2_2_90_34_0_21_52_64_0_6_0_18_0_24_0_[0, 64]_[0, 64, 6, 0]
3_3_90_34_0_21_52_64_0_6_0_18_0_24_0_[0, 64]_[0, 64, 6, 0]
4_4_90_34_0_21_52_64_0_6_0_18_0_24_0_[0, 64]_[0, 64, 6, 0]
5_5_90_34_0_21_52_64_0_6_0_18_0_24_0_[0, 64]_[0, 64, 6, 0]
6_6_90_34_0_21_52_64_0_6_0_18_0_24_0_[0, 64]_[0, 64, 6, 0]
7_7_90_34_0_21_52_64_0_6_0_18_0_24_0_[0, 64]_[0, 64, 6, 0]
8_8_90_34_0_21_52_64_0_6_0_18_0_24_0_[0, 64]_[0, 64, 6, 0]
9_9_90_34_0_21_52_64_0_6_0_18_0_24_0_[0, 64]_[0, 64, 6, 0]
10_10_90_34_0_21_52_64_0_6_0_18_0_24_0_[0, 64]_[0, 64, 6, 0]
11_11_90_34_0_21_52_64_0_6_0_18_0_24_0_[0, 64]_[0, 64, 6, 0]
12_12_90_34_0_21_52_64_0_6_0_18_0_24_0_[0, 64]_[0, 64, 6, 0]
13_13_90_34_0_21_52_64_0_6_0_18_0_24_0_[0, 64]_[0, 64, 6, 0]
14_14_90_34_0_21_52_64_0_6_0_18_0_24_0_[0, 64]_[0, 64, 6, 0]
15_15_90_34_0_21_52_64_0_6_0_18_0_24_0_[0, 64]_[0, 64, 6, 0]
16_16_90_34_0_21_52_64_0_6_0_18_0_24_0_[0, 64]_[0, 64, 6, 0]
17_17_90_34_0_21_52_64_0_6_0_18_0_24_0_[0, 64]_[0, 64, 6, 0]
18_18_90_34_0_21_52_64_0_6_0_18_0_24_0_[0, 64]_[0, 64, 6, 0]
19_19_90_34_0_21_52_64_0_6_0_18_0_24_0_[0, 64]_[0, 64, 6, 0]
20_20_90_34_0_21_52_64_0_6_0_18_0_24_0_[0, 64]_[0, 64, 6, 0]
21_21_90_34_0_21_52_64_0_6_0_18_0_24_0_[0, 64]_[0, 64, 6, 0]
22_22_90_34_0_21_52_64_0_6_0_18_0_24_0_[0, 64]_[0, 64, 6, 0]
23_23_90_34_0_21_52_64_0_6_0_18_0_24_0_[0, 64]_[0, 64, 6, 0]
24_24_90_34_0_21_52_64_0_6_0_18_0_24_0_[0, 64]_[0, 64, 6, 0]
25_25_90_34_0_21_52_64_0_6_0_18_0_24_0_[0, 64]_[0, 64, 6, 0]
26_26_90_34_0_21_52_64_0_6_0_18_0_24_0_[0, 64]_[0, 64, 6, 0]
27_27_90_34_0_21_52_64_0_6_0_18_0_24_0_[0, 64]_[0, 64, 6, 0]
28_28_90_34_0_21_52_64_0_6_0_18_0_24_0_[0, 64]_[0, 64, 6, 0]
29_29_90_34_0_21_52_64_0_6_0_18_0_24_0_[0, 64]_[0, 64, 6, 0]
30_30_90_34_0_21_52_64_0_6_0_18_0_24_0_[0, 64]_[0, 64, 6, 0]
31_31_90_34_0_21_52_64_0_6_0_18_0_24_0_[0, 64]_[0, 64, 6, 0]
32_32_90_34_0_21_52_64_0_6_0_18_0_24_0_[0, 64]_[0, 64, 6, 0]
33_33_90_34_0_21_52_64_0_6_0_18_0_24_0_[0, 64]_[0, 64, 6, 0]
34_34_90_34_0_21_52_64_0_6_0_18_0_24_0_[0, 64]_[0, 64, 6, 0]
35_35_90_34_0_21_52_64_0_6_0_18_0_24_0_[0, 64]_[0, 64, 6, 0]
36_36_90_34_0_21_52_64_0_6_0_18_0_24_0_[0, 64]_[0, 64, 6, 0]
37_37_90_34_0_21_52_64_0_6_0_18_0_24_0_[0, 64]_[0, 64, 6, 0]
38_38_90_34_0_21_52_64_0_6_0_18_0_24_0_[0, 64]_[0, 64, 6, 0]
39_39_90_34_0_21_52_64_0_6_0_18_0_24_0_[0, 64]_[0, 64, 6, 0]
40_40_90_34_0_21_52_64_0_6_0_18_0_24_0_[0, 64]_[0, 64, 6, 0]
41_41_90_34_0_21_52_64_0_6_0_18_0_24_0_[0, 64]_[0, 64, 6, 0]
42_42_90_34_0_21_52_64_0_6_0_18_0_24_0_[0, 64]_[0, 64, 6, 0]
43_43_90_34_0_21_52_64_0_6_0_18_0_24_0_[0, 64]_[0, 64, 6, 0]
44_44_90_34_0_21_52_64_0_6_0_18_0_24_0_[0, 64]_[0, 64, 6, 0]
45_45_90_34_0_21_52_64_0_6_0_18_0_24_0_[0, 64]_[0, 64, 6, 0]
46_46_90_34_0_21_52_64_0_6_0_18_0_24_0_[0, 64]_[0, 64, 6, 0]
47_47_90_34_0_21_52_64_0_6_0_18_0_24_0_[0, 64]_[0, 64, 6, 0]
48_48_90_34_0_21_52_64_0_6_0_18_0_24_0_[0, 64]_[0, 64, 6, 0]
49_49_90_34_0_21_52_64_0_6_0_18_0_24_0_[0, 64]_[0, 64, 6, 0]
50_50_90_34_0_21_52_64_0_6_0_18_0_24_0_[0, 64]_[0, 64, 6, 0]
51_51_90_34_0_21_52_64_0_6_0_18_0_24_0_[0, 64]_[0, 64, 6, 0]
52_52_90_34_0_21_52_64_0_6_0_18_0_24_0_[0, 64]_[0, 64, 6, 0]
53_53_90_34_0_21_52_64_0_6_0_18_0_24_0_[0, 64]_[0, 64, 6, 0]
54_54_90_34_0_21_52_64_0_6_0_18_0_24_0_[0, 64]_[0, 64, 6, 0]
55_55_90_34_0_21_52_64_0_6_0_18_0_24_0_[0, 64]_[0, 64, 6, 0]
56_56_90_34_0_21_52_64_0_6_0_18_0_24_0_[0, 64]_[0, 64, 6, 0]
57_57_90_34_0_21_52_64_0_6_0_18_0_24_0_[0, 64]_[0, 64, 6, 0]
58_58_90_34_0_21_52_64_0_6_0_18_0_24_0_[0, 64]_[0, 64, 6, 0]
59_59_90_34_0_21_52_64_0_6_0_18_0_24_0_[0, 64]_[0, 64, 6, 0]
60_60_90_34_0_21_52_64_0_6_0_18_0_24_0_[0, 64]_[0, 64, 6, 0]
61_61_90_34_0_21_52_64_0_6_0_18_0_24_0_[0, 64]_[0, 64, 6, 0]
62_62_90_34_0_21_52_64_0_6_0_18_0_24_0_[0, 64]_[0, 64, 6, 0]
63_63_90_34_0_21_52_64_0_6_0_18_0_24_0_[0, 64]_[0, 64, 6, 0]
64_64_90_34_0_21_52_64_0_6_0_18_0_24_0_[0, 64]_[0, 64, 6, 0]
65_65_90_34_0_21_52_64_0_6_0_18_0_24_0_[0, 64]_[0, 64, 6, 0]
66_66_90_34_0_21_52_64_0_6_0_18_0_24_0_[0, 64]_[0, 64, 6, 0]
67_67_90_34_0_21_52_64_0_6_0_18_0_24_0_[0, 64]_[0, 64, 6, 0]
68_68_90_34_0_21_52_64_0_6_0_18_0_24_0_[0, 64]_[0, 64, 6, 0]
69_69_90_34_0_21_52_64_0_6_0_18_0_24_0_[0, 64]_[0, 64, 6, 0]
70_70_90_34_0_21_52_64_0_6_0_18_0_24_0_[0, 64]_[0, 64, 6, 0]
71_71_90_34_0_21_52_64_0_6_0_18_0_24_0_[0, 64]_[0, 64, 6, 0]
72_72_90_34_0_21_52_64_0_6_0_18_0_24_0_[0, 64]_[0, 64, 6, 0]
73_73_90_34_0_21_52_64_0_6_0_18_0_24_0_[0, 64]_[0, 64, 6, 0]
74_74_90_34_0_21_52_64_0_6_0_18_0_24_0_[0, 64]_[0, 64, 6, 0]
75_75_90_34_0_21_52_64_0_6_0_18_0_24_0_[0, 64]_[0, 64, 6, 0]
76_76_90_34_0_21_52_64_0_6_0_18_0_24_0_[0, 64]_[0, 64, 6, 0]
77_77_90_34_0_21_52_64_0_6_0_18_0_24_0_[0, 64]_[0, 64, 6, 0]
78_78_90_34_0_21_52_64_0_6_0_18_0_24_0_[0, 64]_[0, 64, 6, 0]
79_79_90_34_0_21_52_64_0_6_0_18_0_24_0_[0, 64]_[0, 64, 6, 0]
80_80_90_34_0_21_52_64_0_6_0_18_0_24_0_[0, 64]_[0, 64, 6, 0]
81_81_90_34_0_21_52_64_0_6_0_18_0_24_0_[0, 64]_[0, 64, 6, 0]
82_82_90_34_0_21_52_64_0_6_0_18_0_24_0_[0, 64]_[0, 64, 6, 0]
83_83_90_34_0_21_52_64_0_6_0_18_0_24_0_[0, 64]_[0, 64, 6, 0]
84_84_90_34_0_21_52_64_0_6_0_18_0_24_0_[0, 64]_[0, 64, 6, 0]
85_85_90_34_0_21_52_64_0_6_0_18_0_24_0_[0, 64]_[0, 64, 6, 0]
86_86_90_34_0_21_52_64_0_6_0_18_0_24_0_[0, 64]_[0, 64, 6, 0]
87_87_90_34_0_21_52_64_0_6_0_18_0_24_0_[0, 64]_[0, 64, 6, 0]
88_88_90_34_0_21_52_64_0_6_0_18_0_24_0_[0, 64]_[0, 64, 6, 0]
89_89_90_34_0_21_52_64_0_6_0_18_0_24_0_[0, 64]_[0, 64, 6, 0]
90_90_90_34_0_21_52_64_0_6_0_18_0_24_0_[0, 64]_[0, 64, 6, 0]
91_91_90_34_0_21_52_64_0_6_0_18_0_24_0_[0, 64]_[0, 64, 6, 0]
92_92_90_34_0_21_52_64_0_6_0_18_0_24_0_[0, 64]_[0, 64, 6, 0]
93_93_90_34_0_21_52_64_0_6_0_18_0_24_0_[0, 64]_[0, 64, 6, 0]
94_94_90_34_0_21_52_64_0_6_0_18_0_24_0_[0, 64]_[0, 64, 6, 0]
95_95_90_34_0_21_52_64_0_6_0_18_0_24_0_[0, 64]_[0, 64, 6, 0]
96_96_90_34_0_21_52_64_0_6_0_18_0_24_0_[0, 64]_[0, 64, 6, 0]
97_97_90_34_0_21_52_64_0_6_0_18_0_24_0_[0, 64]_[0, 64, 6, 0]
98_98_90_34_0_21_52_64_0_6_0_18_0_24_0_[0, 64]_[0, 64, 6, 0]
99_99_90_34_0_21_52_64_0_6_0_18_0_24_0_[0, 64]_[0, 64, 6, 0]
100_100_90_34_0_21_52_64_0_6_0_18_0_24_0_[0, 64]_[0, 64, 6, 0]
101_101_90_34_0_21_52_64_0_6_0_18_0_24_0_[0, 64]_[0, 64, 6, 0]
102_102_90_34_0_21_52_64_0_6_0_18_0_24_0_[0, 64]_[0, 64, 6, 0]
103_103_90_34_0_21_52_64_0_6_0_18_0_24_0_[0, 64]_[0, 64, 6, 0]
104_104_90_34_0_21_52_64_0_6_0_18_0_24_0_[0, 64]_[0, 64, 6, 0]
105_105_90_34_0_21_52_64_0_6_0_18_0_24_0_[0, 64]_[0, 64, 6, 0]
106_106_90_34_0_21_52_64_0_6_0_18_0_24_0_[0, 64]_[0, 64, 6, 0]
107_107_90_34_0_21_52_64_0_6_0_18_0_24_0_[0, 64]_[0, 64, 6, 0]
108_108_90_34_0_21_52_64_0_6_0_18_0_24_0_[0, 64]_[0, 64, 6, 0]
109_109_90_34_0_21_52_64_0_6_0_18_0_24_0_[0, 64]_[0, 64, 6, 0]
110_110_90_34_0_21_52_64_0_6_0_18_0_24_0_[0, 64]_[0, 64, 6, 0]
111_111_90_34_0_21_52_64_0_6_0_18_0_24_0_[0, 64]_[0, 64, 6, 0]
112_112_90_34_0_21_52_64_0_6_0_18_0_24_0_[0, 64]_[0, 64, 6, 0]
113_113_90_34_0_21_52_64_0_6_0_18_0_24_0_[0, 64]_[0, 64, 6, 0]
114_114_90_34_0_21_52_64_0_6_0_18_0_24_0_[0, 64]_[0, 64, 6, 0]
115_115_90_34_0_21_52_64_0_6_0_18_0_24_0_[0, 64]_[0, 64, 6, 0]
116_116_90_34_0_21_52_64_0_6_0_18_0_24_0_[0, 64]_[0, 64, 6, 0]
117_117_90_34_0_21_52_64_0_6_0_18_0_24_0_[0, 64]_[0, 64, 6, 0]
118_118_90_34_0_21_52_64_0_6_0_18_0_24_0_[0, 64]_[0, 64, 6, 0]
119_119_90_34_0_21_52_64_0_6_0_18_0_24_0_[0, 64]_[0, 64, 6, 0]
120_120_90_34_0_21_52_64_0_6_0_18_0_24_0_[0, 64]_[0, 64, 6, 0]
121_121_90_34_0_21_52_64_0_6_0_18_0_24_0_[0, 64]_[0, 64, 6, 0]
122_122_90_34_0_21_52_64_0_6_0_18_0_24_0_[0, 64]_[0, 64, 6, 0]
123_123_90_34_0_21_52_64_0_6_0_18_0_24_0_[0, 64]_[0, 64, 6, 0]
124_124_90_34_0_21_52_64_0_6_0_18_0_24_0_[0, 64]_[0, 64, 6, 0]
125_125_90_34_0_21_52_64_0_6_0_18_0_24_0_[0, 64]_[0, 64, 6, 0]
126_126_90_34_0_21_52_64_0_6_0_18_0_24_0_[0, 64]_[0, 64, 6, 0]
127_127_90_34_0_21_52_64_0_6_0_18_0_24_0_[0, 64]_[0, 64, 6, 0]
