0_0_93_34_0_40_32_64_0_4_0_0_0_24_0_null_[0, 64, 1, 0]
1_1_93_34_0_40_32_64_0_4_0_0_0_24_0_null_[0, 64, 1, 0]
2_2_93_34_0_40_32_64_0_4_0_0_0_24_0_null_[0, 64, 1, 0]
3_3_93_34_0_40_32_64_0_4_0_0_0_24_0_null_[0, 64, 1, 0]
4_4_93_34_0_40_32_64_0_4_0_0_0_24_0_null_[0, 64, 1, 0]
5_5_93_34_0_40_32_64_0_4_0_0_0_24_0_null_[0, 64, 1, 0]
6_6_93_34_0_40_32_64_0_4_0_0_0_24_0_null_[0, 64, 1, 0]
7_7_93_34_0_40_32_64_0_4_0_0_0_24_0_null_[0, 64, 1, 0]
8_8_93_34_0_40_32_64_0_4_0_0_0_24_0_null_[0, 64, 1, 0]
9_9_93_34_0_40_32_64_0_4_0_0_0_24_0_null_[0, 64, 1, 0]
10_10_93_34_0_40_32_64_0_4_0_0_0_24_0_null_[0, 64, 1, 0]
11_11_93_34_0_40_32_64_0_4_0_0_0_24_0_null_[0, 64, 1, 0]
12_12_93_34_0_40_32_64_0_4_0_0_0_24_0_null_[0, 64, 1, 0]
13_13_93_34_0_40_32_64_0_4_0_0_0_24_0_null_[0, 64, 1, 0]
14_14_93_34_0_40_32_64_0_4_0_0_0_24_0_null_[0, 64, 1, 0]
15_15_93_34_0_40_32_64_0_4_0_0_0_24_0_null_[0, 64, 1, 0]
16_16_93_34_0_40_32_64_0_4_0_0_0_24_0_null_[0, 64, 1, 0]
17_17_93_34_0_40_32_64_0_4_0_0_0_24_0_null_[0, 64, 1, 0]
18_18_93_34_0_40_32_64_0_4_0_0_0_24_0_null_[0, 64, 1, 0]
19_19_93_34_0_40_32_64_0_4_0_0_0_24_0_null_[0, 64, 1, 0]
20_20_93_34_0_40_32_64_0_4_0_0_0_24_0_null_[0, 64, 1, 0]
21_21_93_34_0_40_32_64_0_4_0_0_0_24_0_null_[0, 64, 1, 0]
22_22_93_34_0_40_32_64_0_4_0_0_0_24_0_null_[0, 64, 1, 0]
23_23_93_34_0_40_32_64_0_4_0_0_0_24_0_null_[0, 64, 1, 0]
24_24_93_34_0_40_32_64_0_4_0_0_0_24_0_null_[0, 64, 1, 0]
25_25_93_34_0_40_32_64_0_4_0_0_0_24_0_null_[0, 64, 1, 0]
26_26_93_34_0_40_32_64_0_4_0_0_0_24_0_null_[0, 64, 1, 0]
27_27_93_34_0_40_32_64_0_4_0_0_0_24_0_null_[0, 64, 1, 0]
28_28_93_34_0_40_32_64_0_4_0_0_0_24_0_null_[0, 64, 1, 0]
29_29_93_34_0_40_32_64_0_4_0_0_0_24_0_null_[0, 64, 1, 0]
30_30_93_34_0_40_32_64_0_4_0_0_0_24_0_null_[0, 64, 1, 0]
31_31_93_34_0_40_32_64_0_4_0_0_0_24_0_null_[0, 64, 1, 0]
32_32_93_34_0_40_32_64_0_4_0_0_0_24_0_null_[0, 64, 1, 0]
33_33_93_34_0_40_32_64_0_4_0_0_0_24_0_null_[0, 64, 1, 0]
34_34_93_34_0_40_32_64_0_4_0_0_0_24_0_null_[0, 64, 1, 0]
35_35_93_34_0_40_32_64_0_4_0_0_0_24_0_null_[0, 64, 1, 0]
36_36_93_34_0_40_32_64_0_4_0_0_0_24_0_null_[0, 64, 1, 0]
37_37_93_34_0_40_32_64_0_4_0_0_0_24_0_null_[0, 64, 1, 0]
38_38_93_34_0_40_32_64_0_4_0_0_0_24_0_null_[0, 64, 1, 0]
39_39_93_34_0_40_32_64_0_4_0_0_0_24_0_null_[0, 64, 1, 0]
40_40_93_34_0_40_32_64_0_4_0_0_0_24_0_null_[0, 64, 1, 0]
41_41_93_34_0_40_32_64_0_4_0_0_0_24_0_null_[0, 64, 1, 0]
42_42_93_34_0_40_32_64_0_4_0_0_0_24_0_null_[0, 64, 1, 0]
43_43_93_34_0_40_32_64_0_4_0_0_0_24_0_null_[0, 64, 1, 0]
44_44_93_34_0_40_32_64_0_4_0_0_0_24_0_null_[0, 64, 1, 0]
45_45_93_34_0_40_32_64_0_4_0_0_0_24_0_null_[0, 64, 1, 0]
46_46_93_34_0_40_32_64_0_4_0_0_0_24_0_null_[0, 64, 1, 0]
47_47_93_34_0_40_32_64_0_4_0_0_0_24_0_null_[0, 64, 1, 0]
48_48_93_34_0_40_32_64_0_4_0_0_0_24_0_null_[0, 64, 1, 0]
49_49_93_34_0_40_32_64_0_4_0_0_0_24_0_null_[0, 64, 1, 0]
50_50_93_34_0_40_32_64_0_4_0_0_0_24_0_null_[0, 64, 1, 0]
51_51_93_34_0_40_32_64_0_4_0_0_0_24_0_null_[0, 64, 1, 0]
52_52_93_34_0_40_32_64_0_4_0_0_0_24_0_null_[0, 64, 1, 0]
53_53_93_34_0_40_32_64_0_4_0_0_0_24_0_null_[0, 64, 1, 0]
54_54_93_34_0_40_32_64_0_4_0_0_0_24_0_null_[0, 64, 1, 0]
55_55_93_34_0_40_32_64_0_4_0_0_0_24_0_null_[0, 64, 1, 0]
56_56_93_34_0_40_32_64_0_4_0_0_0_24_0_null_[0, 64, 1, 0]
57_57_93_34_0_40_32_64_0_4_0_0_0_24_0_null_[0, 64, 1, 0]
58_58_93_34_0_40_32_64_0_4_0_0_0_24_0_null_[0, 64, 1, 0]
59_59_93_34_0_40_32_64_0_4_0_0_0_24_0_null_[0, 64, 1, 0]
60_60_94_60_0_40_32_64_0_4_0_0_0_24_0_null_[0, 64, 1, 0]
61_61_94_60_0_40_32_64_0_4_0_0_0_24_0_null_[0, 64, 1, 0]
62_62_94_60_0_40_32_64_0_4_0_0_0_24_0_null_[0, 64, 1, 0]
63_63_94_60_0_40_32_64_0_4_0_0_0_24_0_null_[0, 64, 1, 0]
64_64_94_60_0_40_32_64_0_4_0_0_0_24_0_null_[0, 64, 1, 0]
65_65_94_60_0_40_32_64_0_4_0_0_0_24_0_null_[0, 64, 1, 0]
66_66_94_60_0_40_32_64_0_4_0_0_0_24_0_null_[0, 64, 1, 0]
67_67_94_60_0_40_32_64_0_4_0_0_0_24_0_null_[0, 64, 1, 0]
68_68_94_60_0_40_32_64_0_4_0_0_0_24_0_null_[0, 64, 1, 0]
69_69_94_60_0_40_32_64_0_4_0_0_0_24_0_null_[0, 64, 1, 0]
70_70_94_60_0_40_32_64_0_4_0_0_0_24_0_null_[0, 64, 1, 0]
71_71_94_60_0_40_32_64_0_4_0_0_0_24_0_null_[0, 64, 1, 0]
72_72_94_60_0_40_32_64_0_4_0_0_0_24_0_null_[0, 64, 1, 0]
73_73_94_60_0_40_32_64_0_4_0_0_0_24_0_null_[0, 64, 1, 0]
74_74_94_60_0_40_32_64_0_4_0_0_0_24_0_null_[0, 64, 1, 0]
75_75_94_60_0_40_32_64_0_4_0_0_0_24_0_null_[0, 64, 1, 0]
76_76_94_60_0_40_32_64_0_4_0_0_0_24_0_null_[0, 64, 1, 0]
77_77_94_60_0_40_32_64_0_4_0_0_0_24_0_null_[0, 64, 1, 0]
78_78_94_60_0_40_32_64_0_4_0_0_0_24_0_null_[0, 64, 1, 0]
79_79_94_60_0_40_32_64_0_4_0_0_0_24_0_null_[0, 64, 1, 0]
80_80_94_60_0_40_32_64_0_4_0_0_0_24_0_null_[0, 64, 1, 0]
81_81_94_60_0_40_32_64_0_4_0_0_0_24_0_null_[0, 64, 1, 0]
82_82_94_60_0_40_32_64_0_4_0_0_0_24_0_null_[0, 64, 1, 0]
83_83_94_60_0_40_32_64_0_4_0_0_0_24_0_null_[0, 64, 1, 0]
84_84_94_60_0_40_32_64_0_4_0_0_0_24_0_null_[0, 64, 1, 0]
85_85_94_60_0_40_32_64_0_4_0_0_0_24_0_null_[0, 64, 1, 0]
86_86_94_60_0_40_32_64_0_4_0_0_0_24_0_null_[0, 64, 1, 0]
87_87_94_60_0_40_32_64_0_4_0_0_0_24_0_null_[0, 64, 1, 0]
88_88_94_60_0_40_32_64_0_4_0_0_0_24_0_null_[0, 64, 1, 0]
89_89_94_60_0_40_32_64_0_4_0_0_0_24_0_null_[0, 64, 1, 0]
90_90_94_60_0_40_32_64_0_4_0_0_0_24_0_null_[0, 64, 1, 0]
91_91_94_60_0_40_32_64_0_4_0_0_0_24_0_null_[0, 64, 1, 0]
92_92_94_60_0_40_32_64_0_4_0_0_0_24_0_null_[0, 64, 1, 0]
93_93_94_60_0_40_32_64_0_4_0_0_0_24_0_null_[0, 64, 1, 0]
94_94_94_60_0_40_32_64_0_4_0_0_0_24_0_null_[0, 64, 1, 0]
95_95_94_60_0_40_32_64_0_4_0_0_0_24_0_null_[0, 64, 1, 0]
96_96_94_60_0_40_32_64_0_4_0_0_0_24_0_null_[0, 64, 1, 0]
97_97_94_60_0_40_32_64_0_4_0_0_0_24_0_null_[0, 64, 1, 0]
98_98_94_60_0_40_32_64_0_4_0_0_0_24_0_null_[0, 64, 1, 0]
99_99_94_60_0_40_32_64_0_4_0_0_0_24_0_null_[0, 64, 1, 0]
100_100_94_60_0_40_32_64_0_4_0_0_0_24_0_null_[0, 64, 1, 0]
101_101_94_60_0_40_32_64_0_4_0_0_0_24_0_null_[0, 64, 1, 0]
102_102_94_60_0_40_32_64_0_4_0_0_0_24_0_null_[0, 64, 1, 0]
103_103_94_60_0_40_32_64_0_4_0_0_0_24_0_null_[0, 64, 1, 0]
104_104_94_60_0_40_32_64_0_4_0_0_0_24_0_null_[0, 64, 1, 0]
105_105_94_60_0_40_32_64_0_4_0_0_0_24_0_null_[0, 64, 1, 0]
106_106_94_60_0_40_32_64_0_4_0_0_0_24_0_null_[0, 64, 1, 0]
107_107_94_60_0_40_32_64_0_4_0_0_0_24_0_null_[0, 64, 1, 0]
108_108_94_60_0_40_32_64_0_4_0_0_0_24_0_null_[0, 64, 1, 0]
109_109_94_60_0_40_32_64_0_4_0_0_0_24_0_null_[0, 64, 1, 0]
110_110_94_60_0_40_32_64_0_4_0_0_0_24_0_null_[0, 64, 1, 0]
111_111_94_60_0_40_32_64_0_4_0_0_0_24_0_null_[0, 64, 1, 0]
112_112_94_60_0_40_32_64_0_4_0_0_0_24_0_null_[0, 64, 1, 0]
113_113_94_60_0_40_32_64_0_4_0_0_0_24_0_null_[0, 64, 1, 0]
114_114_94_60_0_40_32_64_0_4_0_0_0_24_0_null_[0, 64, 1, 0]
115_115_94_60_0_40_32_64_0_4_0_0_0_24_0_null_[0, 64, 1, 0]
116_116_94_60_0_40_32_64_0_4_0_0_0_24_0_null_[0, 64, 1, 0]
117_117_94_60_0_40_32_64_0_4_0_0_0_24_0_null_[0, 64, 1, 0]
118_118_94_60_0_40_32_64_0_4_0_0_0_24_0_null_[0, 64, 1, 0]
119_119_94_60_0_40_32_64_0_4_0_0_0_24_0_null_[0, 64, 1, 0]
120_120_94_60_0_40_32_64_0_4_0_0_0_24_0_null_[0, 64, 1, 0]
121_121_94_60_0_40_32_64_0_4_0_0_0_24_0_null_[0, 64, 1, 0]
122_122_94_60_0_40_32_64_0_4_0_0_0_24_0_null_[0, 64, 1, 0]
123_123_94_60_0_40_32_64_0_4_0_0_0_24_0_null_[0, 64, 1, 0]
124_124_94_60_0_40_32_64_0_4_0_0_0_24_0_null_[0, 64, 1, 0]
125_125_94_60_0_40_32_64_0_4_0_0_0_24_0_null_[0, 64, 1, 0]
126_126_94_60_0_40_32_64_0_4_0_0_0_24_0_null_[0, 64, 1, 0]
127_127_94_60_0_40_32_64_0_4_0_0_0_24_0_null_[0, 64, 1, 0]
