0_0_95_34_0_38_32_64_0_5_0_0_0_24_0_null_[0, 64, 1, 0]
1_1_95_34_0_38_32_64_0_5_0_0_0_24_0_null_[0, 64, 1, 0]
2_2_95_34_0_38_32_64_0_5_0_0_0_24_0_null_[0, 64, 1, 0]
3_3_95_34_0_38_32_64_0_5_0_0_0_24_0_null_[0, 64, 1, 0]
4_4_95_34_0_38_32_64_0_5_0_0_0_24_0_null_[0, 64, 1, 0]
5_5_95_34_0_38_32_64_0_5_0_0_0_24_0_null_[0, 64, 1, 0]
6_6_95_34_0_38_32_64_0_5_0_0_0_24_0_null_[0, 64, 1, 0]
7_7_95_34_0_38_32_64_0_5_0_0_0_24_0_null_[0, 64, 1, 0]
8_8_95_34_0_38_32_64_0_5_0_0_0_24_0_null_[0, 64, 1, 0]
9_9_95_34_0_38_32_64_0_5_0_0_0_24_0_null_[0, 64, 1, 0]
10_10_95_34_0_38_32_64_0_5_0_0_0_24_0_null_[0, 64, 1, 0]
11_11_95_34_0_38_32_64_0_5_0_0_0_24_0_null_[0, 64, 1, 0]
12_12_95_34_0_38_32_64_0_5_0_0_0_24_0_null_[0, 64, 1, 0]
13_13_95_34_0_38_32_64_0_5_0_0_0_24_0_null_[0, 64, 1, 0]
14_14_95_34_0_38_32_64_0_5_0_0_0_24_0_null_[0, 64, 1, 0]
15_15_95_34_0_38_32_64_0_5_0_0_0_24_0_null_[0, 64, 1, 0]
16_16_95_34_0_38_32_64_0_5_0_0_0_24_0_null_[0, 64, 1, 0]
17_17_95_34_0_38_32_64_0_5_0_0_0_24_0_null_[0, 64, 1, 0]
18_18_95_34_0_38_32_64_0_5_0_0_0_24_0_null_[0, 64, 1, 0]
19_19_95_34_0_38_32_64_0_5_0_0_0_24_0_null_[0, 64, 1, 0]
20_20_95_34_0_38_32_64_0_5_0_0_0_24_0_null_[0, 64, 1, 0]
21_21_95_34_0_38_32_64_0_5_0_0_0_24_0_null_[0, 64, 1, 0]
22_22_95_34_0_38_32_64_0_5_0_0_0_24_0_null_[0, 64, 1, 0]
23_23_95_34_0_38_32_64_0_5_0_0_0_24_0_null_[0, 64, 1, 0]
24_24_95_34_0_38_32_64_0_5_0_0_0_24_0_null_[0, 64, 1, 0]
25_25_95_34_0_38_32_64_0_5_0_0_0_24_0_null_[0, 64, 1, 0]
26_26_95_34_0_38_32_64_0_5_0_0_0_24_0_null_[0, 64, 1, 0]
27_27_95_34_0_38_32_64_0_5_0_0_0_24_0_null_[0, 64, 1, 0]
28_28_95_34_0_38_32_64_0_5_0_0_0_24_0_null_[0, 64, 1, 0]
29_29_95_34_0_38_32_64_0_5_0_0_0_24_0_null_[0, 64, 1, 0]
30_30_95_34_0_38_32_64_0_5_0_0_0_24_0_null_[0, 64, 1, 0]
31_31_95_34_0_38_32_64_0_5_0_0_0_24_0_null_[0, 64, 1, 0]
32_32_95_34_0_38_32_64_0_5_0_0_0_24_0_null_[0, 64, 1, 0]
33_33_95_34_0_38_32_64_0_5_0_0_0_24_0_null_[0, 64, 1, 0]
34_34_95_34_0_38_32_64_0_5_0_0_0_24_0_null_[0, 64, 1, 0]
35_35_95_34_0_38_32_64_0_5_0_0_0_24_0_null_[0, 64, 1, 0]
36_36_95_34_0_38_32_64_0_5_0_0_0_24_0_null_[0, 64, 1, 0]
37_37_95_34_0_38_32_64_0_5_0_0_0_24_0_null_[0, 64, 1, 0]
38_38_95_34_0_38_32_64_0_5_0_0_0_24_0_null_[0, 64, 1, 0]
39_39_95_34_0_38_32_64_0_5_0_0_0_24_0_null_[0, 64, 1, 0]
40_40_95_34_0_38_32_64_0_5_0_0_0_24_0_null_[0, 64, 1, 0]
41_41_95_34_0_38_32_64_0_5_0_0_0_24_0_null_[0, 64, 1, 0]
42_42_95_34_0_38_32_64_0_5_0_0_0_24_0_null_[0, 64, 1, 0]
43_43_95_34_0_38_32_64_0_5_0_0_0_24_0_null_[0, 64, 1, 0]
44_44_95_34_0_38_32_64_0_5_0_0_0_24_0_null_[0, 64, 1, 0]
45_45_95_34_0_38_32_64_0_5_0_0_0_24_0_null_[0, 64, 1, 0]
46_46_95_34_0_38_32_64_0_5_0_0_0_24_0_null_[0, 64, 1, 0]
47_47_95_34_0_38_32_64_0_5_0_0_0_24_0_null_[0, 64, 1, 0]
48_48_95_34_0_38_32_64_0_5_0_0_0_24_0_null_[0, 64, 1, 0]
49_49_95_34_0_38_32_64_0_5_0_0_0_24_0_null_[0, 64, 1, 0]
50_50_95_34_0_38_32_64_0_5_0_0_0_24_0_null_[0, 64, 1, 0]
51_51_95_34_0_38_32_64_0_5_0_0_0_24_0_null_[0, 64, 1, 0]
52_52_95_34_0_38_32_64_0_5_0_0_0_24_0_null_[0, 64, 1, 0]
53_53_95_34_0_38_32_64_0_5_0_0_0_24_0_null_[0, 64, 1, 0]
54_54_95_34_0_38_32_64_0_5_0_0_0_24_0_null_[0, 64, 1, 0]
55_55_95_34_0_38_32_64_0_5_0_0_0_24_0_null_[0, 64, 1, 0]
56_56_95_34_0_38_32_64_0_5_0_0_0_24_0_null_[0, 64, 1, 0]
57_57_95_34_0_38_32_64_0_5_0_0_0_24_0_null_[0, 64, 1, 0]
58_58_95_34_0_38_32_64_0_5_0_0_0_24_0_null_[0, 64, 1, 0]
59_59_95_34_0_38_32_64_0_5_0_0_0_24_0_null_[0, 64, 1, 0]
60_60_95_34_0_38_32_64_0_5_0_0_0_24_0_null_[0, 64, 1, 0]
61_61_95_34_0_38_32_64_0_5_0_0_0_24_0_null_[0, 64, 1, 0]
62_62_95_34_0_38_32_64_0_5_0_0_0_24_0_null_[0, 64, 1, 0]
63_63_95_34_0_38_32_64_0_5_0_0_0_24_0_null_[0, 64, 1, 0]
64_64_95_34_0_38_32_64_0_5_0_0_0_24_0_null_[0, 64, 1, 0]
65_65_95_34_0_38_32_64_0_5_0_0_0_24_0_null_[0, 64, 1, 0]
66_66_95_34_0_38_32_64_0_5_0_0_0_24_0_null_[0, 64, 1, 0]
67_67_95_34_0_38_32_64_0_5_0_0_0_24_0_null_[0, 64, 1, 0]
68_68_95_34_0_38_32_64_0_5_0_0_0_24_0_null_[0, 64, 1, 0]
69_69_95_34_0_38_32_64_0_5_0_0_0_24_0_null_[0, 64, 1, 0]
70_70_95_34_0_38_32_64_0_5_0_0_0_24_0_null_[0, 64, 1, 0]
71_71_95_34_0_38_32_64_0_5_0_0_0_24_0_null_[0, 64, 1, 0]
72_72_95_34_0_38_32_64_0_5_0_0_0_24_0_null_[0, 64, 1, 0]
73_73_95_34_0_38_32_64_0_5_0_0_0_24_0_null_[0, 64, 1, 0]
74_74_95_34_0_38_32_64_0_5_0_0_0_24_0_null_[0, 64, 1, 0]
75_75_95_34_0_38_32_64_0_5_0_0_0_24_0_null_[0, 64, 1, 0]
76_76_95_34_0_38_32_64_0_5_0_0_0_24_0_null_[0, 64, 1, 0]
77_77_95_34_0_38_32_64_0_5_0_0_0_24_0_null_[0, 64, 1, 0]
78_78_95_34_0_38_32_64_0_5_0_0_0_24_0_null_[0, 64, 1, 0]
79_79_95_34_0_38_32_64_0_5_0_0_0_24_0_null_[0, 64, 1, 0]
80_80_95_34_0_38_32_64_0_5_0_0_0_24_0_null_[0, 64, 1, 0]
81_81_95_34_0_38_32_64_0_5_0_0_0_24_0_null_[0, 64, 1, 0]
82_82_95_34_0_38_32_64_0_5_0_0_0_24_0_null_[0, 64, 1, 0]
83_83_95_34_0_38_32_64_0_5_0_0_0_24_0_null_[0, 64, 1, 0]
84_84_95_34_0_38_32_64_0_5_0_0_0_24_0_null_[0, 64, 1, 0]
85_85_95_34_0_38_32_64_0_5_0_0_0_24_0_null_[0, 64, 1, 0]
86_86_95_34_0_38_32_64_0_5_0_0_0_24_0_null_[0, 64, 1, 0]
87_87_95_34_0_38_32_64_0_5_0_0_0_24_0_null_[0, 64, 1, 0]
88_88_95_34_0_38_32_64_0_5_0_0_0_24_0_null_[0, 64, 1, 0]
89_89_95_34_0_38_32_64_0_5_0_0_0_24_0_null_[0, 64, 1, 0]
90_90_95_34_0_38_32_64_0_5_0_0_0_24_0_null_[0, 64, 1, 0]
91_91_95_34_0_38_32_64_0_5_0_0_0_24_0_null_[0, 64, 1, 0]
92_92_95_34_0_38_32_64_0_5_0_0_0_24_0_null_[0, 64, 1, 0]
93_93_95_34_0_38_32_64_0_5_0_0_0_24_0_null_[0, 64, 1, 0]
94_94_95_34_0_38_32_64_0_5_0_0_0_24_0_null_[0, 64, 1, 0]
95_95_95_34_0_38_32_64_0_5_0_0_0_24_0_null_[0, 64, 1, 0]
96_96_95_34_0_38_32_64_0_5_0_0_0_24_0_null_[0, 64, 1, 0]
97_97_95_34_0_38_32_64_0_5_0_0_0_24_0_null_[0, 64, 1, 0]
98_98_95_34_0_38_32_64_0_5_0_0_0_24_0_null_[0, 64, 1, 0]
99_99_95_34_0_38_32_64_0_5_0_0_0_24_0_null_[0, 64, 1, 0]
100_100_95_34_0_38_32_64_0_5_0_0_0_24_0_null_[0, 64, 1, 0]
101_101_95_34_0_38_32_64_0_5_0_0_0_24_0_null_[0, 64, 1, 0]
102_102_95_34_0_38_32_64_0_5_0_0_0_24_0_null_[0, 64, 1, 0]
103_103_95_34_0_38_32_64_0_5_0_0_0_24_0_null_[0, 64, 1, 0]
104_104_95_34_0_38_32_64_0_5_0_0_0_24_0_null_[0, 64, 1, 0]
105_105_95_34_0_38_32_64_0_5_0_0_0_24_0_null_[0, 64, 1, 0]
106_106_95_34_0_38_32_64_0_5_0_0_0_24_0_null_[0, 64, 1, 0]
107_107_95_34_0_38_32_64_0_5_0_0_0_24_0_null_[0, 64, 1, 0]
108_108_95_34_0_38_32_64_0_5_0_0_0_24_0_null_[0, 64, 1, 0]
109_109_95_34_0_38_32_64_0_5_0_0_0_24_0_null_[0, 64, 1, 0]
110_110_95_34_0_38_32_64_0_5_0_0_0_24_0_null_[0, 64, 1, 0]
111_111_95_34_0_38_32_64_0_5_0_0_0_24_0_null_[0, 64, 1, 0]
112_112_95_34_0_38_32_64_0_5_0_0_0_24_0_null_[0, 64, 1, 0]
113_113_95_34_0_38_32_64_0_5_0_0_0_24_0_null_[0, 64, 1, 0]
114_114_95_34_0_38_32_64_0_5_0_0_0_24_0_null_[0, 64, 1, 0]
115_115_95_34_0_38_32_64_0_5_0_0_0_24_0_null_[0, 64, 1, 0]
116_116_95_34_0_38_32_64_0_5_0_0_0_24_0_null_[0, 64, 1, 0]
117_117_95_34_0_38_32_64_0_5_0_0_0_24_0_null_[0, 64, 1, 0]
118_118_95_34_0_38_32_64_0_5_0_0_0_24_0_null_[0, 64, 1, 0]
119_119_95_34_0_38_32_64_0_5_0_0_0_24_0_null_[0, 64, 1, 0]
120_120_95_34_0_38_32_64_0_5_0_0_0_24_0_null_[0, 64, 1, 0]
121_121_95_34_0_38_32_64_0_5_0_0_0_24_0_null_[0, 64, 1, 0]
122_122_95_34_0_38_32_64_0_5_0_0_0_24_0_null_[0, 64, 1, 0]
123_123_95_34_0_38_32_64_0_5_0_0_0_24_0_null_[0, 64, 1, 0]
124_124_95_34_0_38_32_64_0_5_0_0_0_24_0_null_[0, 64, 1, 0]
125_125_95_34_0_38_32_64_0_5_0_0_0_24_0_null_[0, 64, 1, 0]
126_126_95_34_0_38_32_64_0_5_0_0_0_24_0_null_[0, 64, 1, 0]
127_127_95_34_0_38_32_64_0_5_0_0_0_24_0_null_[0, 64, 1, 0]
