0_0_96_36_0_22_52_64_0_4_0_0_0_24_0_null_[0, 64, 1, 0]
1_1_96_36_0_22_52_64_0_4_0_0_0_24_0_null_[0, 64, 1, 0]
2_2_96_36_0_22_52_64_0_4_0_0_0_24_0_null_[0, 64, 1, 0]
3_3_96_36_0_22_52_64_0_4_0_0_0_24_0_null_[0, 64, 1, 0]
4_4_96_36_0_22_52_64_0_4_0_0_0_24_0_null_[0, 64, 1, 0]
5_5_96_36_0_22_52_64_0_4_0_0_0_24_0_null_[0, 64, 1, 0]
6_6_96_36_0_22_52_64_0_4_0_0_0_24_0_null_[0, 64, 1, 0]
7_7_96_36_0_22_52_64_0_4_0_0_0_24_0_null_[0, 64, 1, 0]
8_8_96_36_0_22_52_64_0_4_0_0_0_24_0_null_[0, 64, 1, 0]
9_9_96_36_0_22_52_64_0_4_0_0_0_24_0_null_[0, 64, 1, 0]
10_10_96_36_0_22_52_64_0_4_0_0_0_24_0_null_[0, 64, 1, 0]
11_11_96_36_0_22_52_64_0_4_0_0_0_24_0_null_[0, 64, 1, 0]
12_12_96_36_0_22_52_64_0_4_0_0_0_24_0_null_[0, 64, 1, 0]
13_13_96_36_0_22_52_64_0_4_0_0_0_24_0_null_[0, 64, 1, 0]
14_14_96_36_0_22_52_64_0_4_0_0_0_24_0_null_[0, 64, 1, 0]
15_15_96_36_0_22_52_64_0_4_0_0_0_24_0_null_[0, 64, 1, 0]
16_16_96_36_0_22_52_64_0_4_0_0_0_24_0_null_[0, 64, 1, 0]
17_17_96_36_0_22_52_64_0_4_0_0_0_24_0_null_[0, 64, 1, 0]
18_18_96_36_0_22_52_64_0_4_0_0_0_24_0_null_[0, 64, 1, 0]
19_19_96_36_0_22_52_64_0_4_0_0_0_24_0_null_[0, 64, 1, 0]
20_20_96_36_0_22_52_64_0_4_0_0_0_24_0_null_[0, 64, 1, 0]
21_21_96_36_0_22_52_64_0_4_0_0_0_24_0_null_[0, 64, 1, 0]
22_22_96_36_0_22_52_64_0_4_0_0_0_24_0_null_[0, 64, 1, 0]
23_23_96_36_0_22_52_64_0_4_0_0_0_24_0_null_[0, 64, 1, 0]
24_24_96_36_0_22_52_64_0_4_0_0_0_24_0_null_[0, 64, 1, 0]
25_25_96_36_0_22_52_64_0_4_0_0_0_24_0_null_[0, 64, 1, 0]
26_26_96_36_0_22_52_64_0_4_0_0_0_24_0_null_[0, 64, 1, 0]
27_27_96_36_0_22_52_64_0_4_0_0_0_24_0_null_[0, 64, 1, 0]
28_28_96_36_0_22_52_64_0_4_0_0_0_24_0_null_[0, 64, 1, 0]
29_29_96_36_0_22_52_64_0_4_0_0_0_24_0_null_[0, 64, 1, 0]
30_30_96_36_0_22_52_64_0_4_0_0_0_24_0_null_[0, 64, 1, 0]
31_31_96_36_0_22_52_64_0_4_0_0_0_24_0_null_[0, 64, 1, 0]
32_32_96_36_0_22_52_64_0_4_0_0_0_24_0_null_[0, 64, 1, 0]
33_33_96_36_0_22_52_64_0_4_0_0_0_24_0_null_[0, 64, 1, 0]
34_34_96_36_0_22_52_64_0_4_0_0_0_24_0_null_[0, 64, 1, 0]
35_35_96_36_0_22_52_64_0_4_0_0_0_24_0_null_[0, 64, 1, 0]
36_36_96_36_0_22_52_64_0_4_0_0_0_24_0_null_[0, 64, 1, 0]
37_37_96_36_0_22_52_64_0_4_0_0_0_24_0_null_[0, 64, 1, 0]
38_38_96_36_0_22_52_64_0_4_0_0_0_24_0_null_[0, 64, 1, 0]
39_39_96_36_0_22_52_64_0_4_0_0_0_24_0_null_[0, 64, 1, 0]
40_40_96_36_0_22_52_64_0_4_0_0_0_24_0_null_[0, 64, 1, 0]
41_41_96_36_0_22_52_64_0_4_0_0_0_24_0_null_[0, 64, 1, 0]
42_42_96_36_0_22_52_64_0_4_0_0_0_24_0_null_[0, 64, 1, 0]
43_43_96_36_0_22_52_64_0_4_0_0_0_24_0_null_[0, 64, 1, 0]
44_44_96_36_0_22_52_64_0_4_0_0_0_24_0_null_[0, 64, 1, 0]
45_45_96_36_0_22_52_64_0_4_0_0_0_24_0_null_[0, 64, 1, 0]
46_46_96_36_0_22_52_64_0_4_0_0_0_24_0_null_[0, 64, 1, 0]
47_47_96_36_0_22_52_64_0_4_0_0_0_24_0_null_[0, 64, 1, 0]
48_48_96_36_0_22_52_64_0_4_0_0_0_24_0_null_[0, 64, 1, 0]
49_49_96_36_0_22_52_64_0_4_0_0_0_24_0_null_[0, 64, 1, 0]
50_50_96_36_0_22_52_64_0_4_0_0_0_24_0_null_[0, 64, 1, 0]
51_51_96_36_0_22_52_64_0_4_0_0_0_24_0_null_[0, 64, 1, 0]
52_52_96_36_0_22_52_64_0_4_0_0_0_24_0_null_[0, 64, 1, 0]
53_53_96_36_0_22_52_64_0_4_0_0_0_24_0_null_[0, 64, 1, 0]
54_54_96_36_0_22_52_64_0_4_0_0_0_24_0_null_[0, 64, 1, 0]
55_55_96_36_0_22_52_64_0_4_0_0_0_24_0_null_[0, 64, 1, 0]
56_56_96_36_0_22_52_64_0_4_0_0_0_24_0_null_[0, 64, 1, 0]
57_57_96_36_0_22_52_64_0_4_0_0_0_24_0_null_[0, 64, 1, 0]
58_58_96_36_0_22_52_64_0_4_0_0_0_24_0_null_[0, 64, 1, 0]
59_59_96_36_0_22_52_64_0_4_0_0_0_24_0_null_[0, 64, 1, 0]
60_60_96_36_0_22_52_64_0_4_0_0_0_24_0_null_[0, 64, 1, 0]
61_61_96_36_0_22_52_64_0_4_0_0_0_24_0_null_[0, 64, 1, 0]
62_62_96_36_0_22_52_64_0_4_0_0_0_24_0_null_[0, 64, 1, 0]
63_63_96_36_0_22_52_64_0_4_0_0_0_24_0_null_[0, 64, 1, 0]
64_64_96_36_0_22_52_64_0_4_0_0_0_24_0_null_[0, 64, 1, 0]
65_65_96_36_0_22_52_64_0_4_0_0_0_24_0_null_[0, 64, 1, 0]
66_66_96_36_0_22_52_64_0_4_0_0_0_24_0_null_[0, 64, 1, 0]
67_67_96_36_0_22_52_64_0_4_0_0_0_24_0_null_[0, 64, 1, 0]
68_68_96_36_0_22_52_64_0_4_0_0_0_24_0_null_[0, 64, 1, 0]
69_69_96_36_0_22_52_64_0_4_0_0_0_24_0_null_[0, 64, 1, 0]
70_70_96_36_0_22_52_64_0_4_0_0_0_24_0_null_[0, 64, 1, 0]
71_71_96_36_0_22_52_64_0_4_0_0_0_24_0_null_[0, 64, 1, 0]
72_72_96_36_0_22_52_64_0_4_0_0_0_24_0_null_[0, 64, 1, 0]
73_73_96_36_0_22_52_64_0_4_0_0_0_24_0_null_[0, 64, 1, 0]
74_74_96_36_0_22_52_64_0_4_0_0_0_24_0_null_[0, 64, 1, 0]
75_75_96_36_0_22_52_64_0_4_0_0_0_24_0_null_[0, 64, 1, 0]
76_76_96_36_0_22_52_64_0_4_0_0_0_24_0_null_[0, 64, 1, 0]
77_77_96_36_0_22_52_64_0_4_0_0_0_24_0_null_[0, 64, 1, 0]
78_78_96_36_0_22_52_64_0_4_0_0_0_24_0_null_[0, 64, 1, 0]
79_79_96_36_0_22_52_64_0_4_0_0_0_24_0_null_[0, 64, 1, 0]
80_80_96_36_0_22_52_64_0_4_0_0_0_24_0_null_[0, 64, 1, 0]
81_81_96_36_0_22_52_64_0_4_0_0_0_24_0_null_[0, 64, 1, 0]
82_82_96_36_0_22_52_64_0_4_0_0_0_24_0_null_[0, 64, 1, 0]
83_83_96_36_0_22_52_64_0_4_0_0_0_24_0_null_[0, 64, 1, 0]
84_84_96_36_0_22_52_64_0_4_0_0_0_24_0_null_[0, 64, 1, 0]
85_85_96_36_0_22_52_64_0_4_0_0_0_24_0_null_[0, 64, 1, 0]
86_86_96_36_0_22_52_64_0_4_0_0_0_24_0_null_[0, 64, 1, 0]
87_87_96_36_0_22_52_64_0_4_0_0_0_24_0_null_[0, 64, 1, 0]
88_88_96_36_0_22_52_64_0_4_0_0_0_24_0_null_[0, 64, 1, 0]
89_89_96_36_0_22_52_64_0_4_0_0_0_24_0_null_[0, 64, 1, 0]
90_90_96_36_0_22_52_64_0_4_0_0_0_24_0_null_[0, 64, 1, 0]
91_91_96_36_0_22_52_64_0_4_0_0_0_24_0_null_[0, 64, 1, 0]
92_92_96_36_0_22_52_64_0_4_0_0_0_24_0_null_[0, 64, 1, 0]
93_93_96_36_0_22_52_64_0_4_0_0_0_24_0_null_[0, 64, 1, 0]
94_94_96_36_0_22_52_64_0_4_0_0_0_24_0_null_[0, 64, 1, 0]
95_95_96_36_0_22_52_64_0_4_0_0_0_24_0_null_[0, 64, 1, 0]
96_96_96_36_0_22_52_64_0_4_0_0_0_24_0_null_[0, 64, 1, 0]
97_97_96_36_0_22_52_64_0_4_0_0_0_24_0_null_[0, 64, 1, 0]
98_98_96_36_0_22_52_64_0_4_0_0_0_24_0_null_[0, 64, 1, 0]
99_99_96_36_0_22_52_64_0_4_0_0_0_24_0_null_[0, 64, 1, 0]
100_100_96_36_0_22_52_64_0_4_0_0_0_24_0_null_[0, 64, 1, 0]
101_101_96_36_0_22_52_64_0_4_0_0_0_24_0_null_[0, 64, 1, 0]
102_102_96_36_0_22_52_64_0_4_0_0_0_24_0_null_[0, 64, 1, 0]
103_103_96_36_0_22_52_64_0_4_0_0_0_24_0_null_[0, 64, 1, 0]
104_104_96_36_0_22_52_64_0_4_0_0_0_24_0_null_[0, 64, 1, 0]
105_105_96_36_0_22_52_64_0_4_0_0_0_24_0_null_[0, 64, 1, 0]
106_106_96_36_0_22_52_64_0_4_0_0_0_24_0_null_[0, 64, 1, 0]
107_107_96_36_0_22_52_64_0_4_0_0_0_24_0_null_[0, 64, 1, 0]
108_108_96_36_0_22_52_64_0_4_0_0_0_24_0_null_[0, 64, 1, 0]
109_109_96_36_0_22_52_64_0_4_0_0_0_24_0_null_[0, 64, 1, 0]
110_110_96_36_0_22_52_64_0_4_0_0_0_24_0_null_[0, 64, 1, 0]
111_111_96_36_0_22_52_64_0_4_0_0_0_24_0_null_[0, 64, 1, 0]
112_112_96_36_0_22_52_64_0_4_0_0_0_24_0_null_[0, 64, 1, 0]
113_113_96_36_0_22_52_64_0_4_0_0_0_24_0_null_[0, 64, 1, 0]
114_114_96_36_0_22_52_64_0_4_0_0_0_24_0_null_[0, 64, 1, 0]
115_115_96_36_0_22_52_64_0_4_0_0_0_24_0_null_[0, 64, 1, 0]
116_116_96_36_0_22_52_64_0_4_0_0_0_24_0_null_[0, 64, 1, 0]
117_117_96_36_0_22_52_64_0_4_0_0_0_24_0_null_[0, 64, 1, 0]
118_118_96_36_0_22_52_64_0_4_0_0_0_24_0_null_[0, 64, 1, 0]
119_119_96_36_0_22_52_64_0_4_0_0_0_24_0_null_[0, 64, 1, 0]
120_120_96_36_0_22_52_64_0_4_0_0_0_24_0_null_[0, 64, 1, 0]
121_121_96_36_0_22_52_64_0_4_0_0_0_24_0_null_[0, 64, 1, 0]
122_122_96_36_0_22_52_64_0_4_0_0_0_24_0_null_[0, 64, 1, 0]
123_123_96_36_0_22_52_64_0_4_0_0_0_24_0_null_[0, 64, 1, 0]
124_124_96_36_0_22_52_64_0_4_0_0_0_24_0_null_[0, 64, 1, 0]
125_125_96_36_0_22_52_64_0_4_0_0_0_24_0_null_[0, 64, 1, 0]
126_126_96_36_0_22_52_64_0_4_0_0_0_24_0_null_[0, 64, 1, 0]
127_127_96_36_0_22_52_64_0_4_0_0_0_24_0_null_[0, 64, 1, 0]
