0_0_98_60_0_38_32_64_0_0_0_0_7_32_47_null_[0, 64, 3, 15, 7, 0]
1_1_98_60_0_38_32_64_0_0_0_0_7_32_47_null_[0, 64, 3, 15, 7, 0]
2_2_98_60_0_38_32_64_0_0_0_0_7_32_47_null_[0, 64, 3, 15, 7, 0]
3_3_98_60_0_38_32_64_0_0_0_0_7_32_47_null_[0, 64, 3, 15, 7, 0]
4_4_98_60_0_38_32_64_0_0_0_0_7_32_47_null_[0, 64, 3, 15, 7, 0]
5_5_98_60_0_38_32_64_0_0_0_0_7_32_47_null_[0, 64, 3, 15, 7, 0]
6_6_98_60_0_38_32_64_0_0_0_0_7_32_47_null_[0, 64, 3, 15, 7, 0]
7_7_98_60_0_38_32_64_0_0_0_0_7_32_47_null_[0, 64, 3, 15, 7, 0]
8_8_98_60_0_38_32_64_0_0_0_0_7_32_47_null_[0, 64, 3, 15, 7, 0]
9_9_98_60_0_38_32_64_0_0_0_0_7_32_47_null_[0, 64, 3, 15, 7, 0]
10_10_98_60_0_38_32_64_0_0_0_0_7_32_47_null_[0, 64, 3, 15, 7, 0]
11_11_98_60_0_38_32_64_0_0_0_0_7_32_47_null_[0, 64, 3, 15, 7, 0]
12_12_98_60_0_38_32_64_0_0_0_0_7_32_47_null_[0, 64, 3, 15, 7, 0]
13_13_98_60_0_38_32_64_0_0_0_0_7_32_47_null_[0, 64, 3, 15, 7, 0]
14_14_98_60_0_38_32_64_0_0_0_0_7_32_47_null_[0, 64, 3, 15, 7, 0]
15_15_98_60_0_38_32_64_0_0_0_0_7_32_47_null_[0, 64, 3, 15, 7, 0]
16_16_98_60_0_38_32_64_0_0_0_0_7_32_47_null_[0, 64, 3, 15, 7, 0]
17_17_98_60_0_38_32_64_0_0_0_0_7_32_47_null_[0, 64, 3, 15, 7, 0]
18_18_98_60_0_38_32_64_0_0_0_0_7_32_47_null_[0, 64, 3, 15, 7, 0]
19_19_98_60_0_38_32_64_0_0_0_0_7_32_47_null_[0, 64, 3, 15, 7, 0]
20_20_98_60_0_38_32_64_0_0_0_0_7_32_47_null_[0, 64, 3, 15, 7, 0]
21_21_98_60_0_38_32_64_0_0_0_0_7_32_47_null_[0, 64, 3, 15, 7, 0]
22_22_98_60_0_38_32_64_0_0_0_0_7_32_47_null_[0, 64, 3, 15, 7, 0]
23_23_98_60_0_38_32_64_0_0_0_0_7_32_47_null_[0, 64, 3, 15, 7, 0]
24_24_98_60_0_38_32_64_0_0_0_0_7_32_47_null_[0, 64, 3, 15, 7, 0]
25_25_98_60_0_38_32_64_0_0_0_0_7_32_47_null_[0, 64, 3, 15, 7, 0]
26_26_98_60_0_38_32_64_0_0_0_0_7_32_47_null_[0, 64, 3, 15, 7, 0]
27_27_98_60_0_38_32_64_0_0_0_0_7_32_47_null_[0, 64, 3, 15, 7, 0]
28_28_98_60_0_38_32_64_0_0_0_0_7_32_47_null_[0, 64, 3, 15, 7, 0]
29_29_98_60_0_38_32_64_0_0_0_0_7_32_47_null_[0, 64, 3, 15, 7, 0]
30_30_98_60_0_38_32_64_0_0_0_0_7_32_47_null_[0, 64, 3, 15, 7, 0]
31_31_98_60_0_38_32_64_0_0_0_0_7_32_47_null_[0, 64, 3, 15, 7, 0]
32_32_98_60_0_38_32_64_0_0_0_0_7_32_47_null_[0, 64, 3, 15, 7, 0]
33_33_98_60_0_38_32_64_0_0_0_0_7_32_47_null_[0, 64, 3, 15, 7, 0]
34_34_98_60_0_38_32_64_0_0_0_0_7_32_47_null_[0, 64, 3, 15, 7, 0]
35_35_98_60_0_38_32_64_0_0_0_0_7_32_47_null_[0, 64, 3, 15, 7, 0]
36_36_98_60_0_38_32_64_0_0_0_0_7_32_47_null_[0, 64, 3, 15, 7, 0]
37_37_98_60_0_38_32_64_0_0_0_0_7_32_47_null_[0, 64, 3, 15, 7, 0]
38_38_98_60_0_38_32_64_0_0_0_0_7_32_47_null_[0, 64, 3, 15, 7, 0]
39_39_98_60_0_38_32_64_0_0_0_0_7_32_47_null_[0, 64, 3, 15, 7, 0]
40_40_98_60_0_38_32_64_0_0_0_0_7_32_47_null_[0, 64, 3, 15, 7, 0]
41_41_98_60_0_38_32_64_0_0_0_0_7_32_47_null_[0, 64, 3, 15, 7, 0]
42_42_98_60_0_38_32_64_0_0_0_0_7_32_47_null_[0, 64, 3, 15, 7, 0]
43_43_98_60_0_38_32_64_0_0_0_0_7_32_47_null_[0, 64, 3, 15, 7, 0]
44_44_98_60_0_38_32_64_0_0_0_0_7_32_47_null_[0, 64, 3, 15, 7, 0]
45_45_98_60_0_38_32_64_0_0_0_0_7_32_47_null_[0, 64, 3, 15, 7, 0]
46_46_98_60_0_38_32_64_0_0_0_0_7_32_47_null_[0, 64, 3, 15, 7, 0]
47_47_98_60_0_38_32_64_0_0_0_0_7_32_47_null_[0, 64, 3, 15, 7, 0]
48_48_98_60_0_38_32_64_0_0_0_0_7_32_47_null_[0, 64, 3, 15, 7, 0]
49_49_98_60_0_38_32_64_0_0_0_0_7_32_47_null_[0, 64, 3, 15, 7, 0]
50_50_98_60_0_38_32_64_0_0_0_0_7_32_47_null_[0, 64, 3, 15, 7, 0]
51_51_98_60_0_38_32_64_0_0_0_0_7_32_47_null_[0, 64, 3, 15, 7, 0]
52_52_98_60_0_38_32_64_0_0_0_0_7_32_47_null_[0, 64, 3, 15, 7, 0]
53_53_98_60_0_38_32_64_0_0_0_0_7_32_47_null_[0, 64, 3, 15, 7, 0]
54_54_98_60_0_38_32_64_0_0_0_0_7_32_47_null_[0, 64, 3, 15, 7, 0]
55_55_98_60_0_38_32_64_0_0_0_0_7_32_47_null_[0, 64, 3, 15, 7, 0]
56_56_98_60_0_38_32_64_0_0_0_0_7_32_47_null_[0, 64, 3, 15, 7, 0]
57_57_98_60_0_38_32_64_0_0_0_0_7_32_47_null_[0, 64, 3, 15, 7, 0]
58_58_98_60_0_38_32_64_0_0_0_0_7_32_47_null_[0, 64, 3, 15, 7, 0]
59_59_98_60_0_38_32_64_0_0_0_0_7_32_47_null_[0, 64, 3, 15, 7, 0]
60_60_98_60_0_38_32_64_0_0_0_0_7_32_47_null_[0, 64, 3, 15, 7, 0]
61_61_98_60_0_38_32_64_0_0_0_0_7_32_47_null_[0, 64, 3, 15, 7, 0]
62_62_98_60_0_38_32_64_0_0_0_0_7_32_47_null_[0, 64, 3, 15, 7, 0]
63_63_98_60_0_38_32_64_0_0_0_0_7_32_47_null_[0, 64, 3, 15, 7, 0]
64_64_98_60_0_38_32_64_0_0_0_0_7_32_47_null_[0, 64, 3, 15, 7, 0]
65_65_98_60_0_38_32_64_0_0_0_0_7_32_47_null_[0, 64, 3, 15, 7, 0]
66_66_98_60_0_38_32_64_0_0_0_0_7_32_47_null_[0, 64, 3, 15, 7, 0]
67_67_98_60_0_38_32_64_0_0_0_0_7_32_47_null_[0, 64, 3, 15, 7, 0]
68_68_98_60_0_38_32_64_0_0_0_0_7_32_47_null_[0, 64, 3, 15, 7, 0]
69_69_99_72_0_38_32_64_0_0_0_0_7_32_47_null_[0, 64, 3, 15, 7, 0]
70_70_99_72_0_38_32_64_0_0_0_0_7_32_47_null_[0, 64, 3, 15, 7, 0]
71_71_99_72_0_38_32_64_0_0_0_0_7_32_47_null_[0, 64, 3, 15, 7, 0]
72_72_99_72_0_38_32_64_0_0_0_0_7_32_47_null_[0, 64, 3, 15, 7, 0]
73_73_99_72_0_38_32_64_0_0_0_0_7_32_47_null_[0, 64, 3, 15, 7, 0]
74_74_99_72_0_38_32_64_0_0_0_0_7_32_47_null_[0, 64, 3, 15, 7, 0]
75_75_99_72_0_38_32_64_0_0_0_0_7_32_47_null_[0, 64, 3, 15, 7, 0]
76_76_100_81_0_38_32_64_0_0_0_0_7_32_47_null_[0, 64, 3, 15, 7, 0]
77_77_100_81_0_38_32_64_0_0_0_0_7_32_47_null_[0, 64, 3, 15, 7, 0]
78_78_100_81_0_38_32_64_0_0_0_0_7_32_47_null_[0, 64, 3, 15, 7, 0]
79_79_100_81_0_38_32_64_0_0_0_0_7_32_47_null_[0, 64, 3, 15, 7, 0]
80_80_100_81_0_38_32_64_0_0_0_0_7_32_47_null_[0, 64, 3, 15, 7, 0]
81_81_100_81_0_38_32_64_0_0_0_0_7_32_47_null_[0, 64, 3, 15, 7, 0]
82_82_100_81_0_38_32_64_0_0_0_0_7_32_47_null_[0, 64, 3, 15, 7, 0]
83_83_100_81_0_38_32_64_0_0_0_0_7_32_47_null_[0, 64, 3, 15, 7, 0]
84_84_100_81_0_38_32_64_0_0_0_0_7_32_47_null_[0, 64, 3, 15, 7, 0]
85_85_100_81_0_38_32_64_0_0_0_0_7_32_47_null_[0, 64, 3, 15, 7, 0]
86_86_100_81_0_38_32_64_0_0_0_0_7_32_47_null_[0, 64, 3, 15, 7, 0]
87_87_100_81_0_38_32_64_0_0_0_0_7_32_47_null_[0, 64, 3, 15, 7, 0]
88_88_100_81_0_38_32_64_0_0_0_0_7_32_47_null_[0, 64, 3, 15, 7, 0]
89_89_100_81_0_38_32_64_0_0_0_0_7_32_47_null_[0, 64, 3, 15, 7, 0]
90_90_100_81_0_38_32_64_0_0_0_0_7_32_47_null_[0, 64, 3, 15, 7, 0]
91_91_100_81_0_38_32_64_0_0_0_0_7_32_47_null_[0, 64, 3, 15, 7, 0]
92_92_100_81_0_38_32_64_0_0_0_0_7_32_47_null_[0, 64, 3, 15, 7, 0]
93_93_100_81_0_38_32_64_0_0_0_0_7_32_47_null_[0, 64, 3, 15, 7, 0]
94_94_100_81_0_38_32_64_0_0_0_0_7_32_47_null_[0, 64, 3, 15, 7, 0]
95_95_100_81_0_38_32_64_0_0_0_0_7_32_47_null_[0, 64, 3, 15, 7, 0]
96_96_100_81_0_38_32_64_0_0_0_0_7_32_47_null_[0, 64, 3, 15, 7, 0]
97_97_100_81_0_38_32_64_0_0_0_0_7_32_47_null_[0, 64, 3, 15, 7, 0]
98_98_100_81_0_38_32_64_0_0_0_0_7_32_47_null_[0, 64, 3, 15, 7, 0]
99_99_100_81_0_38_32_64_0_0_0_0_7_32_47_null_[0, 64, 3, 15, 7, 0]
100_100_100_81_0_38_32_64_0_0_0_0_7_32_47_null_[0, 64, 3, 15, 7, 0]
101_101_100_81_0_38_32_64_0_0_0_0_7_32_47_null_[0, 64, 3, 15, 7, 0]
102_102_100_81_0_38_32_64_0_0_0_0_7_32_47_null_[0, 64, 3, 15, 7, 0]
103_103_100_81_0_38_32_64_0_0_0_0_7_32_47_null_[0, 64, 3, 15, 7, 0]
104_104_100_81_0_38_32_64_0_0_0_0_7_32_47_null_[0, 64, 3, 15, 7, 0]
105_105_100_81_0_38_32_64_0_0_0_0_7_32_47_null_[0, 64, 3, 15, 7, 0]
106_106_100_81_0_38_32_64_0_0_0_0_7_32_47_null_[0, 64, 3, 15, 7, 0]
107_107_100_81_0_38_32_64_0_0_0_0_7_32_47_null_[0, 64, 3, 15, 7, 0]
108_108_100_81_0_38_32_64_0_0_0_0_7_32_47_null_[0, 64, 3, 15, 7, 0]
109_109_100_81_0_38_32_64_0_0_0_0_7_32_47_null_[0, 64, 3, 15, 7, 0]
110_110_100_81_0_38_32_64_0_0_0_0_7_32_47_null_[0, 64, 3, 15, 7, 0]
111_111_100_81_0_38_32_64_0_0_0_0_7_32_47_null_[0, 64, 3, 15, 7, 0]
112_112_100_81_0_38_32_64_0_0_0_0_7_32_47_null_[0, 64, 3, 15, 7, 0]
113_113_100_81_0_38_32_64_0_0_0_0_7_32_47_null_[0, 64, 3, 15, 7, 0]
114_114_100_81_0_38_32_64_0_0_0_0_7_32_47_null_[0, 64, 3, 15, 7, 0]
115_115_100_81_0_38_32_64_0_0_0_0_7_32_47_null_[0, 64, 3, 15, 7, 0]
116_116_100_81_0_38_32_64_0_0_0_0_7_32_47_null_[0, 64, 3, 15, 7, 0]
117_117_100_81_0_38_32_64_0_0_0_0_7_32_47_null_[0, 64, 3, 15, 7, 0]
118_118_100_81_0_38_32_64_0_0_0_0_7_32_47_null_[0, 64, 3, 15, 7, 0]
119_119_100_81_0_38_32_64_0_0_0_0_7_32_47_null_[0, 64, 3, 15, 7, 0]
120_120_100_81_0_38_32_64_0_0_0_0_7_32_47_null_[0, 64, 3, 15, 7, 0]
121_121_100_81_0_38_32_64_0_0_0_0_7_32_47_null_[0, 64, 3, 15, 7, 0]
122_122_100_81_0_38_32_64_0_0_0_0_7_32_47_null_[0, 64, 3, 15, 7, 0]
123_123_100_81_0_38_32_64_0_0_0_0_7_32_47_null_[0, 64, 3, 15, 7, 0]
124_124_100_81_0_38_32_64_0_0_0_0_7_32_47_null_[0, 64, 3, 15, 7, 0]
125_125_100_81_0_38_32_64_0_0_0_0_7_32_47_null_[0, 64, 3, 15, 7, 0]
126_126_100_81_0_38_32_64_0_0_0_0_7_32_47_null_[0, 64, 3, 15, 7, 0]
127_127_100_81_0_38_32_64_0_0_0_0_7_32_47_null_[0, 64, 3, 15, 7, 0]
