0_0_101_51_0_41_32_64_0_0_0_0_10_31_48_null_[0, 64, 1, 0]
1_1_101_51_0_41_32_64_0_0_0_0_10_31_48_null_[0, 64, 1, 0]
2_2_101_51_0_41_32_64_0_0_0_0_10_31_48_null_[0, 64, 1, 0]
3_3_101_51_0_41_32_64_0_0_0_0_10_31_48_null_[0, 64, 1, 0]
4_4_101_51_0_41_32_64_0_0_0_0_10_31_48_null_[0, 64, 1, 0]
5_5_101_51_0_41_32_64_0_0_0_0_10_31_48_null_[0, 64, 1, 0]
6_6_101_51_0_41_32_64_0_0_0_0_10_31_48_null_[0, 64, 1, 0]
7_7_101_51_0_41_32_64_0_0_0_0_10_31_48_null_[0, 64, 1, 0]
8_8_101_51_0_41_32_64_0_0_0_0_10_31_48_null_[0, 64, 1, 0]
9_9_101_51_0_41_32_64_0_0_0_0_10_31_48_null_[0, 64, 1, 0]
10_10_101_51_0_41_32_64_0_0_0_0_10_31_48_null_[0, 64, 1, 0]
11_11_101_51_0_41_32_64_0_0_0_0_10_31_48_null_[0, 64, 1, 0]
12_12_101_51_0_41_32_64_0_0_0_0_10_31_48_null_[0, 64, 1, 0]
13_13_101_51_0_41_32_64_0_0_0_0_10_31_48_null_[0, 64, 1, 0]
14_14_101_51_0_41_32_64_0_0_0_0_10_31_48_null_[0, 64, 1, 0]
15_15_101_51_0_41_32_64_0_0_0_0_10_31_48_null_[0, 64, 1, 0]
16_16_101_51_0_41_32_64_0_0_0_0_10_31_48_null_[0, 64, 1, 0]
17_17_101_51_0_41_32_64_0_0_0_0_10_31_48_null_[0, 64, 1, 0]
18_18_101_51_0_41_32_64_0_0_0_0_10_31_48_null_[0, 64, 1, 0]
19_19_101_51_0_41_32_64_0_0_0_0_10_31_48_null_[0, 64, 1, 0]
20_20_101_51_0_41_32_64_0_0_0_0_10_31_48_null_[0, 64, 1, 0]
21_21_101_51_0_41_32_64_0_0_0_0_10_31_48_null_[0, 64, 1, 0]
22_22_101_51_0_41_32_64_0_0_0_0_10_31_48_null_[0, 64, 1, 0]
23_23_101_51_0_41_32_64_0_0_0_0_10_31_48_null_[0, 64, 1, 0]
24_24_101_51_0_41_32_64_0_0_0_0_10_31_48_null_[0, 64, 1, 0]
25_25_101_51_0_41_32_64_0_0_0_0_10_31_48_null_[0, 64, 1, 0]
26_26_101_51_0_41_32_64_0_0_0_0_10_31_48_null_[0, 64, 1, 0]
27_27_101_51_0_41_32_64_0_0_0_0_10_31_48_null_[0, 64, 1, 0]
28_28_101_51_0_41_32_64_0_0_0_0_10_31_48_null_[0, 64, 1, 0]
29_29_101_51_0_41_32_64_0_0_0_0_10_31_48_null_[0, 64, 1, 0]
30_30_101_51_0_41_32_64_0_0_0_0_10_31_48_null_[0, 64, 1, 0]
31_31_101_51_0_41_32_64_0_0_0_0_10_31_48_null_[0, 64, 1, 0]
32_32_101_51_0_41_32_64_0_0_0_0_10_31_48_null_[0, 64, 1, 0]
33_33_101_51_0_41_32_64_0_0_0_0_10_31_48_null_[0, 64, 1, 0]
34_34_101_51_0_41_32_64_0_0_0_0_10_31_48_null_[0, 64, 1, 0]
35_35_101_51_0_41_32_64_0_0_0_0_10_31_48_null_[0, 64, 1, 0]
36_36_101_51_0_41_32_64_0_0_0_0_10_31_48_null_[0, 64, 1, 0]
37_37_101_51_0_41_32_64_0_0_0_0_10_31_48_null_[0, 64, 1, 0]
38_38_101_51_0_41_32_64_0_0_0_0_10_31_48_null_[0, 64, 1, 0]
39_39_101_51_0_41_32_64_0_0_0_0_10_31_48_null_[0, 64, 1, 0]
40_40_101_51_0_41_32_64_0_0_0_0_10_31_48_null_[0, 64, 1, 0]
41_41_101_51_0_41_32_64_0_0_0_0_10_31_48_null_[0, 64, 1, 0]
42_42_101_51_0_41_32_64_0_0_0_0_10_31_48_null_[0, 64, 1, 0]
43_43_101_51_0_41_32_64_0_0_0_0_10_31_48_null_[0, 64, 1, 0]
44_44_101_51_0_41_32_64_0_0_0_0_10_31_48_null_[0, 64, 1, 0]
45_45_101_51_0_41_32_64_0_0_0_0_10_31_48_null_[0, 64, 1, 0]
46_46_101_51_0_41_32_64_0_0_0_0_10_31_48_null_[0, 64, 1, 0]
47_47_101_51_0_41_32_64_0_0_0_0_10_31_48_null_[0, 64, 1, 0]
48_48_101_51_0_41_32_64_0_0_0_0_10_31_48_null_[0, 64, 1, 0]
49_49_101_51_0_41_32_64_0_0_0_0_10_31_48_null_[0, 64, 1, 0]
50_50_101_51_0_41_32_64_0_0_0_0_10_31_48_null_[0, 64, 1, 0]
51_51_101_51_0_41_32_64_0_0_0_0_10_31_48_null_[0, 64, 1, 0]
52_52_101_51_0_41_32_64_0_0_0_0_10_31_48_null_[0, 64, 1, 0]
53_53_101_51_0_41_32_64_0_0_0_0_10_31_48_null_[0, 64, 1, 0]
54_54_101_51_0_41_32_64_0_0_0_0_10_31_48_null_[0, 64, 1, 0]
55_55_101_51_0_41_32_64_0_0_0_0_10_31_48_null_[0, 64, 1, 0]
56_56_101_51_0_41_32_64_0_0_0_0_10_31_48_null_[0, 64, 1, 0]
57_57_101_51_0_41_32_64_0_0_0_0_10_31_48_null_[0, 64, 1, 0]
58_58_101_51_0_41_32_64_0_0_0_0_10_31_48_null_[0, 64, 1, 0]
59_59_101_51_0_41_32_64_0_0_0_0_10_31_48_null_[0, 64, 1, 0]
60_60_101_51_0_41_32_64_0_0_0_0_10_31_48_null_[0, 64, 1, 0]
61_61_101_51_0_41_32_64_0_0_0_0_10_31_48_null_[0, 64, 1, 0]
62_62_101_51_0_41_32_64_0_0_0_0_10_31_48_null_[0, 64, 1, 0]
63_63_101_51_0_41_32_64_0_0_0_0_10_31_48_null_[0, 64, 1, 0]
64_64_101_51_0_41_32_64_0_0_0_0_10_31_48_null_[0, 64, 1, 0]
65_65_101_51_0_41_32_64_0_0_0_0_10_31_48_null_[0, 64, 1, 0]
66_66_101_51_0_41_32_64_0_0_0_0_10_31_48_null_[0, 64, 1, 0]
67_67_104_72_0_41_32_64_0_0_0_0_10_31_48_null_[0, 64, 1, 0]
68_68_104_72_0_41_32_64_0_0_0_0_10_31_48_null_[0, 64, 1, 0]
69_69_104_72_0_41_32_64_0_0_0_0_10_31_48_null_[0, 64, 1, 0]
70_70_104_72_0_41_32_64_0_0_0_0_10_31_48_null_[0, 64, 1, 0]
71_71_104_72_0_41_32_64_0_0_0_0_10_31_48_null_[0, 64, 1, 0]
72_72_104_72_0_41_32_64_0_0_0_0_10_31_48_null_[0, 64, 1, 0]
73_73_104_72_0_41_32_64_0_0_0_0_10_31_48_null_[0, 64, 1, 0]
74_74_104_72_0_41_32_64_0_0_0_0_10_31_48_null_[0, 64, 1, 0]
75_75_104_72_0_41_32_64_0_0_0_0_10_31_48_null_[0, 64, 1, 0]
76_76_104_72_0_41_32_64_0_0_0_0_10_31_48_null_[0, 64, 1, 0]
77_77_104_72_0_41_32_64_0_0_0_0_10_31_48_null_[0, 64, 1, 0]
78_78_104_72_0_41_32_64_0_0_0_0_10_31_48_null_[0, 64, 1, 0]
79_79_104_72_0_41_32_64_0_0_0_0_10_31_48_null_[0, 64, 1, 0]
80_80_104_72_0_41_32_64_0_0_0_0_10_31_48_null_[0, 64, 1, 0]
81_81_104_72_0_41_32_64_0_0_0_0_10_31_48_null_[0, 64, 1, 0]
82_82_104_72_0_41_32_64_0_0_0_0_10_31_48_null_[0, 64, 1, 0]
83_83_104_72_0_41_32_64_0_0_0_0_10_31_48_null_[0, 64, 1, 0]
84_84_104_72_0_41_32_64_0_0_0_0_10_31_48_null_[0, 64, 1, 0]
85_85_104_72_0_41_32_64_0_0_0_0_10_31_48_null_[0, 64, 1, 0]
86_86_104_72_0_41_32_64_0_0_0_0_10_31_48_null_[0, 64, 1, 0]
87_87_104_72_0_41_32_64_0_0_0_0_10_31_48_null_[0, 64, 1, 0]
88_88_104_72_0_41_32_64_0_0_0_0_10_31_48_null_[0, 64, 1, 0]
89_89_104_72_0_41_32_64_0_0_0_0_10_31_48_null_[0, 64, 1, 0]
90_90_104_72_0_41_32_64_0_0_0_0_10_31_48_null_[0, 64, 1, 0]
91_91_104_72_0_41_32_64_0_0_0_0_10_31_48_null_[0, 64, 1, 0]
92_92_104_72_0_41_32_64_0_0_0_0_10_31_48_null_[0, 64, 1, 0]
93_93_104_72_0_41_32_64_0_0_0_0_10_31_48_null_[0, 64, 1, 0]
94_94_104_72_0_41_32_64_0_0_0_0_10_31_48_null_[0, 64, 1, 0]
95_95_104_72_0_41_32_64_0_0_0_0_10_31_48_null_[0, 64, 1, 0]
96_96_104_72_0_41_32_64_0_0_0_0_10_31_48_null_[0, 64, 1, 0]
97_97_104_72_0_41_32_64_0_0_0_0_10_31_48_null_[0, 64, 1, 0]
98_98_104_72_0_41_32_64_0_0_0_0_10_31_48_null_[0, 64, 1, 0]
99_99_104_72_0_41_32_64_0_0_0_0_10_31_48_null_[0, 64, 1, 0]
100_100_104_72_0_41_32_64_0_0_0_0_10_31_48_null_[0, 64, 1, 0]
101_101_104_72_0_41_32_64_0_0_0_0_10_31_48_null_[0, 64, 1, 0]
102_102_104_72_0_41_32_64_0_0_0_0_10_31_48_null_[0, 64, 1, 0]
103_103_104_72_0_41_32_64_0_0_0_0_10_31_48_null_[0, 64, 1, 0]
104_104_104_72_0_41_32_64_0_0_0_0_10_31_48_null_[0, 64, 1, 0]
105_105_104_72_0_41_32_64_0_0_0_0_10_31_48_null_[0, 64, 1, 0]
106_106_104_72_0_41_32_64_0_0_0_0_10_31_48_null_[0, 64, 1, 0]
107_107_104_72_0_41_32_64_0_0_0_0_10_31_48_null_[0, 64, 1, 0]
108_108_104_72_0_41_32_64_0_0_0_0_10_31_48_null_[0, 64, 1, 0]
109_109_104_72_0_41_32_64_0_0_0_0_10_31_48_null_[0, 64, 1, 0]
110_110_104_72_0_41_32_64_0_0_0_0_10_31_48_null_[0, 64, 1, 0]
111_111_104_72_0_41_32_64_0_0_0_0_10_31_48_null_[0, 64, 1, 0]
112_112_104_72_0_41_32_64_0_0_0_0_10_31_48_null_[0, 64, 1, 0]
113_113_104_72_0_41_32_64_0_0_0_0_10_31_48_null_[0, 64, 1, 0]
114_114_104_72_0_41_32_64_0_0_0_0_10_31_48_null_[0, 64, 1, 0]
115_115_104_72_0_41_32_64_0_0_0_0_10_31_48_null_[0, 64, 1, 0]
116_116_104_72_0_41_32_64_0_0_0_0_10_31_48_null_[0, 64, 1, 0]
117_117_104_72_0_41_32_64_0_0_0_0_10_31_48_null_[0, 64, 1, 0]
118_118_104_72_0_41_32_64_0_0_0_0_10_31_48_null_[0, 64, 1, 0]
119_119_104_72_0_41_32_64_0_0_0_0_10_31_48_null_[0, 64, 1, 0]
120_120_104_72_0_41_32_64_0_0_0_0_10_31_48_null_[0, 64, 1, 0]
121_121_104_72_0_41_32_64_0_0_0_0_10_31_48_null_[0, 64, 1, 0]
122_122_104_72_0_41_32_64_0_0_0_0_10_31_48_null_[0, 64, 1, 0]
123_123_104_72_0_41_32_64_0_0_0_0_10_31_48_null_[0, 64, 1, 0]
124_124_104_72_0_41_32_64_0_0_0_0_10_31_48_null_[0, 64, 1, 0]
125_125_104_72_0_41_32_64_0_0_0_0_10_31_48_null_[0, 64, 1, 0]
126_126_104_72_0_41_32_64_0_0_0_0_10_31_48_null_[0, 64, 1, 0]
127_127_104_72_0_41_32_64_0_0_0_0_10_31_48_null_[0, 64, 1, 0]
