0_0_212_24_0_43_30_64_21_0_0_0_0_24_0_[0, 64, 4, 33, 9, 17, 37, 0]_null
1_1_212_24_0_43_30_64_21_0_0_0_0_24_0_[0, 64, 4, 33, 9, 17, 37, 0]_null
2_2_212_24_0_43_30_64_21_0_0_0_0_24_0_[0, 64, 4, 33, 9, 17, 37, 0]_null
3_3_212_24_0_43_30_64_21_0_0_0_0_24_0_[0, 64, 4, 33, 9, 17, 37, 0]_null
4_4_212_24_0_43_30_64_21_0_0_0_0_24_0_[0, 64, 4, 33, 9, 17, 37, 0]_null
5_5_212_24_0_43_30_64_21_0_0_0_0_24_0_[0, 64, 4, 33, 9, 17, 37, 0]_null
6_6_212_24_0_43_30_64_21_0_0_0_0_24_0_[0, 64, 4, 33, 9, 17, 37, 0]_null
7_7_212_24_0_43_30_64_21_0_0_0_0_24_0_[0, 64, 4, 33, 9, 17, 37, 0]_null
8_8_212_24_0_43_30_64_21_0_0_0_0_24_0_[0, 64, 4, 33, 9, 17, 37, 0]_null
9_9_212_24_0_43_30_64_21_0_0_0_0_24_0_[0, 64, 4, 33, 9, 17, 37, 0]_null
10_10_212_24_0_43_30_64_21_0_0_0_0_24_0_[0, 64, 4, 33, 9, 17, 37, 0]_null
11_11_212_24_0_43_30_64_21_0_0_0_0_24_0_[0, 64, 4, 33, 9, 17, 37, 0]_null
12_12_212_24_0_43_30_64_21_0_0_0_0_24_0_[0, 64, 4, 33, 9, 17, 37, 0]_null
13_13_212_24_0_43_30_64_21_0_0_0_0_24_0_[0, 64, 4, 33, 9, 17, 37, 0]_null
14_14_212_24_0_43_30_64_21_0_0_0_0_24_0_[0, 64, 4, 33, 9, 17, 37, 0]_null
15_15_212_24_0_43_30_64_21_0_0_0_0_24_0_[0, 64, 4, 33, 9, 17, 37, 0]_null
16_16_212_24_0_43_30_64_21_0_0_0_0_24_0_[0, 64, 4, 33, 9, 17, 37, 0]_null
17_17_212_24_0_43_30_64_21_0_0_0_0_24_0_[0, 64, 4, 33, 9, 17, 37, 0]_null
18_18_212_24_0_43_30_64_21_0_0_0_0_24_0_[0, 64, 4, 33, 9, 17, 37, 0]_null
19_19_212_24_0_43_30_64_21_0_0_0_0_24_0_[0, 64, 4, 33, 9, 17, 37, 0]_null
20_20_212_24_0_43_30_64_21_0_0_0_0_24_0_[0, 64, 4, 33, 9, 17, 37, 0]_null
21_21_212_24_0_43_30_64_21_0_0_0_0_24_0_[0, 64, 4, 33, 9, 17, 37, 0]_null
22_22_212_24_0_43_30_64_21_0_0_0_0_24_0_[0, 64, 4, 33, 9, 17, 37, 0]_null
23_23_212_24_0_43_30_64_21_0_0_0_0_24_0_[0, 64, 4, 33, 9, 17, 37, 0]_null
24_24_212_24_0_43_30_64_21_0_0_0_0_24_0_[0, 64, 4, 33, 9, 17, 37, 0]_null
25_25_212_24_0_43_30_64_21_0_0_0_0_24_0_[0, 64, 4, 33, 9, 17, 37, 0]_null
26_26_106_27_0_43_30_64_21_0_0_0_0_24_0_[0, 64, 4, 33, 9, 17, 37, 0]_null
27_27_106_27_0_43_30_64_21_0_0_0_0_24_0_[0, 64, 4, 33, 9, 17, 37, 0]_null
28_28_106_27_0_43_30_64_21_0_0_0_0_24_0_[0, 64, 4, 33, 9, 17, 37, 0]_null
29_29_301_30_0_43_30_64_21_0_0_0_0_24_0_[0, 64, 4, 33, 9, 17, 37, 0]_null
30_30_301_30_0_43_30_64_21_0_0_0_0_24_0_[0, 64, 4, 33, 9, 17, 37, 0]_null
31_31_301_30_0_43_30_64_21_0_0_0_0_24_0_[0, 64, 4, 33, 9, 17, 37, 0]_null
32_32_132_33_0_43_30_64_21_0_0_0_0_24_0_[0, 64, 4, 33, 9, 17, 37, 0]_null
33_33_132_33_0_43_30_64_21_0_0_0_0_24_0_[0, 64, 4, 33, 9, 17, 37, 0]_null
34_34_132_33_0_43_30_64_21_0_0_0_0_24_0_[0, 64, 4, 33, 9, 17, 37, 0]_null
35_35_118_36_0_43_30_64_21_0_0_0_0_24_0_[0, 64, 4, 33, 9, 17, 37, 0]_null
36_36_118_36_0_43_30_64_21_0_0_0_0_24_0_[0, 64, 4, 33, 9, 17, 37, 0]_null
37_37_118_36_0_43_30_64_21_0_0_0_0_24_0_[0, 64, 4, 33, 9, 17, 37, 0]_null
38_38_197_39_0_43_30_64_21_0_0_0_0_24_0_[0, 64, 4, 33, 9, 17, 37, 0]_null
39_39_197_39_0_43_30_64_21_0_0_0_0_24_0_[0, 64, 4, 33, 9, 17, 37, 0]_null
40_40_197_39_0_43_30_64_21_0_0_0_0_24_0_[0, 64, 4, 33, 9, 17, 37, 0]_null
41_41_268_42_0_43_30_64_21_0_0_0_0_24_0_[0, 64, 4, 33, 9, 17, 37, 0]_null
42_42_268_42_0_43_30_64_21_0_0_0_0_24_0_[0, 64, 4, 33, 9, 17, 37, 0]_null
43_43_268_42_0_43_30_64_21_0_0_0_0_24_0_[0, 64, 4, 33, 9, 17, 37, 0]_null
44_44_14_45_0_43_30_64_21_0_0_0_0_24_0_[0, 64, 4, 33, 9, 17, 37, 0]_null
45_45_14_45_0_43_30_64_21_0_0_0_0_24_0_[0, 64, 4, 33, 9, 17, 37, 0]_null
46_46_14_45_0_43_30_64_21_0_0_0_0_24_0_[0, 64, 4, 33, 9, 17, 37, 0]_null
47_47_294_48_0_43_30_64_21_0_0_0_0_24_0_[0, 64, 4, 33, 9, 17, 37, 0]_null
48_48_294_48_0_43_30_64_21_0_0_0_0_24_0_[0, 64, 4, 33, 9, 17, 37, 0]_null
49_49_294_48_0_43_30_64_21_0_0_0_0_24_0_[0, 64, 4, 33, 9, 17, 37, 0]_null
50_50_296_51_0_43_32_64_21_0_0_0_0_24_0_[0, 64, 4, 33, 9, 17, 37, 0]_null
51_51_296_51_0_43_32_64_21_0_0_0_0_24_0_[0, 64, 4, 33, 9, 17, 37, 0]_null
52_52_296_51_0_43_32_64_21_0_0_0_0_24_0_[0, 64, 4, 33, 9, 17, 37, 0]_null
53_53_298_54_0_43_32_64_21_0_0_0_0_24_0_[0, 64, 4, 33, 9, 17, 37, 0]_null
54_54_298_54_0_43_32_64_21_0_0_0_0_24_0_[0, 64, 4, 33, 9, 17, 37, 0]_null
55_55_298_54_0_43_32_64_21_0_0_0_0_24_0_[0, 64, 4, 33, 9, 17, 37, 0]_null
56_56_175_57_0_43_32_64_21_0_0_0_0_24_0_[0, 64, 4, 33, 9, 17, 37, 0]_null
57_57_175_57_0_43_33_64_21_0_0_0_0_24_0_[0, 64, 4, 33, 9, 17, 37, 0]_null
58_58_175_57_0_43_33_64_21_0_0_0_0_24_0_[0, 64, 4, 33, 9, 17, 37, 0]_null
59_59_136_60_0_43_33_64_21_0_0_0_0_24_0_[0, 64, 4, 33, 9, 17, 37, 0]_null
60_60_136_60_0_43_33_64_21_0_0_0_0_24_0_[0, 64, 4, 33, 9, 17, 37, 0]_null
61_61_136_60_0_43_33_64_21_0_0_0_0_24_0_[0, 64, 4, 33, 9, 17, 37, 0]_null
62_62_92_63_0_43_33_64_21_0_0_0_0_24_0_[0, 64, 4, 33, 9, 17, 37, 0]_null
63_63_92_63_0_43_33_64_21_0_0_0_0_24_0_[0, 64, 4, 33, 9, 17, 37, 0]_null
64_64_92_63_0_43_33_64_21_0_0_0_0_24_0_[0, 64, 4, 33, 9, 17, 37, 0]_null
65_65_102_66_0_43_33_64_21_0_0_0_0_24_0_[0, 64, 4, 33, 9, 17, 37, 0]_null
66_66_102_66_0_43_33_64_21_0_0_0_0_24_0_[0, 64, 4, 33, 9, 17, 37, 0]_null
67_67_102_66_0_43_33_64_21_0_0_0_0_24_0_[0, 64, 4, 33, 9, 17, 37, 0]_null
68_68_266_69_0_43_33_64_21_0_0_0_0_24_0_[0, 64, 4, 33, 9, 17, 37, 0]_null
69_69_266_69_0_43_32_64_21_0_0_0_0_24_0_[0, 64, 4, 33, 9, 17, 37, 0]_null
70_70_266_69_0_43_32_64_21_0_0_0_0_24_0_[0, 64, 4, 33, 9, 17, 37, 0]_null
71_71_149_72_0_43_32_64_21_0_0_0_0_24_0_[0, 64, 4, 33, 9, 17, 37, 0]_null
72_72_149_72_0_43_32_64_21_0_0_0_0_24_0_[0, 64, 4, 33, 9, 17, 37, 0]_null
73_73_149_72_0_43_32_64_21_0_0_0_0_24_0_[0, 64, 4, 33, 9, 17, 37, 0]_null
74_74_267_75_0_43_32_64_21_0_0_0_0_24_0_[0, 64, 4, 33, 9, 17, 37, 0]_null
75_75_267_75_0_43_32_64_21_0_0_0_0_24_0_[0, 64, 4, 33, 9, 17, 37, 0]_null
76_76_267_75_0_43_32_64_21_0_0_0_0_24_0_[0, 64, 4, 33, 9, 17, 37, 0]_null
77_77_182_78_0_43_32_64_21_0_0_0_0_24_0_[0, 64, 4, 33, 9, 17, 37, 0]_null
78_78_182_78_0_43_32_64_21_0_0_0_0_24_0_[0, 64, 4, 33, 9, 17, 37, 0]_null
79_79_182_78_0_43_32_64_21_0_0_0_0_24_0_[0, 64, 4, 33, 9, 17, 37, 0]_null
80_80_55_81_0_43_32_64_21_0_0_0_0_24_0_[0, 64, 4, 33, 9, 17, 37, 0]_null
81_81_55_81_0_43_32_64_21_0_0_0_0_24_0_[0, 64, 4, 33, 9, 17, 37, 0]_null
82_82_55_81_0_43_32_64_21_0_0_0_0_24_0_[0, 64, 4, 33, 9, 17, 37, 0]_null
83_83_156_84_0_43_32_64_21_0_0_0_0_24_0_[0, 64, 4, 33, 9, 17, 37, 0]_null
84_84_156_84_0_43_32_64_21_0_0_0_0_24_0_[0, 64, 4, 33, 9, 17, 37, 0]_null
85_85_156_84_0_43_32_64_21_0_0_0_0_24_0_[0, 64, 4, 33, 9, 17, 37, 0]_null
86_86_303_87_0_43_32_64_21_0_0_0_0_24_0_[0, 64, 4, 33, 9, 17, 37, 0]_null
87_87_303_87_0_43_32_64_21_0_0_0_0_24_0_[0, 64, 4, 33, 9, 17, 37, 0]_null
88_88_303_87_0_43_32_64_21_0_0_0_0_24_0_[0, 64, 4, 33, 9, 17, 37, 0]_null
89_89_114_90_0_43_32_64_21_0_0_0_0_24_0_[0, 64, 4, 33, 9, 17, 37, 0]_null
90_90_114_90_0_43_32_64_21_0_0_0_0_24_0_[0, 64, 4, 33, 9, 17, 37, 0]_null
91_91_114_90_0_43_32_64_21_0_0_0_0_24_0_[0, 64, 4, 33, 9, 17, 37, 0]_null
92_92_134_93_0_43_32_64_21_0_0_0_0_24_0_[0, 64, 4, 33, 9, 17, 37, 0]_null
93_93_134_93_0_43_32_64_21_0_0_0_0_24_0_[0, 64, 4, 33, 9, 17, 37, 0]_null
94_94_134_93_0_43_32_64_21_0_0_0_0_24_0_[0, 64, 4, 33, 9, 17, 37, 0]_null
95_95_97_96_0_43_32_64_21_0_0_0_0_24_0_[0, 64, 4, 33, 9, 17, 37, 0]_null
96_96_97_96_0_43_32_64_21_0_0_0_0_24_0_[0, 64, 4, 33, 9, 17, 37, 0]_null
97_97_97_96_0_43_32_64_21_0_0_0_0_24_0_[0, 64, 4, 33, 9, 17, 37, 0]_null
98_98_97_96_0_43_32_64_21_0_0_0_0_24_0_[0, 64, 4, 33, 9, 17, 37, 0]_null
99_99_97_96_0_43_32_64_21_0_0_0_0_24_0_[0, 64, 4, 33, 9, 17, 37, 0]_null
100_100_97_96_0_43_32_64_21_0_0_0_0_24_0_[0, 64, 4, 33, 9, 17, 37, 0]_null
101_101_97_96_0_43_32_64_21_0_0_0_0_24_0_[0, 64, 4, 33, 9, 17, 37, 0]_null
102_102_97_96_0_43_32_64_21_0_0_0_0_24_0_[0, 64, 4, 33, 9, 17, 37, 0]_null
103_103_97_96_0_43_32_64_21_0_0_0_0_24_0_[0, 64, 4, 33, 9, 17, 37, 0]_null
104_104_97_96_0_43_32_64_21_0_0_0_0_24_0_[0, 64, 4, 33, 9, 17, 37, 0]_null
105_105_97_96_0_43_32_64_21_0_0_0_0_24_0_[0, 64, 4, 33, 9, 17, 37, 0]_null
106_106_97_96_0_43_32_64_21_0_0_0_0_24_0_[0, 64, 4, 33, 9, 17, 37, 0]_null
107_107_97_96_0_43_32_64_21_0_0_0_0_24_0_[0, 64, 4, 33, 9, 17, 37, 0]_null
108_108_97_96_0_43_32_64_21_0_0_0_0_24_0_[0, 64, 4, 33, 9, 17, 37, 0]_null
109_109_97_96_0_43_32_64_21_0_0_0_0_24_0_[0, 64, 4, 33, 9, 17, 37, 0]_null
110_110_97_96_0_43_32_64_21_0_0_0_0_24_0_[0, 64, 4, 33, 9, 17, 37, 0]_null
111_111_97_96_0_43_32_64_21_0_0_0_0_24_0_[0, 64, 4, 33, 9, 17, 37, 0]_null
112_112_97_96_0_43_32_64_21_0_0_0_0_24_0_[0, 64, 4, 33, 9, 17, 37, 0]_null
113_113_97_96_0_43_32_64_21_0_0_0_0_24_0_[0, 64, 4, 33, 9, 17, 37, 0]_null
114_114_97_96_0_43_32_64_21_0_0_0_0_24_0_[0, 64, 4, 33, 9, 17, 37, 0]_null
115_115_97_96_0_43_32_64_21_0_0_0_0_24_0_[0, 64, 4, 33, 9, 17, 37, 0]_null
116_116_97_96_0_43_32_64_21_0_0_0_0_24_0_[0, 64, 4, 33, 9, 17, 37, 0]_null
117_117_97_96_0_43_32_64_21_0_0_0_0_24_0_[0, 64, 4, 33, 9, 17, 37, 0]_null
118_118_97_96_0_43_32_64_21_0_0_0_0_24_0_[0, 64, 4, 33, 9, 17, 37, 0]_null
119_119_97_96_0_43_32_64_21_0_0_0_0_24_0_[0, 64, 4, 33, 9, 17, 37, 0]_null
120_120_97_96_0_43_32_64_21_0_0_0_0_24_0_[0, 64, 4, 33, 9, 17, 37, 0]_null
121_121_97_96_0_43_32_64_21_0_0_0_0_24_0_[0, 64, 4, 33, 9, 17, 37, 0]_null
122_122_97_96_0_43_32_64_21_0_0_0_0_24_0_[0, 64, 4, 33, 9, 17, 37, 0]_null
123_123_97_96_0_43_32_64_21_0_0_0_0_24_0_[0, 64, 4, 33, 9, 17, 37, 0]_null
124_124_97_96_0_43_32_64_21_0_0_0_0_24_0_[0, 64, 4, 33, 9, 17, 37, 0]_null
125_125_97_96_0_43_32_64_21_0_0_0_0_24_0_[0, 64, 4, 33, 9, 17, 37, 0]_null
126_126_97_96_0_43_32_64_21_0_0_0_0_24_0_[0, 64, 4, 33, 9, 17, 37, 0]_null
127_127_97_96_0_43_32_64_21_0_0_0_0_24_0_[0, 64, 4, 33, 9, 17, 37, 0]_null
