0_0_119_59_0_44_48_64_0_3_5_0_0_24_0_[0, 64, 6, 35, 17, 19, 29, 10, 42, 3, 58, 0]_[0, 64, 50, 0]
1_1_119_59_0_44_48_64_0_3_5_0_0_24_0_[0, 64, 6, 35, 17, 19, 29, 10, 42, 3, 58, 0]_[0, 64, 50, 0]
2_2_119_59_0_44_47_64_0_3_5_0_0_24_0_[0, 64, 6, 35, 17, 19, 29, 10, 42, 3, 58, 0]_[0, 64, 50, 0]
3_3_119_59_0_44_47_64_0_3_5_0_0_24_0_[0, 64, 6, 35, 17, 19, 29, 10, 42, 3, 58, 0]_[0, 64, 50, 0]
4_4_119_59_0_44_47_64_0_3_5_0_0_24_0_[0, 64, 6, 35, 17, 19, 29, 10, 42, 3, 58, 0]_[0, 64, 50, 0]
5_5_119_59_0_44_47_64_0_3_5_0_0_24_0_[0, 64, 6, 35, 17, 19, 29, 10, 42, 3, 58, 0]_[0, 64, 50, 0]
6_6_119_59_0_44_47_64_0_3_5_0_0_24_0_[0, 64, 6, 35, 17, 19, 29, 10, 42, 3, 58, 0]_[0, 64, 50, 0]
7_7_119_59_0_44_47_64_0_3_5_0_0_24_0_[0, 64, 6, 35, 17, 19, 29, 10, 42, 3, 58, 0]_[0, 64, 50, 0]
8_8_119_59_0_44_46_64_0_3_5_0_0_24_0_[0, 64, 6, 35, 17, 19, 29, 10, 42, 3, 58, 0]_[0, 64, 50, 0]
9_9_119_59_0_44_46_64_0_3_5_0_0_24_0_[0, 64, 6, 35, 17, 19, 29, 10, 42, 3, 58, 0]_[0, 64, 50, 0]
10_10_119_59_0_44_46_64_0_3_5_0_0_24_0_[0, 64, 6, 35, 17, 19, 29, 10, 42, 3, 58, 0]_[0, 64, 50, 0]
11_11_119_59_0_44_45_64_0_3_5_0_0_24_0_[0, 64, 6, 35, 17, 19, 29, 10, 42, 3, 58, 0]_[0, 64, 50, 0]
12_12_119_59_0_44_45_64_0_3_5_0_0_24_0_[0, 64, 6, 35, 17, 19, 29, 10, 42, 3, 58, 0]_[0, 64, 50, 0]
13_13_119_59_0_44_44_64_0_3_5_0_0_24_0_[0, 64, 6, 35, 17, 19, 29, 10, 42, 3, 58, 0]_[0, 64, 50, 0]
14_14_119_59_0_44_44_64_0_3_5_0_0_24_0_[0, 64, 6, 35, 17, 19, 29, 10, 42, 3, 58, 0]_[0, 64, 50, 0]
15_15_119_59_0_44_44_64_0_3_5_0_0_24_0_[0, 64, 6, 35, 17, 19, 29, 10, 42, 3, 58, 0]_[0, 64, 50, 0]
16_16_119_59_0_44_44_64_0_3_5_0_0_24_0_[0, 64, 6, 35, 17, 19, 29, 10, 42, 3, 58, 0]_[0, 64, 50, 0]
17_17_119_59_0_44_44_64_0_3_5_0_0_24_0_[0, 64, 6, 35, 17, 19, 29, 10, 42, 3, 58, 0]_[0, 64, 50, 0]
18_18_119_59_0_44_44_64_0_3_5_0_0_24_0_[0, 64, 6, 35, 17, 19, 29, 10, 42, 3, 58, 0]_[0, 64, 50, 0]
19_19_119_59_0_44_43_64_0_3_5_0_0_24_0_[0, 64, 6, 35, 17, 19, 29, 10, 42, 3, 58, 0]_[0, 64, 50, 0]
20_20_119_59_0_44_43_64_0_3_5_0_0_24_0_[0, 64, 6, 35, 17, 19, 29, 10, 42, 3, 58, 0]_[0, 64, 50, 0]
21_21_119_59_0_44_43_64_0_3_5_0_0_24_0_[0, 64, 6, 35, 17, 19, 29, 10, 42, 3, 58, 0]_[0, 64, 50, 0]
22_22_119_59_0_44_42_64_0_3_5_0_0_24_0_[0, 64, 6, 35, 17, 19, 29, 10, 42, 3, 58, 0]_[0, 64, 50, 0]
23_23_119_59_0_44_42_64_0_3_5_0_0_24_0_[0, 64, 6, 35, 17, 19, 29, 10, 42, 3, 58, 0]_[0, 64, 50, 0]
24_24_119_59_0_44_42_64_0_3_5_0_0_24_0_[0, 64, 6, 35, 17, 19, 29, 10, 42, 3, 58, 0]_[0, 64, 50, 0]
25_25_119_59_0_44_41_64_0_3_5_0_0_24_0_[0, 64, 6, 35, 17, 19, 29, 10, 42, 3, 58, 0]_[0, 64, 50, 0]
26_26_119_59_0_44_41_64_0_3_5_0_0_24_0_[0, 64, 6, 35, 17, 19, 29, 10, 42, 3, 58, 0]_[0, 64, 50, 0]
27_27_119_59_0_44_41_64_0_3_5_0_0_24_0_[0, 64, 6, 35, 17, 19, 29, 10, 42, 3, 58, 0]_[0, 64, 50, 0]
28_28_119_59_0_44_41_64_0_3_5_0_0_24_0_[0, 64, 6, 35, 17, 19, 29, 10, 42, 3, 58, 0]_[0, 64, 50, 0]
29_29_119_59_0_44_41_64_0_3_5_0_0_24_0_[0, 64, 6, 35, 17, 19, 29, 10, 42, 3, 58, 0]_[0, 64, 50, 0]
30_30_119_59_0_44_41_64_0_3_5_0_0_24_0_[0, 64, 6, 35, 17, 19, 29, 10, 42, 3, 58, 0]_[0, 64, 50, 0]
31_31_119_59_0_44_40_64_0_3_5_0_0_24_0_[0, 64, 6, 35, 17, 19, 29, 10, 42, 3, 58, 0]_[0, 64, 50, 0]
32_32_119_59_0_44_40_64_0_3_5_0_0_24_0_[0, 64, 6, 35, 17, 19, 29, 10, 42, 3, 58, 0]_[0, 64, 50, 0]
33_33_119_59_0_44_39_64_0_3_5_0_0_24_0_[0, 64, 6, 35, 17, 19, 29, 10, 42, 3, 58, 0]_[0, 64, 50, 0]
34_34_119_59_0_44_39_64_0_3_5_0_0_24_0_[0, 64, 6, 35, 17, 19, 29, 10, 42, 3, 58, 0]_[0, 64, 50, 0]
35_35_119_59_0_44_39_64_0_3_5_0_0_24_0_[0, 64, 6, 35, 17, 19, 29, 10, 42, 3, 58, 0]_[0, 64, 50, 0]
36_36_119_59_0_44_38_64_0_3_5_0_0_24_0_[0, 64, 6, 35, 17, 19, 29, 10, 42, 3, 58, 0]_[0, 64, 50, 0]
37_37_119_59_0_44_38_64_0_3_5_0_0_24_0_[0, 64, 6, 35, 17, 19, 29, 10, 42, 3, 58, 0]_[0, 64, 50, 0]
38_38_119_59_0_44_38_64_0_3_5_0_0_24_0_[0, 64, 6, 35, 17, 19, 29, 10, 42, 3, 58, 0]_[0, 64, 50, 0]
39_39_119_59_0_44_38_64_0_3_5_0_0_24_0_[0, 64, 6, 35, 17, 19, 29, 10, 42, 3, 58, 0]_[0, 64, 50, 0]
40_40_119_59_0_44_38_64_0_3_5_0_0_24_0_[0, 64, 6, 35, 17, 19, 29, 10, 42, 3, 58, 0]_[0, 64, 50, 0]
41_41_119_59_0_44_38_64_0_3_5_0_0_24_0_[0, 64, 6, 35, 17, 19, 29, 10, 42, 3, 58, 0]_[0, 64, 50, 0]
42_42_119_59_0_44_37_64_0_3_5_0_0_24_0_[0, 64, 6, 35, 17, 19, 29, 10, 42, 3, 58, 0]_[0, 64, 50, 0]
43_43_119_59_0_44_37_64_0_3_5_0_0_24_0_[0, 64, 6, 35, 17, 19, 29, 10, 42, 3, 58, 0]_[0, 64, 50, 0]
44_44_119_59_0_44_37_64_0_3_5_0_0_24_0_[0, 64, 6, 35, 17, 19, 29, 10, 42, 3, 58, 0]_[0, 64, 50, 0]
45_45_119_59_0_44_36_64_0_3_5_0_0_24_0_[0, 64, 6, 35, 17, 19, 29, 10, 42, 3, 58, 0]_[0, 64, 50, 0]
46_46_119_59_0_44_36_64_0_3_5_0_0_24_0_[0, 64, 6, 35, 17, 19, 29, 10, 42, 3, 58, 0]_[0, 64, 50, 0]
47_47_119_59_0_44_36_64_0_3_5_0_0_24_0_[0, 64, 6, 35, 17, 19, 29, 10, 42, 3, 58, 0]_[0, 64, 50, 0]
48_48_119_59_0_44_35_64_0_3_5_0_0_24_0_[0, 64, 6, 35, 17, 19, 29, 10, 42, 3, 58, 0]_[0, 64, 50, 0]
49_49_120_68_0_44_35_64_0_3_5_0_0_24_0_[0, 64, 6, 35, 17, 19, 29, 10, 42, 3, 58, 0]_[0, 64, 50, 0]
50_50_120_68_0_44_35_64_0_3_5_0_0_24_0_[0, 64, 6, 35, 17, 19, 29, 10, 42, 3, 58, 0]_[0, 64, 50, 0]
51_51_120_68_0_44_35_64_0_3_5_0_0_24_0_[0, 64, 6, 35, 17, 19, 29, 10, 42, 3, 58, 0]_[0, 64, 50, 0]
52_52_120_68_0_44_35_64_0_3_5_0_0_24_0_[0, 64, 6, 35, 17, 19, 29, 10, 42, 3, 58, 0]_[0, 64, 50, 0]
53_53_120_68_0_44_34_64_0_3_5_0_0_24_0_[0, 64, 6, 35, 17, 19, 29, 10, 42, 3, 58, 0]_[0, 64, 50, 0]
54_54_120_68_0_44_34_64_0_3_5_0_0_24_0_[0, 64, 6, 35, 17, 19, 29, 10, 42, 3, 58, 0]_[0, 64, 50, 0]
55_55_120_68_0_44_34_64_0_3_5_0_0_24_0_[0, 64, 6, 35, 17, 19, 29, 10, 42, 3, 58, 0]_[0, 64, 50, 0]
56_56_120_68_0_44_33_64_0_3_5_0_0_24_0_[0, 64, 6, 35, 17, 19, 29, 10, 42, 3, 58, 0]_[0, 64, 50, 0]
57_57_120_68_0_44_33_64_0_3_5_0_0_24_0_[0, 64, 6, 35, 17, 19, 29, 10, 42, 3, 58, 0]_[0, 64, 50, 0]
58_58_120_68_0_44_33_64_0_3_5_0_0_24_0_[0, 64, 6, 35, 17, 19, 29, 10, 42, 3, 58, 0]_[0, 64, 50, 0]
59_59_120_68_0_44_32_64_0_3_5_0_0_24_0_[0, 64, 6, 35, 17, 19, 29, 10, 42, 3, 58, 0]_[0, 64, 50, 0]
60_60_120_68_0_44_32_64_0_3_5_0_0_24_0_[0, 64, 6, 35, 17, 19, 29, 10, 42, 3, 58, 0]_[0, 64, 50, 0]
61_61_120_68_0_44_32_64_0_3_5_0_0_24_0_[0, 64, 6, 35, 17, 19, 29, 10, 42, 3, 58, 0]_[0, 64, 50, 0]
62_62_120_68_0_44_32_64_0_3_5_0_0_24_0_[0, 64, 6, 35, 17, 19, 29, 10, 42, 3, 58, 0]_[0, 64, 50, 0]
63_63_120_68_0_44_32_64_0_3_5_0_0_24_0_[0, 64, 6, 35, 17, 19, 29, 10, 42, 3, 58, 0]_[0, 64, 50, 0]
64_64_120_68_0_44_32_64_0_3_5_0_0_24_0_[0, 64, 6, 35, 17, 19, 29, 10, 42, 3, 58, 0]_[0, 64, 50, 0]
65_65_120_68_0_44_32_64_0_3_5_0_0_24_0_[0, 64, 6, 35, 17, 19, 29, 10, 42, 3, 58, 0]_[0, 64, 50, 0]
66_66_120_68_0_44_32_64_0_3_5_0_0_24_0_[0, 64, 6, 35, 17, 19, 29, 10, 42, 3, 58, 0]_[0, 64, 50, 0]
67_67_120_68_0_44_32_64_0_3_5_0_0_24_0_[0, 64, 6, 35, 17, 19, 29, 10, 42, 3, 58, 0]_[0, 64, 50, 0]
68_68_120_68_0_44_32_64_0_3_5_0_0_24_0_[0, 64, 6, 35, 17, 19, 29, 10, 42, 3, 58, 0]_[0, 64, 50, 0]
69_69_120_68_0_44_32_64_0_3_5_0_0_24_0_[0, 64, 6, 35, 17, 19, 29, 10, 42, 3, 58, 0]_[0, 64, 50, 0]
70_70_120_68_0_44_32_64_0_3_5_0_0_24_0_[0, 64, 6, 35, 17, 19, 29, 10, 42, 3, 58, 0]_[0, 64, 50, 0]
71_71_120_68_0_44_32_64_0_3_5_0_0_24_0_[0, 64, 6, 35, 17, 19, 29, 10, 42, 3, 58, 0]_[0, 64, 50, 0]
72_72_120_68_0_44_32_64_0_3_5_0_0_24_0_[0, 64, 6, 35, 17, 19, 29, 10, 42, 3, 58, 0]_[0, 64, 50, 0]
73_73_120_68_0_44_32_64_0_3_5_0_0_24_0_[0, 64, 6, 35, 17, 19, 29, 10, 42, 3, 58, 0]_[0, 64, 50, 0]
74_74_120_68_0_44_32_64_0_3_5_0_0_24_0_[0, 64, 6, 35, 17, 19, 29, 10, 42, 3, 58, 0]_[0, 64, 50, 0]
75_75_120_68_0_44_32_64_0_3_5_0_0_24_0_[0, 64, 6, 35, 17, 19, 29, 10, 42, 3, 58, 0]_[0, 64, 50, 0]
76_76_120_68_0_44_32_64_0_3_5_0_0_24_0_[0, 64, 6, 35, 17, 19, 29, 10, 42, 3, 58, 0]_[0, 64, 50, 0]
77_77_120_68_0_44_32_64_0_3_5_0_0_24_0_[0, 64, 6, 35, 17, 19, 29, 10, 42, 3, 58, 0]_[0, 64, 50, 0]
78_78_618_73_0_44_32_64_0_3_5_0_0_24_0_[0, 64, 6, 35, 17, 19, 29, 10, 42, 3, 58, 0]_[0, 64, 50, 0]
79_79_618_73_0_44_32_64_0_3_5_0_0_24_0_[0, 64, 6, 35, 17, 19, 29, 10, 42, 3, 58, 0]_[0, 64, 50, 0]
80_80_618_73_0_44_32_64_0_3_5_0_0_24_0_[0, 64, 6, 35, 17, 19, 29, 10, 42, 3, 58, 0]_[0, 64, 50, 0]
81_81_618_73_0_44_32_64_0_3_5_0_0_24_0_[0, 64, 6, 35, 17, 19, 29, 10, 42, 3, 58, 0]_[0, 64, 50, 0]
82_82_618_73_0_44_32_64_0_3_5_0_0_24_0_[0, 64, 6, 35, 17, 19, 29, 10, 42, 3, 58, 0]_[0, 64, 50, 0]
83_83_618_73_0_44_32_64_0_3_5_0_0_24_0_[0, 64, 6, 35, 17, 19, 29, 10, 42, 3, 58, 0]_[0, 64, 50, 0]
84_84_618_73_0_44_32_64_0_3_5_0_0_24_0_[0, 64, 6, 35, 17, 19, 29, 10, 42, 3, 58, 0]_[0, 64, 50, 0]
85_85_618_73_0_44_32_64_0_3_5_0_0_24_0_[0, 64, 6, 35, 17, 19, 29, 10, 42, 3, 58, 0]_[0, 64, 50, 0]
86_86_618_73_0_44_32_64_0_3_5_0_0_24_0_[0, 64, 6, 35, 17, 19, 29, 10, 42, 3, 58, 0]_[0, 64, 50, 0]
87_87_618_73_0_44_32_64_0_3_5_0_0_24_0_[0, 64, 6, 35, 17, 19, 29, 10, 42, 3, 58, 0]_[0, 64, 50, 0]
88_88_618_73_0_44_32_64_0_3_5_0_0_24_0_[0, 64, 6, 35, 17, 19, 29, 10, 42, 3, 58, 0]_[0, 64, 50, 0]
89_89_121_85_0_44_32_64_0_3_5_0_0_24_0_[0, 64, 6, 35, 17, 19, 29, 10, 42, 3, 58, 0]_[0, 64, 50, 0]
90_90_121_85_0_44_32_64_0_3_5_0_0_24_0_[0, 64, 6, 35, 17, 19, 29, 10, 42, 3, 58, 0]_[0, 64, 50, 0]
91_91_121_85_0_44_32_64_0_3_5_0_0_24_0_[0, 64, 6, 35, 17, 19, 29, 10, 42, 3, 58, 0]_[0, 64, 50, 0]
92_92_121_85_0_44_32_64_0_3_5_0_0_24_0_[0, 64, 6, 35, 17, 19, 29, 10, 42, 3, 58, 0]_[0, 64, 50, 0]
93_93_121_85_0_44_32_64_0_3_5_0_0_24_0_[0, 64, 6, 35, 17, 19, 29, 10, 42, 3, 58, 0]_[0, 64, 50, 0]
94_94_121_85_0_44_32_64_0_3_5_0_0_24_0_[0, 64, 6, 35, 17, 19, 29, 10, 42, 3, 58, 0]_[0, 64, 50, 0]
95_95_121_85_0_44_32_64_0_3_5_0_0_24_0_[0, 64, 6, 35, 17, 19, 29, 10, 42, 3, 58, 0]_[0, 64, 50, 0]
96_96_121_85_0_44_32_64_0_3_5_0_0_24_0_[0, 64, 6, 35, 17, 19, 29, 10, 42, 3, 58, 0]_[0, 64, 50, 0]
97_97_121_85_0_44_32_64_0_3_5_0_0_24_0_[0, 64, 6, 35, 17, 19, 29, 10, 42, 3, 58, 0]_[0, 64, 50, 0]
98_98_121_85_0_44_32_64_0_3_5_0_0_24_0_[0, 64, 6, 35, 17, 19, 29, 10, 42, 3, 58, 0]_[0, 64, 50, 0]
99_99_121_85_0_44_32_64_0_3_5_0_0_24_0_[0, 64, 6, 35, 17, 19, 29, 10, 42, 3, 58, 0]_[0, 64, 50, 0]
100_100_121_85_0_44_32_64_0_3_5_0_0_24_0_[0, 64, 6, 35, 17, 19, 29, 10, 42, 3, 58, 0]_[0, 64, 50, 0]
101_101_121_85_0_44_32_64_0_3_5_0_0_24_0_[0, 64, 6, 35, 17, 19, 29, 10, 42, 3, 58, 0]_[0, 64, 50, 0]
102_102_121_85_0_44_32_64_0_3_5_0_0_24_0_[0, 64, 6, 35, 17, 19, 29, 10, 42, 3, 58, 0]_[0, 64, 50, 0]
103_103_121_85_0_44_32_64_0_3_5_0_0_24_0_[0, 64, 6, 35, 17, 19, 29, 10, 42, 3, 58, 0]_[0, 64, 50, 0]
104_104_121_85_0_44_32_64_0_3_5_0_0_24_0_[0, 64, 6, 35, 17, 19, 29, 10, 42, 3, 58, 0]_[0, 64, 50, 0]
105_105_121_85_0_44_32_64_0_3_5_0_0_24_0_[0, 64, 6, 35, 17, 19, 29, 10, 42, 3, 58, 0]_[0, 64, 50, 0]
106_106_121_85_0_44_32_64_0_3_5_0_0_24_0_[0, 64, 6, 35, 17, 19, 29, 10, 42, 3, 58, 0]_[0, 64, 50, 0]
107_107_121_85_0_44_32_64_0_3_5_0_0_24_0_[0, 64, 6, 35, 17, 19, 29, 10, 42, 3, 58, 0]_[0, 64, 50, 0]
108_108_121_85_0_44_32_64_0_3_5_0_0_24_0_[0, 64, 6, 35, 17, 19, 29, 10, 42, 3, 58, 0]_[0, 64, 50, 0]
109_109_121_85_0_44_32_64_0_3_5_0_0_24_0_[0, 64, 6, 35, 17, 19, 29, 10, 42, 3, 58, 0]_[0, 64, 50, 0]
110_110_121_85_0_44_32_64_0_3_5_0_0_24_0_[0, 64, 6, 35, 17, 19, 29, 10, 42, 3, 58, 0]_[0, 64, 50, 0]
111_111_121_85_0_44_32_64_0_3_5_0_0_24_0_[0, 64, 6, 35, 17, 19, 29, 10, 42, 3, 58, 0]_[0, 64, 50, 0]
112_112_121_85_0_44_32_64_0_3_5_0_0_24_0_[0, 64, 6, 35, 17, 19, 29, 10, 42, 3, 58, 0]_[0, 64, 50, 0]
113_113_121_85_0_44_32_64_0_3_5_0_0_24_0_[0, 64, 6, 35, 17, 19, 29, 10, 42, 3, 58, 0]_[0, 64, 50, 0]
114_114_121_85_0_44_32_64_0_3_5_0_0_24_0_[0, 64, 6, 35, 17, 19, 29, 10, 42, 3, 58, 0]_[0, 64, 50, 0]
115_115_121_85_0_44_32_64_0_3_5_0_0_24_0_[0, 64, 6, 35, 17, 19, 29, 10, 42, 3, 58, 0]_[0, 64, 50, 0]
116_116_121_85_0_44_32_64_0_3_5_0_0_24_0_[0, 64, 6, 35, 17, 19, 29, 10, 42, 3, 58, 0]_[0, 64, 50, 0]
117_117_121_85_0_44_32_64_0_3_5_0_0_24_0_[0, 64, 6, 35, 17, 19, 29, 10, 42, 3, 58, 0]_[0, 64, 50, 0]
118_118_121_85_0_44_32_64_0_3_5_0_0_24_0_[0, 64, 6, 35, 17, 19, 29, 10, 42, 3, 58, 0]_[0, 64, 50, 0]
119_119_121_85_0_44_32_64_0_3_5_0_0_24_0_[0, 64, 6, 35, 17, 19, 29, 10, 42, 3, 58, 0]_[0, 64, 50, 0]
120_120_121_85_0_44_32_64_0_3_5_0_0_24_0_[0, 64, 6, 35, 17, 19, 29, 10, 42, 3, 58, 0]_[0, 64, 50, 0]
121_121_121_85_0_44_32_64_0_3_5_0_0_24_0_[0, 64, 6, 35, 17, 19, 29, 10, 42, 3, 58, 0]_[0, 64, 50, 0]
122_122_121_85_0_44_32_64_0_3_5_0_0_24_0_[0, 64, 6, 35, 17, 19, 29, 10, 42, 3, 58, 0]_[0, 64, 50, 0]
123_123_121_85_0_44_32_64_0_3_5_0_0_24_0_[0, 64, 6, 35, 17, 19, 29, 10, 42, 3, 58, 0]_[0, 64, 50, 0]
124_124_121_85_0_44_32_64_0_3_5_0_0_24_0_[0, 64, 6, 35, 17, 19, 29, 10, 42, 3, 58, 0]_[0, 64, 50, 0]
125_125_121_85_0_44_32_64_0_3_5_0_0_24_0_[0, 64, 6, 35, 17, 19, 29, 10, 42, 3, 58, 0]_[0, 64, 50, 0]
126_126_121_85_0_44_32_64_0_3_5_0_0_24_0_[0, 64, 6, 35, 17, 19, 29, 10, 42, 3, 58, 0]_[0, 64, 50, 0]
127_127_121_85_0_44_32_64_0_3_5_0_0_24_0_[0, 64, 6, 35, 17, 19, 29, 10, 42, 3, 58, 0]_[0, 64, 50, 0]
