0_0_131_60_0_24_32_64_0_0_0_0_0_24_0_null_[0, 64, 8, 20, 25, 0]
1_1_131_60_0_24_32_64_0_0_0_0_0_24_0_null_[0, 64, 8, 20, 25, 0]
2_2_131_60_0_24_32_64_0_0_0_0_0_24_0_null_[0, 64, 8, 20, 25, 0]
3_3_131_60_0_24_32_64_0_0_0_0_0_24_0_null_[0, 64, 8, 20, 25, 0]
4_4_131_60_0_24_32_64_0_0_0_0_0_24_0_null_[0, 64, 8, 20, 25, 0]
5_5_131_60_0_24_32_64_0_0_0_0_0_24_0_null_[0, 64, 8, 20, 25, 0]
6_6_131_60_0_24_32_64_0_0_0_0_0_24_0_null_[0, 64, 8, 20, 25, 0]
7_7_131_60_0_24_32_64_0_0_0_0_0_24_0_null_[0, 64, 8, 20, 25, 0]
8_8_131_60_0_24_32_64_0_0_0_0_0_24_0_null_[0, 64, 8, 20, 25, 0]
9_9_131_60_0_24_32_64_0_0_0_0_0_24_0_null_[0, 64, 8, 20, 25, 0]
10_10_131_60_0_24_32_64_0_0_0_0_0_24_0_null_[0, 64, 8, 20, 25, 0]
11_11_131_60_0_24_32_64_0_0_0_0_0_24_0_null_[0, 64, 8, 20, 25, 0]
12_12_131_60_0_24_32_64_0_0_0_0_0_24_0_null_[0, 64, 8, 20, 25, 0]
13_13_131_60_0_24_32_64_0_0_0_0_0_24_0_null_[0, 64, 8, 20, 25, 0]
14_14_131_60_0_24_32_64_0_0_0_0_0_24_0_null_[0, 64, 8, 20, 25, 0]
15_15_131_60_0_24_32_64_0_0_0_0_0_24_0_null_[0, 64, 8, 20, 25, 0]
16_16_131_60_0_24_32_64_0_0_0_0_0_24_0_null_[0, 64, 8, 20, 25, 0]
17_17_131_60_0_24_32_64_0_0_0_0_0_24_0_null_[0, 64, 8, 20, 25, 0]
18_18_131_60_0_24_32_64_0_0_0_0_0_24_0_null_[0, 64, 8, 20, 25, 0]
19_19_131_60_0_24_32_64_0_0_0_0_0_24_0_null_[0, 64, 8, 20, 25, 0]
20_20_131_60_0_24_32_64_0_0_0_0_0_24_0_null_[0, 64, 8, 20, 25, 0]
21_21_131_60_0_24_32_64_0_0_0_0_0_24_0_null_[0, 64, 8, 20, 25, 0]
22_22_131_60_0_24_32_64_0_0_0_0_0_24_0_null_[0, 64, 8, 20, 25, 0]
23_23_131_60_0_24_32_64_0_0_0_0_0_24_0_null_[0, 64, 8, 20, 25, 0]
24_24_131_60_0_24_32_64_0_0_0_0_0_24_0_null_[0, 64, 8, 20, 25, 0]
25_25_131_60_0_24_32_64_0_0_0_0_0_24_0_null_[0, 64, 8, 20, 25, 0]
26_26_131_60_0_24_32_64_0_0_0_0_0_24_0_null_[0, 64, 8, 20, 25, 0]
27_27_131_60_0_24_32_64_0_0_0_0_0_24_0_null_[0, 64, 8, 20, 25, 0]
28_28_131_60_0_24_32_64_0_0_0_0_0_24_0_null_[0, 64, 8, 20, 25, 0]
29_29_131_60_0_24_32_64_0_0_0_0_0_24_0_null_[0, 64, 8, 20, 25, 0]
30_30_131_60_0_24_32_64_0_0_0_0_0_24_0_null_[0, 64, 8, 20, 25, 0]
31_31_131_60_0_24_32_64_0_0_0_0_0_24_0_null_[0, 64, 8, 20, 25, 0]
32_32_131_60_0_24_32_64_0_0_0_0_0_24_0_null_[0, 64, 8, 20, 25, 0]
33_33_131_60_0_24_32_64_0_0_0_0_0_24_0_null_[0, 64, 8, 20, 25, 0]
34_34_131_60_0_24_32_64_0_0_0_0_0_24_0_null_[0, 64, 8, 20, 25, 0]
35_35_131_60_0_24_32_64_0_0_0_0_0_24_0_null_[0, 64, 8, 20, 25, 0]
36_36_131_60_0_24_32_64_0_0_0_0_0_24_0_null_[0, 64, 8, 20, 25, 0]
37_37_131_60_0_24_32_64_0_0_0_0_0_24_0_null_[0, 64, 8, 20, 25, 0]
38_38_131_60_0_24_32_64_0_0_0_0_0_24_0_null_[0, 64, 8, 20, 25, 0]
39_39_131_60_0_24_32_64_0_0_0_0_0_24_0_null_[0, 64, 8, 20, 25, 0]
40_40_131_60_0_24_32_64_0_0_0_0_0_24_0_null_[0, 64, 8, 20, 25, 0]
41_41_131_60_0_24_32_64_0_0_0_0_0_24_0_null_[0, 64, 8, 20, 25, 0]
42_42_131_60_0_24_32_64_0_0_0_0_0_24_0_null_[0, 64, 8, 20, 25, 0]
43_43_131_60_0_24_32_64_0_0_0_0_0_24_0_null_[0, 64, 8, 20, 25, 0]
44_44_131_60_0_24_32_64_0_0_0_0_0_24_0_null_[0, 64, 8, 20, 25, 0]
45_45_131_60_0_24_32_64_0_0_0_0_0_24_0_null_[0, 64, 8, 20, 25, 0]
46_46_131_60_0_24_32_64_0_0_0_0_0_24_0_null_[0, 64, 8, 20, 25, 0]
47_47_131_60_0_24_32_64_0_0_0_0_0_24_0_null_[0, 64, 8, 20, 25, 0]
48_48_131_60_0_24_32_64_0_0_0_0_0_24_0_null_[0, 64, 8, 20, 25, 0]
49_49_131_60_0_24_32_64_0_0_0_0_0_24_0_null_[0, 64, 8, 20, 25, 0]
50_50_131_60_0_24_32_64_0_0_0_0_0_24_0_null_[0, 64, 8, 20, 25, 0]
51_51_131_60_0_24_32_64_0_0_0_0_0_24_0_null_[0, 64, 8, 20, 25, 0]
52_52_131_60_0_24_32_64_0_0_0_0_0_24_0_null_[0, 64, 8, 20, 25, 0]
53_53_131_60_0_24_32_64_0_0_0_0_0_24_0_null_[0, 64, 8, 20, 25, 0]
54_54_131_60_0_24_32_64_0_0_0_0_0_24_0_null_[0, 64, 8, 20, 25, 0]
55_55_131_60_0_24_32_64_0_0_0_0_0_24_0_null_[0, 64, 8, 20, 25, 0]
56_56_131_60_0_24_32_64_0_0_0_0_0_24_0_null_[0, 64, 8, 20, 25, 0]
57_57_131_60_0_24_32_64_0_0_0_0_0_24_0_null_[0, 64, 8, 20, 25, 0]
58_58_131_60_0_24_32_64_0_0_0_0_0_24_0_null_[0, 64, 8, 20, 25, 0]
59_59_131_60_0_24_32_64_0_0_0_0_0_24_0_null_[0, 64, 8, 20, 25, 0]
60_60_131_60_0_24_32_64_0_0_0_0_0_24_0_null_[0, 64, 8, 20, 25, 0]
61_61_131_60_0_24_32_64_0_0_0_0_0_24_0_null_[0, 64, 8, 20, 25, 0]
62_62_131_60_0_24_32_64_0_0_0_0_0_24_0_null_[0, 64, 8, 20, 25, 0]
63_63_131_60_0_24_32_64_0_0_0_0_0_24_0_null_[0, 64, 8, 20, 25, 0]
64_64_131_60_0_24_32_64_0_0_0_0_0_24_0_null_[0, 64, 8, 20, 25, 0]
65_65_131_60_0_24_32_64_0_0_0_0_0_24_0_null_[0, 64, 8, 20, 25, 0]
66_66_131_60_0_24_32_64_0_0_0_0_0_24_0_null_[0, 64, 8, 20, 25, 0]
67_67_131_60_0_24_32_64_0_0_0_0_0_24_0_null_[0, 64, 8, 20, 25, 0]
68_68_131_60_0_24_32_64_0_0_0_0_0_24_0_null_[0, 64, 8, 20, 25, 0]
69_69_131_60_0_24_32_64_0_0_0_0_0_24_0_null_[0, 64, 8, 20, 25, 0]
70_70_131_60_0_24_32_64_0_0_0_0_0_24_0_null_[0, 64, 8, 20, 25, 0]
71_71_131_60_0_24_32_64_0_0_0_0_0_24_0_null_[0, 64, 8, 20, 25, 0]
72_72_131_60_0_24_32_64_0_0_0_0_0_24_0_null_[0, 64, 8, 20, 25, 0]
73_73_131_60_0_24_32_64_0_0_0_0_0_24_0_null_[0, 64, 8, 20, 25, 0]
74_74_131_60_0_24_32_64_0_0_0_0_0_24_0_null_[0, 64, 8, 20, 25, 0]
75_75_131_60_0_24_32_64_0_0_0_0_0_24_0_null_[0, 64, 8, 20, 25, 0]
76_76_131_60_0_24_32_64_0_0_0_0_0_24_0_null_[0, 64, 8, 20, 25, 0]
77_77_131_60_0_24_32_64_0_0_0_0_0_24_0_null_[0, 64, 8, 20, 25, 0]
78_78_131_60_0_24_32_64_0_0_0_0_0_24_0_null_[0, 64, 8, 20, 25, 0]
79_79_131_60_0_24_32_64_0_0_0_0_0_24_0_null_[0, 64, 8, 20, 25, 0]
80_80_131_60_0_24_32_64_0_0_0_0_0_24_0_null_[0, 64, 8, 20, 25, 0]
81_81_131_60_0_24_32_64_0_0_0_0_0_24_0_null_[0, 64, 8, 20, 25, 0]
82_82_131_60_0_24_32_64_0_0_0_0_0_24_0_null_[0, 64, 8, 20, 25, 0]
83_83_131_60_0_24_32_64_0_0_0_0_0_24_0_null_[0, 64, 8, 20, 25, 0]
84_84_131_60_0_24_32_64_0_0_0_0_0_24_0_null_[0, 64, 8, 20, 25, 0]
85_85_131_60_0_24_32_64_0_0_0_0_0_24_0_null_[0, 64, 8, 20, 25, 0]
86_86_131_60_0_24_32_64_0_0_0_0_0_24_0_null_[0, 64, 8, 20, 25, 0]
87_87_131_60_0_24_32_64_0_0_0_0_0_24_0_null_[0, 64, 8, 20, 25, 0]
88_88_131_60_0_24_32_64_0_0_0_0_0_24_0_null_[0, 64, 8, 20, 25, 0]
89_89_131_60_0_24_32_64_0_0_0_0_0_24_0_null_[0, 64, 8, 20, 25, 0]
90_90_131_60_0_24_32_64_0_0_0_0_0_24_0_null_[0, 64, 8, 20, 25, 0]
91_91_131_60_0_24_32_64_0_0_0_0_0_24_0_null_[0, 64, 8, 20, 25, 0]
92_92_131_60_0_24_32_64_0_0_0_0_0_24_0_null_[0, 64, 8, 20, 25, 0]
93_93_131_60_0_24_32_64_0_0_0_0_0_24_0_null_[0, 64, 8, 20, 25, 0]
94_94_131_60_0_24_32_64_0_0_0_0_0_24_0_null_[0, 64, 8, 20, 25, 0]
95_95_131_60_0_24_32_64_0_0_0_0_0_24_0_null_[0, 64, 8, 20, 25, 0]
96_96_131_60_0_24_32_64_0_0_0_0_0_24_0_null_[0, 64, 8, 20, 25, 0]
97_97_131_60_0_24_32_64_0_0_0_0_0_24_0_null_[0, 64, 8, 20, 25, 0]
98_98_131_60_0_24_32_64_0_0_0_0_0_24_0_null_[0, 64, 8, 20, 25, 0]
99_99_131_60_0_24_32_64_0_0_0_0_0_24_0_null_[0, 64, 8, 20, 25, 0]
100_100_131_60_0_24_32_64_0_0_0_0_0_24_0_null_[0, 64, 8, 20, 25, 0]
101_101_131_60_0_24_32_64_0_0_0_0_0_24_0_null_[0, 64, 8, 20, 25, 0]
102_102_131_60_0_24_32_64_0_0_0_0_0_24_0_null_[0, 64, 8, 20, 25, 0]
103_103_131_60_0_24_32_64_0_0_0_0_0_24_0_null_[0, 64, 8, 20, 25, 0]
104_104_131_60_0_24_32_64_0_0_0_0_0_24_0_null_[0, 64, 8, 20, 25, 0]
105_105_131_60_0_24_32_64_0_0_0_0_0_24_0_null_[0, 64, 8, 20, 25, 0]
106_106_131_60_0_24_32_64_0_0_0_0_0_24_0_null_[0, 64, 8, 20, 25, 0]
107_107_131_60_0_24_32_64_0_0_0_0_0_24_0_null_[0, 64, 8, 20, 25, 0]
108_108_131_60_0_24_32_64_0_0_0_0_0_24_0_null_[0, 64, 8, 20, 25, 0]
109_109_131_60_0_24_32_64_0_0_0_0_0_24_0_null_[0, 64, 8, 20, 25, 0]
110_110_131_60_0_24_32_64_0_0_0_0_0_24_0_null_[0, 64, 8, 20, 25, 0]
111_111_131_60_0_24_32_64_0_0_0_0_0_24_0_null_[0, 64, 8, 20, 25, 0]
112_112_131_60_0_24_32_64_0_0_0_0_0_24_0_null_[0, 64, 8, 20, 25, 0]
113_113_131_60_0_24_32_64_0_0_0_0_0_24_0_null_[0, 64, 8, 20, 25, 0]
114_114_131_60_0_24_32_64_0_0_0_0_0_24_0_null_[0, 64, 8, 20, 25, 0]
115_115_131_60_0_24_32_64_0_0_0_0_0_24_0_null_[0, 64, 8, 20, 25, 0]
116_116_131_60_0_24_32_64_0_0_0_0_0_24_0_null_[0, 64, 8, 20, 25, 0]
117_117_131_60_0_24_32_64_0_0_0_0_0_24_0_null_[0, 64, 8, 20, 25, 0]
118_118_131_60_0_24_32_64_0_0_0_0_0_24_0_null_[0, 64, 8, 20, 25, 0]
119_119_131_60_0_24_32_64_0_0_0_0_0_24_0_null_[0, 64, 8, 20, 25, 0]
120_120_131_60_0_24_32_64_0_0_0_0_0_24_0_null_[0, 64, 8, 20, 25, 0]
121_121_131_60_0_24_32_64_0_0_0_0_0_24_0_null_[0, 64, 8, 20, 25, 0]
122_122_131_60_0_24_32_64_0_0_0_0_0_24_0_null_[0, 64, 8, 20, 25, 0]
123_123_131_60_0_24_32_64_0_0_0_0_0_24_0_null_[0, 64, 8, 20, 25, 0]
124_124_131_60_0_24_32_64_0_0_0_0_0_24_0_null_[0, 64, 8, 20, 25, 0]
125_125_131_60_0_24_32_64_0_0_0_0_0_24_0_null_[0, 64, 8, 20, 25, 0]
126_126_131_60_0_24_32_64_0_0_0_0_0_24_0_null_[0, 64, 8, 20, 25, 0]
127_127_131_60_0_24_32_64_0_0_0_0_0_24_0_null_[0, 64, 8, 20, 25, 0]
