0_0_152_64_0_40_32_64_0_0_0_0_0_24_0_null_[0, 64, 3, 15, 7, 4, 13, 0]
1_1_152_64_0_40_32_64_0_0_0_0_0_24_0_null_[0, 64, 3, 15, 7, 4, 13, 0]
2_2_152_64_0_40_32_64_0_0_0_0_0_24_0_null_[0, 64, 3, 15, 7, 4, 13, 0]
3_3_152_64_0_40_32_64_0_0_0_0_0_24_0_null_[0, 64, 3, 15, 7, 4, 13, 0]
4_4_152_64_0_40_32_64_0_0_0_0_0_24_0_null_[0, 64, 3, 15, 7, 4, 13, 0]
5_5_152_64_0_40_32_64_0_0_0_0_0_24_0_null_[0, 64, 3, 15, 7, 4, 13, 0]
6_6_152_64_0_40_32_64_0_0_0_0_0_24_0_null_[0, 64, 3, 15, 7, 4, 13, 0]
7_7_152_64_0_40_32_64_0_0_0_0_0_24_0_null_[0, 64, 3, 15, 7, 4, 13, 0]
8_8_152_64_0_40_32_64_0_0_0_0_0_24_0_null_[0, 64, 3, 15, 7, 4, 13, 0]
9_9_152_64_0_40_32_64_0_0_0_0_0_24_0_null_[0, 64, 3, 15, 7, 4, 13, 0]
10_10_152_64_0_40_32_64_0_0_0_0_0_24_0_null_[0, 64, 3, 15, 7, 4, 13, 0]
11_11_152_64_0_40_32_64_0_0_0_0_0_24_0_null_[0, 64, 3, 15, 7, 4, 13, 0]
12_12_152_64_0_40_32_64_0_0_0_0_0_24_0_null_[0, 64, 3, 15, 7, 4, 13, 0]
13_13_152_64_0_40_32_64_0_0_0_0_0_24_0_null_[0, 64, 3, 15, 7, 4, 13, 0]
14_14_152_64_0_40_32_64_0_0_0_0_0_24_0_null_[0, 64, 3, 15, 7, 4, 13, 0]
15_15_152_64_0_40_32_64_0_0_0_0_0_24_0_null_[0, 64, 3, 15, 7, 4, 13, 0]
16_16_152_64_0_40_32_64_0_0_0_0_0_24_0_null_[0, 64, 3, 15, 7, 4, 13, 0]
17_17_152_64_0_40_32_64_0_0_0_0_0_24_0_null_[0, 64, 3, 15, 7, 4, 13, 0]
18_18_152_64_0_40_32_64_0_0_0_0_0_24_0_null_[0, 64, 3, 15, 7, 4, 13, 0]
19_19_152_64_0_40_32_64_0_0_0_0_0_24_0_null_[0, 64, 3, 15, 7, 4, 13, 0]
20_20_152_64_0_40_32_64_0_0_0_0_0_24_0_null_[0, 64, 3, 15, 7, 4, 13, 0]
21_21_152_64_0_40_32_64_0_0_0_0_0_24_0_null_[0, 64, 3, 15, 7, 4, 13, 0]
22_22_152_64_0_40_32_64_0_0_0_0_0_24_0_null_[0, 64, 3, 15, 7, 4, 13, 0]
23_23_152_64_0_40_32_64_0_0_0_0_0_24_0_null_[0, 64, 3, 15, 7, 4, 13, 0]
24_24_152_64_0_40_32_64_0_0_0_0_0_24_0_null_[0, 64, 3, 15, 7, 4, 13, 0]
25_25_152_64_0_40_32_64_0_0_0_0_0_24_0_null_[0, 64, 3, 15, 7, 4, 13, 0]
26_26_152_64_0_40_32_64_0_0_0_0_0_24_0_null_[0, 64, 3, 15, 7, 4, 13, 0]
27_27_152_64_0_40_32_64_0_0_0_0_0_24_0_null_[0, 64, 3, 15, 7, 4, 13, 0]
28_28_152_64_0_40_32_64_0_0_0_0_0_24_0_null_[0, 64, 3, 15, 7, 4, 13, 0]
29_29_152_64_0_40_32_64_0_0_0_0_0_24_0_null_[0, 64, 3, 15, 7, 4, 13, 0]
30_30_152_64_0_40_32_64_0_0_0_0_0_24_0_null_[0, 64, 3, 15, 7, 4, 13, 0]
31_31_152_64_0_40_32_64_0_0_0_0_0_24_0_null_[0, 64, 3, 15, 7, 4, 13, 0]
32_32_152_64_0_40_32_64_0_0_0_0_0_24_0_null_[0, 64, 3, 15, 7, 4, 13, 0]
33_33_152_64_0_40_32_64_0_0_0_0_0_24_0_null_[0, 64, 3, 15, 7, 4, 13, 0]
34_34_152_64_0_40_32_64_0_0_0_0_0_24_0_null_[0, 64, 3, 15, 7, 4, 13, 0]
35_35_152_64_0_40_32_64_0_0_0_0_0_24_0_null_[0, 64, 3, 15, 7, 4, 13, 0]
36_36_152_64_0_40_32_64_0_0_0_0_0_24_0_null_[0, 64, 3, 15, 7, 4, 13, 0]
37_37_152_64_0_40_32_64_0_0_0_0_0_24_0_null_[0, 64, 3, 15, 7, 4, 13, 0]
38_38_152_64_0_40_32_64_0_0_0_0_0_24_0_null_[0, 64, 3, 15, 7, 4, 13, 0]
39_39_152_64_0_40_32_64_0_0_0_0_0_24_0_null_[0, 64, 3, 15, 7, 4, 13, 0]
40_40_152_64_0_40_32_64_0_0_0_0_0_24_0_null_[0, 64, 3, 15, 7, 4, 13, 0]
41_41_152_64_0_40_32_64_0_0_0_0_0_24_0_null_[0, 64, 3, 15, 7, 4, 13, 0]
42_42_152_64_0_40_32_64_0_0_0_0_0_24_0_null_[0, 64, 3, 15, 7, 4, 13, 0]
43_43_152_64_0_40_32_64_0_0_0_0_0_24_0_null_[0, 64, 3, 15, 7, 4, 13, 0]
44_44_152_64_0_40_32_64_0_0_0_0_0_24_0_null_[0, 64, 3, 15, 7, 4, 13, 0]
45_45_152_64_0_40_32_64_0_0_0_0_0_24_0_null_[0, 64, 3, 15, 7, 4, 13, 0]
46_46_152_64_0_40_32_64_0_0_0_0_0_24_0_null_[0, 64, 3, 15, 7, 4, 13, 0]
47_47_152_64_0_40_32_64_0_0_0_0_0_24_0_null_[0, 64, 3, 15, 7, 4, 13, 0]
48_48_152_64_0_40_32_64_0_0_0_0_0_24_0_null_[0, 64, 3, 15, 7, 4, 13, 0]
49_49_152_64_0_40_32_64_0_0_0_0_0_24_0_null_[0, 64, 3, 15, 7, 4, 13, 0]
50_50_152_64_0_40_32_64_0_0_0_0_0_24_0_null_[0, 64, 3, 15, 7, 4, 13, 0]
51_51_152_64_0_40_32_64_0_0_0_0_0_24_0_null_[0, 64, 3, 15, 7, 4, 13, 0]
52_52_152_64_0_40_32_64_0_0_0_0_0_24_0_null_[0, 64, 3, 15, 7, 4, 13, 0]
53_53_152_64_0_40_32_64_0_0_0_0_0_24_0_null_[0, 64, 3, 15, 7, 4, 13, 0]
54_54_152_64_0_40_32_64_0_0_0_0_0_24_0_null_[0, 64, 3, 15, 7, 4, 13, 0]
55_55_152_64_0_40_32_64_0_0_0_0_0_24_0_null_[0, 64, 3, 15, 7, 4, 13, 0]
56_56_152_64_0_40_32_64_0_0_0_0_0_24_0_null_[0, 64, 3, 15, 7, 4, 13, 0]
57_57_152_64_0_40_32_64_0_0_0_0_0_24_0_null_[0, 64, 3, 15, 7, 4, 13, 0]
58_58_152_64_0_40_32_64_0_0_0_0_0_24_0_null_[0, 64, 3, 15, 7, 4, 13, 0]
59_59_152_64_0_40_32_64_0_0_0_0_0_24_0_null_[0, 64, 3, 15, 7, 4, 13, 0]
60_60_152_64_0_40_32_64_0_0_0_0_0_24_0_null_[0, 64, 3, 15, 7, 4, 13, 0]
61_61_152_64_0_40_32_64_0_0_0_0_0_24_0_null_[0, 64, 3, 15, 7, 4, 13, 0]
62_62_152_64_0_40_32_64_0_0_0_0_0_24_0_null_[0, 64, 3, 15, 7, 4, 13, 0]
63_63_152_64_0_40_32_64_0_0_0_0_0_24_0_null_[0, 64, 3, 15, 7, 4, 13, 0]
64_64_152_64_0_40_32_64_0_0_0_0_0_24_0_null_[0, 64, 3, 15, 7, 4, 13, 0]
65_65_152_64_0_40_32_64_0_0_0_0_0_24_0_null_[0, 64, 3, 15, 7, 4, 13, 0]
66_66_152_64_0_40_32_64_0_0_0_0_0_24_0_null_[0, 64, 3, 15, 7, 4, 13, 0]
67_67_152_64_0_40_32_64_0_0_0_0_0_24_0_null_[0, 64, 3, 15, 7, 4, 13, 0]
68_68_152_64_0_40_32_64_0_0_0_0_0_24_0_null_[0, 64, 3, 15, 7, 4, 13, 0]
69_69_152_64_0_40_32_64_0_0_0_0_0_24_0_null_[0, 64, 3, 15, 7, 4, 13, 0]
70_70_152_64_0_40_32_64_0_0_0_0_0_24_0_null_[0, 64, 3, 15, 7, 4, 13, 0]
71_71_152_64_0_40_32_64_0_0_0_0_0_24_0_null_[0, 64, 3, 15, 7, 4, 13, 0]
72_72_152_64_0_40_32_64_0_0_0_0_0_24_0_null_[0, 64, 3, 15, 7, 4, 13, 0]
73_73_152_64_0_40_32_64_0_0_0_0_0_24_0_null_[0, 64, 3, 15, 7, 4, 13, 0]
74_74_152_64_0_40_32_64_0_0_0_0_0_24_0_null_[0, 64, 3, 15, 7, 4, 13, 0]
75_75_152_64_0_40_32_64_0_0_0_0_0_24_0_null_[0, 64, 3, 15, 7, 4, 13, 0]
76_76_152_64_0_40_32_64_0_0_0_0_0_24_0_null_[0, 64, 3, 15, 7, 4, 13, 0]
77_77_152_64_0_40_32_64_0_0_0_0_0_24_0_null_[0, 64, 3, 15, 7, 4, 13, 0]
78_78_152_64_0_40_32_64_0_0_0_0_0_24_0_null_[0, 64, 3, 15, 7, 4, 13, 0]
79_79_152_64_0_40_32_64_0_0_0_0_0_24_0_null_[0, 64, 3, 15, 7, 4, 13, 0]
80_80_152_64_0_40_32_64_0_0_0_0_0_24_0_null_[0, 64, 3, 15, 7, 4, 13, 0]
81_81_152_64_0_40_32_64_0_0_0_0_0_24_0_null_[0, 64, 3, 15, 7, 4, 13, 0]
82_82_152_64_0_40_32_64_0_0_0_0_0_24_0_null_[0, 64, 3, 15, 7, 4, 13, 0]
83_83_152_64_0_40_32_64_0_0_0_0_0_24_0_null_[0, 64, 3, 15, 7, 4, 13, 0]
84_84_152_64_0_40_32_64_0_0_0_0_0_24_0_null_[0, 64, 3, 15, 7, 4, 13, 0]
85_85_152_64_0_40_32_64_0_0_0_0_0_24_0_null_[0, 64, 3, 15, 7, 4, 13, 0]
86_86_152_64_0_40_32_64_0_0_0_0_0_24_0_null_[0, 64, 3, 15, 7, 4, 13, 0]
87_87_152_64_0_40_32_64_0_0_0_0_0_24_0_null_[0, 64, 3, 15, 7, 4, 13, 0]
88_88_152_64_0_40_32_64_0_0_0_0_0_24_0_null_[0, 64, 3, 15, 7, 4, 13, 0]
89_89_152_64_0_40_32_64_0_0_0_0_0_24_0_null_[0, 64, 3, 15, 7, 4, 13, 0]
90_90_152_64_0_40_32_64_0_0_0_0_0_24_0_null_[0, 64, 3, 15, 7, 4, 13, 0]
91_91_152_64_0_40_32_64_0_0_0_0_0_24_0_null_[0, 64, 3, 15, 7, 4, 13, 0]
92_92_152_64_0_40_32_64_0_0_0_0_0_24_0_null_[0, 64, 3, 15, 7, 4, 13, 0]
93_93_152_64_0_40_32_64_0_0_0_0_0_24_0_null_[0, 64, 3, 15, 7, 4, 13, 0]
94_94_152_64_0_40_32_64_0_0_0_0_0_24_0_null_[0, 64, 3, 15, 7, 4, 13, 0]
95_95_152_64_0_40_32_64_0_0_0_0_0_24_0_null_[0, 64, 3, 15, 7, 4, 13, 0]
96_96_152_64_0_40_32_64_0_0_0_0_0_24_0_null_[0, 64, 3, 15, 7, 4, 13, 0]
97_97_152_64_0_40_32_64_0_0_0_0_0_24_0_null_[0, 64, 3, 15, 7, 4, 13, 0]
98_98_152_64_0_40_32_64_0_0_0_0_0_24_0_null_[0, 64, 3, 15, 7, 4, 13, 0]
99_99_152_64_0_40_32_64_0_0_0_0_0_24_0_null_[0, 64, 3, 15, 7, 4, 13, 0]
100_100_152_64_0_40_32_64_0_0_0_0_0_24_0_null_[0, 64, 3, 15, 7, 4, 13, 0]
101_101_152_64_0_40_32_64_0_0_0_0_0_24_0_null_[0, 64, 3, 15, 7, 4, 13, 0]
102_102_152_64_0_40_32_64_0_0_0_0_0_24_0_null_[0, 64, 3, 15, 7, 4, 13, 0]
103_103_152_64_0_40_32_64_0_0_0_0_0_24_0_null_[0, 64, 3, 15, 7, 4, 13, 0]
104_104_152_64_0_40_32_64_0_0_0_0_0_24_0_null_[0, 64, 3, 15, 7, 4, 13, 0]
105_105_152_64_0_40_32_64_0_0_0_0_0_24_0_null_[0, 64, 3, 15, 7, 4, 13, 0]
106_106_152_64_0_40_32_64_0_0_0_0_0_24_0_null_[0, 64, 3, 15, 7, 4, 13, 0]
107_107_152_64_0_40_32_64_0_0_0_0_0_24_0_null_[0, 64, 3, 15, 7, 4, 13, 0]
108_108_152_64_0_40_32_64_0_0_0_0_0_24_0_null_[0, 64, 3, 15, 7, 4, 13, 0]
109_109_152_64_0_40_32_64_0_0_0_0_0_24_0_null_[0, 64, 3, 15, 7, 4, 13, 0]
110_110_152_64_0_40_32_64_0_0_0_0_0_24_0_null_[0, 64, 3, 15, 7, 4, 13, 0]
111_111_152_64_0_40_32_64_0_0_0_0_0_24_0_null_[0, 64, 3, 15, 7, 4, 13, 0]
112_112_152_64_0_40_32_64_0_0_0_0_0_24_0_null_[0, 64, 3, 15, 7, 4, 13, 0]
113_113_152_64_0_40_32_64_0_0_0_0_0_24_0_null_[0, 64, 3, 15, 7, 4, 13, 0]
114_114_152_64_0_40_32_64_0_0_0_0_0_24_0_null_[0, 64, 3, 15, 7, 4, 13, 0]
115_115_152_64_0_40_32_64_0_0_0_0_0_24_0_null_[0, 64, 3, 15, 7, 4, 13, 0]
116_116_152_64_0_40_32_64_0_0_0_0_0_24_0_null_[0, 64, 3, 15, 7, 4, 13, 0]
117_117_152_64_0_40_32_64_0_0_0_0_0_24_0_null_[0, 64, 3, 15, 7, 4, 13, 0]
118_118_152_64_0_40_32_64_0_0_0_0_0_24_0_null_[0, 64, 3, 15, 7, 4, 13, 0]
119_119_152_64_0_40_32_64_0_0_0_0_0_24_0_null_[0, 64, 3, 15, 7, 4, 13, 0]
120_120_152_64_0_40_32_64_0_0_0_0_0_24_0_null_[0, 64, 3, 15, 7, 4, 13, 0]
121_121_152_64_0_40_32_64_0_0_0_0_0_24_0_null_[0, 64, 3, 15, 7, 4, 13, 0]
122_122_152_64_0_40_32_64_0_0_0_0_0_24_0_null_[0, 64, 3, 15, 7, 4, 13, 0]
123_123_152_64_0_40_32_64_0_0_0_0_0_24_0_null_[0, 64, 3, 15, 7, 4, 13, 0]
124_124_152_64_0_40_32_64_0_0_0_0_0_24_0_null_[0, 64, 3, 15, 7, 4, 13, 0]
125_125_152_64_0_40_32_64_0_0_0_0_0_24_0_null_[0, 64, 3, 15, 7, 4, 13, 0]
126_126_152_64_0_40_32_64_0_0_0_0_0_24_0_null_[0, 64, 3, 15, 7, 4, 13, 0]
127_127_152_64_0_40_32_64_0_0_0_0_0_24_0_null_[0, 64, 3, 15, 7, 4, 13, 0]
