0_0_21_48_0_37_32_64_29_0_20_0_0_24_0_[0, 64, 24, 64, 40, 40, -6, 0]_[0, 64, 5, 23, 11, 10, 26, 0]
1_1_21_48_0_37_32_64_29_0_20_0_0_24_0_[0, 64, 24, 64, 40, 40, -6, 0]_[0, 64, 5, 23, 11, 10, 26, 0]
2_2_21_48_0_37_32_64_29_0_20_0_0_24_0_[0, 64, 24, 64, 40, 40, -6, 0]_[0, 64, 5, 23, 11, 10, 26, 0]
3_3_21_48_0_37_32_64_29_0_20_0_0_24_0_[0, 64, 24, 64, 40, 40, -6, 0]_[0, 64, 5, 23, 11, 10, 26, 0]
4_4_21_48_0_37_32_64_29_0_20_0_0_24_0_[0, 64, 24, 64, 40, 40, -6, 0]_[0, 64, 5, 23, 11, 10, 26, 0]
5_5_21_48_0_37_32_64_29_0_20_0_0_24_0_[0, 64, 24, 64, 40, 40, -6, 0]_[0, 64, 5, 23, 11, 10, 26, 0]
6_6_21_48_0_37_32_64_29_0_20_0_0_24_0_[0, 64, 24, 64, 40, 40, -6, 0]_[0, 64, 5, 23, 11, 10, 26, 0]
7_7_21_48_0_37_32_64_29_0_20_0_0_24_0_[0, 64, 24, 64, 40, 40, -6, 0]_[0, 64, 5, 23, 11, 10, 26, 0]
8_8_21_48_0_37_32_64_29_0_20_0_0_24_0_[0, 64, 24, 64, 40, 40, -6, 0]_[0, 64, 5, 23, 11, 10, 26, 0]
9_9_21_48_0_37_32_64_29_0_20_0_0_24_0_[0, 64, 24, 64, 40, 40, -6, 0]_[0, 64, 5, 23, 11, 10, 26, 0]
10_10_21_48_0_37_32_64_29_0_20_0_0_24_0_[0, 64, 24, 64, 40, 40, -6, 0]_[0, 64, 5, 23, 11, 10, 26, 0]
11_11_21_48_0_37_32_64_29_0_20_0_0_24_0_[0, 64, 24, 64, 40, 40, -6, 0]_[0, 64, 5, 23, 11, 10, 26, 0]
12_12_21_48_0_37_32_64_29_0_20_0_0_24_0_[0, 64, 24, 64, 40, 40, -6, 0]_[0, 64, 5, 23, 11, 10, 26, 0]
13_13_21_48_0_37_32_64_29_0_20_0_0_24_0_[0, 64, 24, 64, 40, 40, -6, 0]_[0, 64, 5, 23, 11, 10, 26, 0]
14_14_21_48_0_37_32_64_29_0_20_0_0_24_0_[0, 64, 24, 64, 40, 40, -6, 0]_[0, 64, 5, 23, 11, 10, 26, 0]
15_15_21_48_0_37_32_64_29_0_20_0_0_24_0_[0, 64, 24, 64, 40, 40, -6, 0]_[0, 64, 5, 23, 11, 10, 26, 0]
16_16_21_48_0_37_32_64_29_0_20_0_0_24_0_[0, 64, 24, 64, 40, 40, -6, 0]_[0, 64, 5, 23, 11, 10, 26, 0]
17_17_21_48_0_37_32_64_29_0_20_0_0_24_0_[0, 64, 24, 64, 40, 40, -6, 0]_[0, 64, 5, 23, 11, 10, 26, 0]
18_18_21_48_0_37_32_64_29_0_20_0_0_24_0_[0, 64, 24, 64, 40, 40, -6, 0]_[0, 64, 5, 23, 11, 10, 26, 0]
19_19_21_48_0_37_32_64_29_0_20_0_0_24_0_[0, 64, 24, 64, 40, 40, -6, 0]_[0, 64, 5, 23, 11, 10, 26, 0]
20_20_21_48_0_37_32_64_29_0_20_0_0_24_0_[0, 64, 24, 64, 40, 40, -6, 0]_[0, 64, 5, 23, 11, 10, 26, 0]
21_21_21_48_0_37_32_64_29_0_20_0_0_24_0_[0, 64, 24, 64, 40, 40, -6, 0]_[0, 64, 5, 23, 11, 10, 26, 0]
22_22_21_48_0_37_32_64_29_0_20_0_0_24_0_[0, 64, 24, 64, 40, 40, -6, 0]_[0, 64, 5, 23, 11, 10, 26, 0]
23_23_21_48_0_37_32_64_29_0_20_0_0_24_0_[0, 64, 24, 64, 40, 40, -6, 0]_[0, 64, 5, 23, 11, 10, 26, 0]
24_24_21_48_0_37_32_64_29_0_20_0_0_24_0_[0, 64, 24, 64, 40, 40, -6, 0]_[0, 64, 5, 23, 11, 10, 26, 0]
25_25_21_48_0_37_32_64_29_0_20_0_0_24_0_[0, 64, 24, 64, 40, 40, -6, 0]_[0, 64, 5, 23, 11, 10, 26, 0]
26_26_21_48_0_37_32_64_29_0_20_0_0_24_0_[0, 64, 24, 64, 40, 40, -6, 0]_[0, 64, 5, 23, 11, 10, 26, 0]
27_27_21_48_0_37_32_64_29_0_20_0_0_24_0_[0, 64, 24, 64, 40, 40, -6, 0]_[0, 64, 5, 23, 11, 10, 26, 0]
28_28_21_48_0_37_32_64_29_0_20_0_0_24_0_[0, 64, 24, 64, 40, 40, -6, 0]_[0, 64, 5, 23, 11, 10, 26, 0]
29_29_21_48_0_37_32_64_29_0_20_0_0_24_0_[0, 64, 24, 64, 40, 40, -6, 0]_[0, 64, 5, 23, 11, 10, 26, 0]
30_30_21_48_0_37_32_64_29_0_20_0_0_24_0_[0, 64, 24, 64, 40, 40, -6, 0]_[0, 64, 5, 23, 11, 10, 26, 0]
31_31_21_48_0_37_32_64_29_0_20_0_0_24_0_[0, 64, 24, 64, 40, 40, -6, 0]_[0, 64, 5, 23, 11, 10, 26, 0]
32_32_21_48_0_37_32_64_29_0_20_0_0_24_0_[0, 64, 24, 64, 40, 40, -6, 0]_[0, 64, 5, 23, 11, 10, 26, 0]
33_33_21_48_0_37_32_64_29_0_20_0_0_24_0_[0, 64, 24, 64, 40, 40, -6, 0]_[0, 64, 5, 23, 11, 10, 26, 0]
34_34_21_48_0_37_32_64_29_0_20_0_0_24_0_[0, 64, 24, 64, 40, 40, -6, 0]_[0, 64, 5, 23, 11, 10, 26, 0]
35_35_21_48_0_37_32_64_29_0_20_0_0_24_0_[0, 64, 24, 64, 40, 40, -6, 0]_[0, 64, 5, 23, 11, 10, 26, 0]
36_36_21_48_0_37_32_64_29_0_20_0_0_24_0_[0, 64, 24, 64, 40, 40, -6, 0]_[0, 64, 5, 23, 11, 10, 26, 0]
37_37_21_48_0_37_32_64_29_0_20_0_0_24_0_[0, 64, 24, 64, 40, 40, -6, 0]_[0, 64, 5, 23, 11, 10, 26, 0]
38_38_21_48_0_37_32_64_29_0_20_0_0_24_0_[0, 64, 24, 64, 40, 40, -6, 0]_[0, 64, 5, 23, 11, 10, 26, 0]
39_39_21_48_0_37_32_64_29_0_20_0_0_24_0_[0, 64, 24, 64, 40, 40, -6, 0]_[0, 64, 5, 23, 11, 10, 26, 0]
40_40_21_48_0_37_32_64_29_0_20_0_0_24_0_[0, 64, 24, 64, 40, 40, -6, 0]_[0, 64, 5, 23, 11, 10, 26, 0]
41_41_21_48_0_37_32_64_29_0_20_0_0_24_0_[0, 64, 24, 64, 40, 40, -6, 0]_[0, 64, 5, 23, 11, 10, 26, 0]
42_42_21_48_0_37_32_64_29_0_20_0_0_24_0_[0, 64, 24, 64, 40, 40, -6, 0]_[0, 64, 5, 23, 11, 10, 26, 0]
43_43_21_48_0_37_32_64_29_0_20_0_0_24_0_[0, 64, 24, 64, 40, 40, -6, 0]_[0, 64, 5, 23, 11, 10, 26, 0]
44_44_21_48_0_37_32_64_29_0_20_0_0_24_0_[0, 64, 24, 64, 40, 40, -6, 0]_[0, 64, 5, 23, 11, 10, 26, 0]
45_45_21_48_0_37_32_64_29_0_20_0_0_24_0_[0, 64, 24, 64, 40, 40, -6, 0]_[0, 64, 5, 23, 11, 10, 26, 0]
46_46_21_48_0_37_32_64_29_0_20_0_0_24_0_[0, 64, 24, 64, 40, 40, -6, 0]_[0, 64, 5, 23, 11, 10, 26, 0]
47_47_21_48_0_37_32_64_29_0_20_0_0_24_0_[0, 64, 24, 64, 40, 40, -6, 0]_[0, 64, 5, 23, 11, 10, 26, 0]
48_48_21_48_0_37_32_64_29_0_20_0_0_24_0_[0, 64, 24, 64, 40, 40, -6, 0]_[0, 64, 5, 23, 11, 10, 26, 0]
49_49_21_48_0_37_32_64_29_0_20_0_0_24_0_[0, 64, 24, 64, 40, 40, -6, 0]_[0, 64, 5, 23, 11, 10, 26, 0]
50_50_21_48_0_37_32_64_29_0_20_0_0_24_0_[0, 64, 24, 64, 40, 40, -6, 0]_[0, 64, 5, 23, 11, 10, 26, 0]
51_51_21_48_0_37_32_64_29_0_20_0_0_24_0_[0, 64, 24, 64, 40, 40, -6, 0]_[0, 64, 5, 23, 11, 10, 26, 0]
52_52_21_48_0_37_32_64_29_0_20_0_0_24_0_[0, 64, 24, 64, 40, 40, -6, 0]_[0, 64, 5, 23, 11, 10, 26, 0]
53_53_21_48_0_37_32_64_29_0_20_0_0_24_0_[0, 64, 24, 64, 40, 40, -6, 0]_[0, 64, 5, 23, 11, 10, 26, 0]
54_54_21_48_0_37_32_64_29_0_20_0_0_24_0_[0, 64, 24, 64, 40, 40, -6, 0]_[0, 64, 5, 23, 11, 10, 26, 0]
55_55_21_48_0_37_32_64_29_0_20_0_0_24_0_[0, 64, 24, 64, 40, 40, -6, 0]_[0, 64, 5, 23, 11, 10, 26, 0]
56_56_21_48_0_37_32_64_29_0_20_0_0_24_0_[0, 64, 24, 64, 40, 40, -6, 0]_[0, 64, 5, 23, 11, 10, 26, 0]
57_57_21_48_0_37_32_64_29_0_20_0_0_24_0_[0, 64, 24, 64, 40, 40, -6, 0]_[0, 64, 5, 23, 11, 10, 26, 0]
58_58_21_48_0_37_32_64_29_0_20_0_0_24_0_[0, 64, 24, 64, 40, 40, -6, 0]_[0, 64, 5, 23, 11, 10, 26, 0]
59_59_21_48_0_37_32_64_29_0_20_0_0_24_0_[0, 64, 24, 64, 40, 40, -6, 0]_[0, 64, 5, 23, 11, 10, 26, 0]
60_60_21_48_0_37_32_64_29_0_20_0_0_24_0_[0, 64, 24, 64, 40, 40, -6, 0]_[0, 64, 5, 23, 11, 10, 26, 0]
61_61_21_48_0_37_32_64_29_0_20_0_0_24_0_[0, 64, 24, 64, 40, 40, -6, 0]_[0, 64, 5, 23, 11, 10, 26, 0]
62_62_21_48_0_37_32_64_29_0_20_0_0_24_0_[0, 64, 24, 64, 40, 40, -6, 0]_[0, 64, 5, 23, 11, 10, 26, 0]
63_63_21_48_0_37_32_64_29_0_20_0_0_24_0_[0, 64, 24, 64, 40, 40, -6, 0]_[0, 64, 5, 23, 11, 10, 26, 0]
64_64_21_48_0_37_32_64_29_0_20_0_0_24_0_[0, 64, 24, 64, 40, 40, -6, 0]_[0, 64, 5, 23, 11, 10, 26, 0]
65_65_21_48_0_37_32_64_29_0_20_0_0_24_0_[0, 64, 24, 64, 40, 40, -6, 0]_[0, 64, 5, 23, 11, 10, 26, 0]
66_66_22_72_0_37_32_64_29_0_20_0_0_24_0_[0, 64, 24, 64, 40, 40, -6, 0]_[0, 64, 5, 23, 11, 10, 26, 0]
67_67_22_72_0_37_32_64_29_0_20_0_0_24_0_[0, 64, 24, 64, 40, 40, -6, 0]_[0, 64, 5, 23, 11, 10, 26, 0]
68_68_22_72_0_37_32_64_29_0_20_0_0_24_0_[0, 64, 24, 64, 40, 40, -6, 0]_[0, 64, 5, 23, 11, 10, 26, 0]
69_69_22_72_0_37_32_64_29_0_20_0_0_24_0_[0, 64, 24, 64, 40, 40, -6, 0]_[0, 64, 5, 23, 11, 10, 26, 0]
70_70_22_72_0_37_32_64_29_0_20_0_0_24_0_[0, 64, 24, 64, 40, 40, -6, 0]_[0, 64, 5, 23, 11, 10, 26, 0]
71_71_22_72_0_37_32_64_29_0_20_0_0_24_0_[0, 64, 24, 64, 40, 40, -6, 0]_[0, 64, 5, 23, 11, 10, 26, 0]
72_72_22_72_0_37_32_64_29_0_20_0_0_24_0_[0, 64, 24, 64, 40, 40, -6, 0]_[0, 64, 5, 23, 11, 10, 26, 0]
73_73_22_72_0_37_32_64_29_0_20_0_0_24_0_[0, 64, 24, 64, 40, 40, -6, 0]_[0, 64, 5, 23, 11, 10, 26, 0]
74_74_22_72_0_37_32_64_29_0_20_0_0_24_0_[0, 64, 24, 64, 40, 40, -6, 0]_[0, 64, 5, 23, 11, 10, 26, 0]
75_75_22_72_0_37_32_64_29_0_20_0_0_24_0_[0, 64, 24, 64, 40, 40, -6, 0]_[0, 64, 5, 23, 11, 10, 26, 0]
76_76_22_72_0_37_32_64_29_0_20_0_0_24_0_[0, 64, 24, 64, 40, 40, -6, 0]_[0, 64, 5, 23, 11, 10, 26, 0]
77_77_22_72_0_37_32_64_29_0_20_0_0_24_0_[0, 64, 24, 64, 40, 40, -6, 0]_[0, 64, 5, 23, 11, 10, 26, 0]
78_78_22_72_0_37_32_64_29_0_20_0_0_24_0_[0, 64, 24, 64, 40, 40, -6, 0]_[0, 64, 5, 23, 11, 10, 26, 0]
79_79_22_72_0_37_32_64_29_0_20_0_0_24_0_[0, 64, 24, 64, 40, 40, -6, 0]_[0, 64, 5, 23, 11, 10, 26, 0]
80_80_22_72_0_37_32_64_29_0_20_0_0_24_0_[0, 64, 24, 64, 40, 40, -6, 0]_[0, 64, 5, 23, 11, 10, 26, 0]
81_81_22_72_0_37_32_64_29_0_20_0_0_24_0_[0, 64, 24, 64, 40, 40, -6, 0]_[0, 64, 5, 23, 11, 10, 26, 0]
82_82_22_72_0_37_32_64_29_0_20_0_0_24_0_[0, 64, 24, 64, 40, 40, -6, 0]_[0, 64, 5, 23, 11, 10, 26, 0]
83_83_22_72_0_37_32_64_29_0_20_0_0_24_0_[0, 64, 24, 64, 40, 40, -6, 0]_[0, 64, 5, 23, 11, 10, 26, 0]
84_84_23_84_0_37_32_64_29_0_20_0_0_24_0_[0, 64, 24, 64, 40, 40, -6, 0]_[0, 64, 5, 23, 11, 10, 26, 0]
85_85_23_84_0_37_32_64_29_0_20_0_0_24_0_[0, 64, 24, 64, 40, 40, -6, 0]_[0, 64, 5, 23, 11, 10, 26, 0]
86_86_23_84_0_37_32_64_29_0_20_0_0_24_0_[0, 64, 24, 64, 40, 40, -6, 0]_[0, 64, 5, 23, 11, 10, 26, 0]
87_87_23_84_0_37_32_64_29_0_20_0_0_24_0_[0, 64, 24, 64, 40, 40, -6, 0]_[0, 64, 5, 23, 11, 10, 26, 0]
88_88_23_84_0_37_32_64_29_0_20_0_0_24_0_[0, 64, 24, 64, 40, 40, -6, 0]_[0, 64, 5, 23, 11, 10, 26, 0]
89_89_23_84_0_37_32_64_29_0_20_0_0_24_0_[0, 64, 24, 64, 40, 40, -6, 0]_[0, 64, 5, 23, 11, 10, 26, 0]
90_90_23_84_0_37_32_64_29_0_20_0_0_24_0_[0, 64, 24, 64, 40, 40, -6, 0]_[0, 64, 5, 23, 11, 10, 26, 0]
91_91_23_84_0_37_32_64_29_0_20_0_0_24_0_[0, 64, 24, 64, 40, 40, -6, 0]_[0, 64, 5, 23, 11, 10, 26, 0]
92_92_23_84_0_37_32_64_29_0_20_0_0_24_0_[0, 64, 24, 64, 40, 40, -6, 0]_[0, 64, 5, 23, 11, 10, 26, 0]
93_93_23_84_0_37_32_64_29_0_20_0_0_24_0_[0, 64, 24, 64, 40, 40, -6, 0]_[0, 64, 5, 23, 11, 10, 26, 0]
94_94_23_84_0_37_32_64_29_0_20_0_0_24_0_[0, 64, 24, 64, 40, 40, -6, 0]_[0, 64, 5, 23, 11, 10, 26, 0]
95_95_23_84_0_37_32_64_29_0_20_0_0_24_0_[0, 64, 24, 64, 40, 40, -6, 0]_[0, 64, 5, 23, 11, 10, 26, 0]
96_96_23_84_0_37_32_64_29_0_20_0_0_24_0_[0, 64, 24, 64, 40, 40, -6, 0]_[0, 64, 5, 23, 11, 10, 26, 0]
97_97_23_84_0_37_32_64_29_0_20_0_0_24_0_[0, 64, 24, 64, 40, 40, -6, 0]_[0, 64, 5, 23, 11, 10, 26, 0]
98_98_23_84_0_37_32_64_29_0_20_0_0_24_0_[0, 64, 24, 64, 40, 40, -6, 0]_[0, 64, 5, 23, 11, 10, 26, 0]
99_99_23_84_0_37_32_64_29_0_20_0_0_24_0_[0, 64, 24, 64, 40, 40, -6, 0]_[0, 64, 5, 23, 11, 10, 26, 0]
100_100_23_84_0_37_32_64_29_0_20_0_0_24_0_[0, 64, 24, 64, 40, 40, -6, 0]_[0, 64, 5, 23, 11, 10, 26, 0]
101_101_23_84_0_37_32_64_29_0_20_0_0_24_0_[0, 64, 24, 64, 40, 40, -6, 0]_[0, 64, 5, 23, 11, 10, 26, 0]
102_102_23_84_0_37_32_64_29_0_20_0_0_24_0_[0, 64, 24, 64, 40, 40, -6, 0]_[0, 64, 5, 23, 11, 10, 26, 0]
103_103_23_84_0_37_32_64_29_0_20_0_0_24_0_[0, 64, 24, 64, 40, 40, -6, 0]_[0, 64, 5, 23, 11, 10, 26, 0]
104_104_23_84_0_37_32_64_29_0_20_0_0_24_0_[0, 64, 24, 64, 40, 40, -6, 0]_[0, 64, 5, 23, 11, 10, 26, 0]
105_105_23_84_0_37_32_64_29_0_20_0_0_24_0_[0, 64, 24, 64, 40, 40, -6, 0]_[0, 64, 5, 23, 11, 10, 26, 0]
106_106_23_84_0_37_32_64_29_0_20_0_0_24_0_[0, 64, 24, 64, 40, 40, -6, 0]_[0, 64, 5, 23, 11, 10, 26, 0]
107_107_23_84_0_37_32_64_29_0_20_0_0_24_0_[0, 64, 24, 64, 40, 40, -6, 0]_[0, 64, 5, 23, 11, 10, 26, 0]
108_108_23_84_0_37_32_64_29_0_20_0_0_24_0_[0, 64, 24, 64, 40, 40, -6, 0]_[0, 64, 5, 23, 11, 10, 26, 0]
109_109_23_84_0_37_32_64_29_0_20_0_0_24_0_[0, 64, 24, 64, 40, 40, -6, 0]_[0, 64, 5, 23, 11, 10, 26, 0]
110_110_23_84_0_37_32_64_29_0_20_0_0_24_0_[0, 64, 24, 64, 40, 40, -6, 0]_[0, 64, 5, 23, 11, 10, 26, 0]
111_111_23_84_0_37_32_64_29_0_20_0_0_24_0_[0, 64, 24, 64, 40, 40, -6, 0]_[0, 64, 5, 23, 11, 10, 26, 0]
112_112_23_84_0_37_32_64_29_0_20_0_0_24_0_[0, 64, 24, 64, 40, 40, -6, 0]_[0, 64, 5, 23, 11, 10, 26, 0]
113_113_23_84_0_37_32_64_29_0_20_0_0_24_0_[0, 64, 24, 64, 40, 40, -6, 0]_[0, 64, 5, 23, 11, 10, 26, 0]
114_114_23_84_0_37_32_64_29_0_20_0_0_24_0_[0, 64, 24, 64, 40, 40, -6, 0]_[0, 64, 5, 23, 11, 10, 26, 0]
115_115_23_84_0_37_32_64_29_0_20_0_0_24_0_[0, 64, 24, 64, 40, 40, -6, 0]_[0, 64, 5, 23, 11, 10, 26, 0]
116_116_23_84_0_37_32_64_29_0_20_0_0_24_0_[0, 64, 24, 64, 40, 40, -6, 0]_[0, 64, 5, 23, 11, 10, 26, 0]
117_117_23_84_0_37_32_64_29_0_20_0_0_24_0_[0, 64, 24, 64, 40, 40, -6, 0]_[0, 64, 5, 23, 11, 10, 26, 0]
118_118_23_84_0_37_32_64_29_0_20_0_0_24_0_[0, 64, 24, 64, 40, 40, -6, 0]_[0, 64, 5, 23, 11, 10, 26, 0]
119_119_23_84_0_37_32_64_29_0_20_0_0_24_0_[0, 64, 24, 64, 40, 40, -6, 0]_[0, 64, 5, 23, 11, 10, 26, 0]
120_120_23_84_0_37_32_64_29_0_20_0_0_24_0_[0, 64, 24, 64, 40, 40, -6, 0]_[0, 64, 5, 23, 11, 10, 26, 0]
121_121_23_84_0_37_32_64_29_0_20_0_0_24_0_[0, 64, 24, 64, 40, 40, -6, 0]_[0, 64, 5, 23, 11, 10, 26, 0]
122_122_23_84_0_37_32_64_29_0_20_0_0_24_0_[0, 64, 24, 64, 40, 40, -6, 0]_[0, 64, 5, 23, 11, 10, 26, 0]
123_123_23_84_0_37_32_64_29_0_20_0_0_24_0_[0, 64, 24, 64, 40, 40, -6, 0]_[0, 64, 5, 23, 11, 10, 26, 0]
124_124_23_84_0_37_32_64_29_0_20_0_0_24_0_[0, 64, 24, 64, 40, 40, -6, 0]_[0, 64, 5, 23, 11, 10, 26, 0]
125_125_23_84_0_37_32_64_29_0_20_0_0_24_0_[0, 64, 24, 64, 40, 40, -6, 0]_[0, 64, 5, 23, 11, 10, 26, 0]
126_126_23_84_0_37_32_64_29_0_20_0_0_24_0_[0, 64, 24, 64, 40, 40, -6, 0]_[0, 64, 5, 23, 11, 10, 26, 0]
127_127_23_84_0_37_32_64_29_0_20_0_0_24_0_[0, 64, 24, 64, 40, 40, -6, 0]_[0, 64, 5, 23, 11, 10, 26, 0]
