0_0_157_55_0_41_32_64_0_0_0_0_0_24_0_null_[0, 64, 5, 24, 14, 0]
1_1_157_55_0_41_32_64_0_0_0_0_0_24_0_null_[0, 64, 5, 24, 14, 0]
2_2_157_55_0_41_32_64_0_0_0_0_0_24_0_null_[0, 64, 5, 24, 14, 0]
3_3_157_55_0_41_32_64_0_0_0_0_0_24_0_null_[0, 64, 5, 24, 14, 0]
4_4_157_55_0_41_32_64_0_0_0_0_0_24_0_null_[0, 64, 5, 24, 14, 0]
5_5_157_55_0_41_32_64_0_0_0_0_0_24_0_null_[0, 64, 5, 24, 14, 0]
6_6_157_55_0_41_32_64_0_0_0_0_0_24_0_null_[0, 64, 5, 24, 14, 0]
7_7_157_55_0_41_32_64_0_0_0_0_0_24_0_null_[0, 64, 5, 24, 14, 0]
8_8_157_55_0_41_32_64_0_0_0_0_0_24_0_null_[0, 64, 5, 24, 14, 0]
9_9_157_55_0_41_32_64_0_0_0_0_0_24_0_null_[0, 64, 5, 24, 14, 0]
10_10_157_55_0_41_32_64_0_0_0_0_0_24_0_null_[0, 64, 5, 24, 14, 0]
11_11_157_55_0_41_32_64_0_0_0_0_0_24_0_null_[0, 64, 5, 24, 14, 0]
12_12_157_55_0_41_32_64_0_0_0_0_0_24_0_null_[0, 64, 5, 24, 14, 0]
13_13_157_55_0_41_32_64_0_0_0_0_0_24_0_null_[0, 64, 5, 24, 14, 0]
14_14_157_55_0_41_32_64_0_0_0_0_0_24_0_null_[0, 64, 5, 24, 14, 0]
15_15_157_55_0_41_32_64_0_0_0_0_0_24_0_null_[0, 64, 5, 24, 14, 0]
16_16_157_55_0_41_32_64_0_0_0_0_0_24_0_null_[0, 64, 5, 24, 14, 0]
17_17_157_55_0_41_32_64_0_0_0_0_0_24_0_null_[0, 64, 5, 24, 14, 0]
18_18_157_55_0_41_32_64_0_0_0_0_0_24_0_null_[0, 64, 5, 24, 14, 0]
19_19_157_55_0_41_32_64_0_0_0_0_0_24_0_null_[0, 64, 5, 24, 14, 0]
20_20_157_55_0_41_32_64_0_0_0_0_0_24_0_null_[0, 64, 5, 24, 14, 0]
21_21_157_55_0_41_32_64_0_0_0_0_0_24_0_null_[0, 64, 5, 24, 14, 0]
22_22_157_55_0_41_32_64_0_0_0_0_0_24_0_null_[0, 64, 5, 24, 14, 0]
23_23_157_55_0_41_32_64_0_0_0_0_0_24_0_null_[0, 64, 5, 24, 14, 0]
24_24_157_55_0_41_32_64_0_0_0_0_0_24_0_null_[0, 64, 5, 24, 14, 0]
25_25_157_55_0_41_32_64_0_0_0_0_0_24_0_null_[0, 64, 5, 24, 14, 0]
26_26_157_55_0_41_32_64_0_0_0_0_0_24_0_null_[0, 64, 5, 24, 14, 0]
27_27_157_55_0_41_32_64_0_0_0_0_0_24_0_null_[0, 64, 5, 24, 14, 0]
28_28_157_55_0_41_32_64_0_0_0_0_0_24_0_null_[0, 64, 5, 24, 14, 0]
29_29_157_55_0_41_32_64_0_0_0_0_0_24_0_null_[0, 64, 5, 24, 14, 0]
30_30_157_55_0_41_32_64_0_0_0_0_0_24_0_null_[0, 64, 5, 24, 14, 0]
31_31_157_55_0_41_32_64_0_0_0_0_0_24_0_null_[0, 64, 5, 24, 14, 0]
32_32_157_55_0_41_32_64_0_0_0_0_0_24_0_null_[0, 64, 5, 24, 14, 0]
33_33_157_55_0_41_32_64_0_0_0_0_0_24_0_null_[0, 64, 5, 24, 14, 0]
34_34_157_55_0_41_32_64_0_0_0_0_0_24_0_null_[0, 64, 5, 24, 14, 0]
35_35_157_55_0_41_32_64_0_0_0_0_0_24_0_null_[0, 64, 5, 24, 14, 0]
36_36_157_55_0_41_32_64_0_0_0_0_0_24_0_null_[0, 64, 5, 24, 14, 0]
37_37_157_55_0_41_32_64_0_0_0_0_0_24_0_null_[0, 64, 5, 24, 14, 0]
38_38_157_55_0_41_32_64_0_0_0_0_0_24_0_null_[0, 64, 5, 24, 14, 0]
39_39_157_55_0_41_32_64_0_0_0_0_0_24_0_null_[0, 64, 5, 24, 14, 0]
40_40_157_55_0_41_32_64_0_0_0_0_0_24_0_null_[0, 64, 5, 24, 14, 0]
41_41_157_55_0_41_32_64_0_0_0_0_0_24_0_null_[0, 64, 5, 24, 14, 0]
42_42_157_55_0_41_32_64_0_0_0_0_0_24_0_null_[0, 64, 5, 24, 14, 0]
43_43_157_55_0_41_32_64_0_0_0_0_0_24_0_null_[0, 64, 5, 24, 14, 0]
44_44_157_55_0_41_32_64_0_0_0_0_0_24_0_null_[0, 64, 5, 24, 14, 0]
45_45_157_55_0_41_32_64_0_0_0_0_0_24_0_null_[0, 64, 5, 24, 14, 0]
46_46_157_55_0_41_32_64_0_0_0_0_0_24_0_null_[0, 64, 5, 24, 14, 0]
47_47_157_55_0_41_32_64_0_0_0_0_0_24_0_null_[0, 64, 5, 24, 14, 0]
48_48_157_55_0_41_32_64_0_0_0_0_0_24_0_null_[0, 64, 5, 24, 14, 0]
49_49_157_55_0_41_32_64_0_0_0_0_0_24_0_null_[0, 64, 5, 24, 14, 0]
50_50_157_55_0_41_32_64_0_0_0_0_0_24_0_null_[0, 64, 5, 24, 14, 0]
51_51_157_55_0_41_32_64_0_0_0_0_0_24_0_null_[0, 64, 5, 24, 14, 0]
52_52_157_55_0_41_32_64_0_0_0_0_0_24_0_null_[0, 64, 5, 24, 14, 0]
53_53_157_55_0_41_32_64_0_0_0_0_0_24_0_null_[0, 64, 5, 24, 14, 0]
54_54_157_55_0_41_32_64_0_0_0_0_0_24_0_null_[0, 64, 5, 24, 14, 0]
55_55_157_55_0_41_32_64_0_0_0_0_0_24_0_null_[0, 64, 5, 24, 14, 0]
56_56_157_55_0_41_32_64_0_0_0_0_0_24_0_null_[0, 64, 5, 24, 14, 0]
57_57_157_55_0_41_32_64_0_0_0_0_0_24_0_null_[0, 64, 5, 24, 14, 0]
58_58_157_55_0_41_32_64_0_0_0_0_0_24_0_null_[0, 64, 5, 24, 14, 0]
59_59_157_55_0_41_32_64_0_0_0_0_0_24_0_null_[0, 64, 5, 24, 14, 0]
60_60_158_60_0_41_32_64_0_0_0_0_0_24_0_null_[0, 64, 5, 24, 14, 0]
61_61_158_60_0_41_32_64_0_0_0_0_0_24_0_null_[0, 64, 5, 24, 14, 0]
62_62_158_60_0_41_32_64_0_0_0_0_0_24_0_null_[0, 64, 5, 24, 14, 0]
63_63_158_60_0_41_32_64_0_0_0_0_0_24_0_null_[0, 64, 5, 24, 14, 0]
64_64_158_60_0_41_32_64_0_0_0_0_0_24_0_null_[0, 64, 5, 24, 14, 0]
65_65_158_60_0_41_32_64_0_0_0_0_0_24_0_null_[0, 64, 5, 24, 14, 0]
66_66_158_60_0_41_32_64_0_0_0_0_0_24_0_null_[0, 64, 5, 24, 14, 0]
67_67_158_60_0_41_32_64_0_0_0_0_0_24_0_null_[0, 64, 5, 24, 14, 0]
68_68_158_60_0_41_32_64_0_0_0_0_0_24_0_null_[0, 64, 5, 24, 14, 0]
69_69_159_72_0_41_32_64_0_0_0_0_0_24_0_null_[0, 64, 5, 24, 14, 0]
70_70_159_72_0_41_32_64_0_0_0_0_0_24_0_null_[0, 64, 5, 24, 14, 0]
71_71_159_72_0_41_32_64_0_0_0_0_0_24_0_null_[0, 64, 5, 24, 14, 0]
72_72_159_72_0_41_32_64_0_0_0_0_0_24_0_null_[0, 64, 5, 24, 14, 0]
73_73_159_72_0_41_32_64_0_0_0_0_0_24_0_null_[0, 64, 5, 24, 14, 0]
74_74_159_72_0_41_32_64_0_0_0_0_0_24_0_null_[0, 64, 5, 24, 14, 0]
75_75_159_72_0_41_32_64_0_0_0_0_0_24_0_null_[0, 64, 5, 24, 14, 0]
76_76_159_72_0_41_32_64_0_0_0_0_0_24_0_null_[0, 64, 5, 24, 14, 0]
77_77_159_72_0_41_32_64_0_0_0_0_0_24_0_null_[0, 64, 5, 24, 14, 0]
78_78_159_72_0_41_32_64_0_0_0_0_0_24_0_null_[0, 64, 5, 24, 14, 0]
79_79_383_84_0_41_32_64_0_0_0_0_0_24_0_null_[0, 64, 5, 24, 14, 0]
80_80_383_84_0_41_32_64_0_0_0_0_0_24_0_null_[0, 64, 5, 24, 14, 0]
81_81_383_84_0_41_32_64_0_0_0_0_0_24_0_null_[0, 64, 5, 24, 14, 0]
82_82_383_84_0_41_32_64_0_0_0_0_0_24_0_null_[0, 64, 5, 24, 14, 0]
83_83_383_84_0_41_32_64_0_0_0_0_0_24_0_null_[0, 64, 5, 24, 14, 0]
84_84_383_84_0_41_32_64_0_0_0_0_0_24_0_null_[0, 64, 5, 24, 14, 0]
85_85_383_84_0_41_32_64_0_0_0_0_0_24_0_null_[0, 64, 5, 24, 14, 0]
86_86_383_84_0_41_32_64_0_0_0_0_0_24_0_null_[0, 64, 5, 24, 14, 0]
87_87_383_84_0_41_32_64_0_0_0_0_0_24_0_null_[0, 64, 5, 24, 14, 0]
88_88_383_84_0_41_32_64_0_0_0_0_0_24_0_null_[0, 64, 5, 24, 14, 0]
89_89_383_84_0_41_32_64_0_0_0_0_0_24_0_null_[0, 64, 5, 24, 14, 0]
90_90_383_84_0_41_32_64_0_0_0_0_0_24_0_null_[0, 64, 5, 24, 14, 0]
91_91_383_84_0_41_32_64_0_0_0_0_0_24_0_null_[0, 64, 5, 24, 14, 0]
92_92_383_84_0_41_32_64_0_0_0_0_0_24_0_null_[0, 64, 5, 24, 14, 0]
93_93_383_84_0_41_32_64_0_0_0_0_0_24_0_null_[0, 64, 5, 24, 14, 0]
94_94_383_84_0_41_32_64_0_0_0_0_0_24_0_null_[0, 64, 5, 24, 14, 0]
95_95_383_84_0_41_32_64_0_0_0_0_0_24_0_null_[0, 64, 5, 24, 14, 0]
96_96_383_84_0_41_32_64_0_0_0_0_0_24_0_null_[0, 64, 5, 24, 14, 0]
97_97_383_84_0_41_32_64_0_0_0_0_0_24_0_null_[0, 64, 5, 24, 14, 0]
98_98_383_84_0_41_32_64_0_0_0_0_0_24_0_null_[0, 64, 5, 24, 14, 0]
99_99_383_84_0_41_32_64_0_0_0_0_0_24_0_null_[0, 64, 5, 24, 14, 0]
100_100_383_84_0_41_32_64_0_0_0_0_0_24_0_null_[0, 64, 5, 24, 14, 0]
101_101_383_84_0_41_32_64_0_0_0_0_0_24_0_null_[0, 64, 5, 24, 14, 0]
102_102_383_84_0_41_32_64_0_0_0_0_0_24_0_null_[0, 64, 5, 24, 14, 0]
103_103_383_84_0_41_32_64_0_0_0_0_0_24_0_null_[0, 64, 5, 24, 14, 0]
104_104_383_84_0_41_32_64_0_0_0_0_0_24_0_null_[0, 64, 5, 24, 14, 0]
105_105_383_84_0_41_32_64_0_0_0_0_0_24_0_null_[0, 64, 5, 24, 14, 0]
106_106_383_84_0_41_32_64_0_0_0_0_0_24_0_null_[0, 64, 5, 24, 14, 0]
107_107_383_84_0_41_32_64_0_0_0_0_0_24_0_null_[0, 64, 5, 24, 14, 0]
108_108_383_84_0_41_32_64_0_0_0_0_0_24_0_null_[0, 64, 5, 24, 14, 0]
109_109_383_84_0_41_32_64_0_0_0_0_0_24_0_null_[0, 64, 5, 24, 14, 0]
110_110_383_84_0_41_32_64_0_0_0_0_0_24_0_null_[0, 64, 5, 24, 14, 0]
111_111_383_84_0_41_32_64_0_0_0_0_0_24_0_null_[0, 64, 5, 24, 14, 0]
112_112_383_84_0_41_32_64_0_0_0_0_0_24_0_null_[0, 64, 5, 24, 14, 0]
113_113_383_84_0_41_32_64_0_0_0_0_0_24_0_null_[0, 64, 5, 24, 14, 0]
114_114_383_84_0_41_32_64_0_0_0_0_0_24_0_null_[0, 64, 5, 24, 14, 0]
115_115_383_84_0_41_32_64_0_0_0_0_0_24_0_null_[0, 64, 5, 24, 14, 0]
116_116_383_84_0_41_32_64_0_0_0_0_0_24_0_null_[0, 64, 5, 24, 14, 0]
117_117_383_84_0_41_32_64_0_0_0_0_0_24_0_null_[0, 64, 5, 24, 14, 0]
118_118_383_84_0_41_32_64_0_0_0_0_0_24_0_null_[0, 64, 5, 24, 14, 0]
119_119_383_84_0_41_32_64_0_0_0_0_0_24_0_null_[0, 64, 5, 24, 14, 0]
120_120_383_84_0_41_32_64_0_0_0_0_0_24_0_null_[0, 64, 5, 24, 14, 0]
121_121_383_84_0_41_32_64_0_0_0_0_0_24_0_null_[0, 64, 5, 24, 14, 0]
122_122_383_84_0_41_32_64_0_0_0_0_0_24_0_null_[0, 64, 5, 24, 14, 0]
123_123_383_84_0_41_32_64_0_0_0_0_0_24_0_null_[0, 64, 5, 24, 14, 0]
124_124_383_84_0_41_32_64_0_0_0_0_0_24_0_null_[0, 64, 5, 24, 14, 0]
125_125_383_84_0_41_32_64_0_0_0_0_0_24_0_null_[0, 64, 5, 24, 14, 0]
126_126_383_84_0_41_32_64_0_0_0_0_0_24_0_null_[0, 64, 5, 24, 14, 0]
127_127_383_84_0_41_32_64_0_0_0_0_0_24_0_null_[0, 64, 5, 24, 14, 0]
