0_0_162_60_0_44_32_64_0_0_0_0_0_24_0_null_[0, 64, 1, 9, 2, 0]
1_1_162_60_0_44_32_64_0_0_0_0_0_24_0_null_[0, 64, 1, 9, 2, 0]
2_2_162_60_0_44_32_64_0_0_0_0_0_24_0_null_[0, 64, 1, 9, 2, 0]
3_3_162_60_0_44_32_64_0_0_0_0_0_24_0_null_[0, 64, 1, 9, 2, 0]
4_4_162_60_0_44_32_64_0_0_0_0_0_24_0_null_[0, 64, 1, 9, 2, 0]
5_5_162_60_0_44_32_64_0_0_0_0_0_24_0_null_[0, 64, 1, 9, 2, 0]
6_6_162_60_0_44_32_64_0_0_0_0_0_24_0_null_[0, 64, 1, 9, 2, 0]
7_7_162_60_0_44_32_64_0_0_0_0_0_24_0_null_[0, 64, 1, 9, 2, 0]
8_8_162_60_0_44_32_64_0_0_0_0_0_24_0_null_[0, 64, 1, 9, 2, 0]
9_9_162_60_0_44_32_64_0_0_0_0_0_24_0_null_[0, 64, 1, 9, 2, 0]
10_10_162_60_0_44_32_64_0_0_0_0_0_24_0_null_[0, 64, 1, 9, 2, 0]
11_11_162_60_0_44_32_64_0_0_0_0_0_24_0_null_[0, 64, 1, 9, 2, 0]
12_12_162_60_0_44_32_64_0_0_0_0_0_24_0_null_[0, 64, 1, 9, 2, 0]
13_13_162_60_0_44_32_64_0_0_0_0_0_24_0_null_[0, 64, 1, 9, 2, 0]
14_14_162_60_0_44_32_64_0_0_0_0_0_24_0_null_[0, 64, 1, 9, 2, 0]
15_15_162_60_0_44_32_64_0_0_0_0_0_24_0_null_[0, 64, 1, 9, 2, 0]
16_16_162_60_0_44_32_64_0_0_0_0_0_24_0_null_[0, 64, 1, 9, 2, 0]
17_17_162_60_0_44_32_64_0_0_0_0_0_24_0_null_[0, 64, 1, 9, 2, 0]
18_18_162_60_0_44_32_64_0_0_0_0_0_24_0_null_[0, 64, 1, 9, 2, 0]
19_19_162_60_0_44_32_64_0_0_0_0_0_24_0_null_[0, 64, 1, 9, 2, 0]
20_20_162_60_0_44_32_64_0_0_0_0_0_24_0_null_[0, 64, 1, 9, 2, 0]
21_21_162_60_0_44_32_64_0_0_0_0_0_24_0_null_[0, 64, 1, 9, 2, 0]
22_22_162_60_0_44_32_64_0_0_0_0_0_24_0_null_[0, 64, 1, 9, 2, 0]
23_23_162_60_0_44_32_64_0_0_0_0_0_24_0_null_[0, 64, 1, 9, 2, 0]
24_24_162_60_0_44_32_64_0_0_0_0_0_24_0_null_[0, 64, 1, 9, 2, 0]
25_25_162_60_0_44_32_64_0_0_0_0_0_24_0_null_[0, 64, 1, 9, 2, 0]
26_26_162_60_0_44_32_64_0_0_0_0_0_24_0_null_[0, 64, 1, 9, 2, 0]
27_27_162_60_0_44_32_64_0_0_0_0_0_24_0_null_[0, 64, 1, 9, 2, 0]
28_28_162_60_0_44_32_64_0_0_0_0_0_24_0_null_[0, 64, 1, 9, 2, 0]
29_29_162_60_0_44_32_64_0_0_0_0_0_24_0_null_[0, 64, 1, 9, 2, 0]
30_30_162_60_0_44_32_64_0_0_0_0_0_24_0_null_[0, 64, 1, 9, 2, 0]
31_31_162_60_0_44_32_64_0_0_0_0_0_24_0_null_[0, 64, 1, 9, 2, 0]
32_32_162_60_0_44_32_64_0_0_0_0_0_24_0_null_[0, 64, 1, 9, 2, 0]
33_33_162_60_0_44_32_64_0_0_0_0_0_24_0_null_[0, 64, 1, 9, 2, 0]
34_34_162_60_0_44_32_64_0_0_0_0_0_24_0_null_[0, 64, 1, 9, 2, 0]
35_35_162_60_0_44_32_64_0_0_0_0_0_24_0_null_[0, 64, 1, 9, 2, 0]
36_36_162_60_0_44_32_64_0_0_0_0_0_24_0_null_[0, 64, 1, 9, 2, 0]
37_37_162_60_0_44_32_64_0_0_0_0_0_24_0_null_[0, 64, 1, 9, 2, 0]
38_38_162_60_0_44_32_64_0_0_0_0_0_24_0_null_[0, 64, 1, 9, 2, 0]
39_39_162_60_0_44_32_64_0_0_0_0_0_24_0_null_[0, 64, 1, 9, 2, 0]
40_40_162_60_0_44_32_64_0_0_0_0_0_24_0_null_[0, 64, 1, 9, 2, 0]
41_41_162_60_0_44_32_64_0_0_0_0_0_24_0_null_[0, 64, 1, 9, 2, 0]
42_42_162_60_0_44_32_64_0_0_0_0_0_24_0_null_[0, 64, 1, 9, 2, 0]
43_43_162_60_0_44_32_64_0_0_0_0_0_24_0_null_[0, 64, 1, 9, 2, 0]
44_44_162_60_0_44_32_64_0_0_0_0_0_24_0_null_[0, 64, 1, 9, 2, 0]
45_45_162_60_0_44_32_64_0_0_0_0_0_24_0_null_[0, 64, 1, 9, 2, 0]
46_46_162_60_0_44_32_64_0_0_0_0_0_24_0_null_[0, 64, 1, 9, 2, 0]
47_47_162_60_0_44_32_64_0_0_0_0_0_24_0_null_[0, 64, 1, 9, 2, 0]
48_48_162_60_0_44_32_64_0_0_0_0_0_24_0_null_[0, 64, 1, 9, 2, 0]
49_49_162_60_0_44_32_64_0_0_0_0_0_24_0_null_[0, 64, 1, 9, 2, 0]
50_50_162_60_0_44_32_64_0_0_0_0_0_24_0_null_[0, 64, 1, 9, 2, 0]
51_51_162_60_0_44_32_64_0_0_0_0_0_24_0_null_[0, 64, 1, 9, 2, 0]
52_52_162_60_0_44_32_64_0_0_0_0_0_24_0_null_[0, 64, 1, 9, 2, 0]
53_53_162_60_0_44_32_64_0_0_0_0_0_24_0_null_[0, 64, 1, 9, 2, 0]
54_54_162_60_0_44_32_64_0_0_0_0_0_24_0_null_[0, 64, 1, 9, 2, 0]
55_55_162_60_0_44_32_64_0_0_0_0_0_24_0_null_[0, 64, 1, 9, 2, 0]
56_56_162_60_0_44_32_64_0_0_0_0_0_24_0_null_[0, 64, 1, 9, 2, 0]
57_57_162_60_0_44_32_64_0_0_0_0_0_24_0_null_[0, 64, 1, 9, 2, 0]
58_58_162_60_0_44_32_64_0_0_0_0_0_24_0_null_[0, 64, 1, 9, 2, 0]
59_59_162_60_0_44_32_64_0_0_0_0_0_24_0_null_[0, 64, 1, 9, 2, 0]
60_60_162_60_0_44_32_64_0_0_0_0_0_24_0_null_[0, 64, 1, 9, 2, 0]
61_61_162_60_0_44_32_64_0_0_0_0_0_24_0_null_[0, 64, 1, 9, 2, 0]
62_62_162_60_0_44_32_64_0_0_0_0_0_24_0_null_[0, 64, 1, 9, 2, 0]
63_63_162_60_0_44_32_64_0_0_0_0_0_24_0_null_[0, 64, 1, 9, 2, 0]
64_64_162_60_0_44_32_64_0_0_0_0_0_24_0_null_[0, 64, 1, 9, 2, 0]
65_65_162_60_0_44_32_64_0_0_0_0_0_24_0_null_[0, 64, 1, 9, 2, 0]
66_66_162_60_0_44_32_64_0_0_0_0_0_24_0_null_[0, 64, 1, 9, 2, 0]
67_67_162_60_0_44_32_64_0_0_0_0_0_24_0_null_[0, 64, 1, 9, 2, 0]
68_68_162_60_0_44_32_64_0_0_0_0_0_24_0_null_[0, 64, 1, 9, 2, 0]
69_69_162_60_0_44_32_64_0_0_0_0_0_24_0_null_[0, 64, 1, 9, 2, 0]
70_70_162_60_0_44_32_64_0_0_0_0_0_24_0_null_[0, 64, 1, 9, 2, 0]
71_71_162_60_0_44_32_64_0_0_0_0_0_24_0_null_[0, 64, 1, 9, 2, 0]
72_72_163_84_0_44_32_64_0_0_0_0_0_24_0_null_[0, 64, 1, 9, 2, 0]
73_73_163_84_0_44_32_64_0_0_0_0_0_24_0_null_[0, 64, 1, 9, 2, 0]
74_74_163_84_0_44_32_64_0_0_0_0_0_24_0_null_[0, 64, 1, 9, 2, 0]
75_75_163_84_0_44_32_64_0_0_0_0_0_24_0_null_[0, 64, 1, 9, 2, 0]
76_76_163_84_0_44_32_64_0_0_0_0_0_24_0_null_[0, 64, 1, 9, 2, 0]
77_77_163_84_0_44_32_64_0_0_0_0_0_24_0_null_[0, 64, 1, 9, 2, 0]
78_78_163_84_0_44_32_64_0_0_0_0_0_24_0_null_[0, 64, 1, 9, 2, 0]
79_79_163_84_0_44_32_64_0_0_0_0_0_24_0_null_[0, 64, 1, 9, 2, 0]
80_80_163_84_0_44_32_64_0_0_0_0_0_24_0_null_[0, 64, 1, 9, 2, 0]
81_81_163_84_0_44_32_64_0_0_0_0_0_24_0_null_[0, 64, 1, 9, 2, 0]
82_82_163_84_0_44_32_64_0_0_0_0_0_24_0_null_[0, 64, 1, 9, 2, 0]
83_83_163_84_0_44_32_64_0_0_0_0_0_24_0_null_[0, 64, 1, 9, 2, 0]
84_84_163_84_0_44_32_64_0_0_0_0_0_24_0_null_[0, 64, 1, 9, 2, 0]
85_85_163_84_0_44_32_64_0_0_0_0_0_24_0_null_[0, 64, 1, 9, 2, 0]
86_86_163_84_0_44_32_64_0_0_0_0_0_24_0_null_[0, 64, 1, 9, 2, 0]
87_87_163_84_0_44_32_64_0_0_0_0_0_24_0_null_[0, 64, 1, 9, 2, 0]
88_88_163_84_0_44_32_64_0_0_0_0_0_24_0_null_[0, 64, 1, 9, 2, 0]
89_89_163_84_0_44_32_64_0_0_0_0_0_24_0_null_[0, 64, 1, 9, 2, 0]
90_90_163_84_0_44_32_64_0_0_0_0_0_24_0_null_[0, 64, 1, 9, 2, 0]
91_91_163_84_0_44_32_64_0_0_0_0_0_24_0_null_[0, 64, 1, 9, 2, 0]
92_92_163_84_0_44_32_64_0_0_0_0_0_24_0_null_[0, 64, 1, 9, 2, 0]
93_93_163_84_0_44_32_64_0_0_0_0_0_24_0_null_[0, 64, 1, 9, 2, 0]
94_94_163_84_0_44_32_64_0_0_0_0_0_24_0_null_[0, 64, 1, 9, 2, 0]
95_95_163_84_0_44_32_64_0_0_0_0_0_24_0_null_[0, 64, 1, 9, 2, 0]
96_96_163_84_0_44_32_64_0_0_0_0_0_24_0_null_[0, 64, 1, 9, 2, 0]
97_97_163_84_0_44_32_64_0_0_0_0_0_24_0_null_[0, 64, 1, 9, 2, 0]
98_98_163_84_0_44_32_64_0_0_0_0_0_24_0_null_[0, 64, 1, 9, 2, 0]
99_99_163_84_0_44_32_64_0_0_0_0_0_24_0_null_[0, 64, 1, 9, 2, 0]
100_100_163_84_0_44_32_64_0_0_0_0_0_24_0_null_[0, 64, 1, 9, 2, 0]
101_101_163_84_0_44_32_64_0_0_0_0_0_24_0_null_[0, 64, 1, 9, 2, 0]
102_102_163_84_0_44_32_64_0_0_0_0_0_24_0_null_[0, 64, 1, 9, 2, 0]
103_103_163_84_0_44_32_64_0_0_0_0_0_24_0_null_[0, 64, 1, 9, 2, 0]
104_104_163_84_0_44_32_64_0_0_0_0_0_24_0_null_[0, 64, 1, 9, 2, 0]
105_105_163_84_0_44_32_64_0_0_0_0_0_24_0_null_[0, 64, 1, 9, 2, 0]
106_106_163_84_0_44_32_64_0_0_0_0_0_24_0_null_[0, 64, 1, 9, 2, 0]
107_107_163_84_0_44_32_64_0_0_0_0_0_24_0_null_[0, 64, 1, 9, 2, 0]
108_108_163_84_0_44_32_64_0_0_0_0_0_24_0_null_[0, 64, 1, 9, 2, 0]
109_109_163_84_0_44_32_64_0_0_0_0_0_24_0_null_[0, 64, 1, 9, 2, 0]
110_110_163_84_0_44_32_64_0_0_0_0_0_24_0_null_[0, 64, 1, 9, 2, 0]
111_111_163_84_0_44_32_64_0_0_0_0_0_24_0_null_[0, 64, 1, 9, 2, 0]
112_112_163_84_0_44_32_64_0_0_0_0_0_24_0_null_[0, 64, 1, 9, 2, 0]
113_113_163_84_0_44_32_64_0_0_0_0_0_24_0_null_[0, 64, 1, 9, 2, 0]
114_114_163_84_0_44_32_64_0_0_0_0_0_24_0_null_[0, 64, 1, 9, 2, 0]
115_115_163_84_0_44_32_64_0_0_0_0_0_24_0_null_[0, 64, 1, 9, 2, 0]
116_116_163_84_0_44_32_64_0_0_0_0_0_24_0_null_[0, 64, 1, 9, 2, 0]
117_117_163_84_0_44_32_64_0_0_0_0_0_24_0_null_[0, 64, 1, 9, 2, 0]
118_118_163_84_0_44_32_64_0_0_0_0_0_24_0_null_[0, 64, 1, 9, 2, 0]
119_119_163_84_0_44_32_64_0_0_0_0_0_24_0_null_[0, 64, 1, 9, 2, 0]
120_120_163_84_0_44_32_64_0_0_0_0_0_24_0_null_[0, 64, 1, 9, 2, 0]
121_121_163_84_0_44_32_64_0_0_0_0_0_24_0_null_[0, 64, 1, 9, 2, 0]
122_122_163_84_0_44_32_64_0_0_0_0_0_24_0_null_[0, 64, 1, 9, 2, 0]
123_123_163_84_0_44_32_64_0_0_0_0_0_24_0_null_[0, 64, 1, 9, 2, 0]
124_124_163_84_0_44_32_64_0_0_0_0_0_24_0_null_[0, 64, 1, 9, 2, 0]
125_125_163_84_0_44_32_64_0_0_0_0_0_24_0_null_[0, 64, 1, 9, 2, 0]
126_126_163_84_0_44_32_64_0_0_0_0_0_24_0_null_[0, 64, 1, 9, 2, 0]
127_127_163_84_0_44_32_64_0_0_0_0_0_24_0_null_[0, 64, 1, 9, 2, 0]
