0_0_166_65_0_35_32_64_0_0_0_0_0_24_0_null_[0, 64, 2, 5, 7, 0]
1_1_166_65_0_35_32_64_0_0_0_0_0_24_0_null_[0, 64, 2, 5, 7, 0]
2_2_166_65_0_35_32_64_0_0_0_0_0_24_0_null_[0, 64, 2, 5, 7, 0]
3_3_166_65_0_35_32_64_0_0_0_0_0_24_0_null_[0, 64, 2, 5, 7, 0]
4_4_166_65_0_35_32_64_0_0_0_0_0_24_0_null_[0, 64, 2, 5, 7, 0]
5_5_166_65_0_35_32_64_0_0_0_0_0_24_0_null_[0, 64, 2, 5, 7, 0]
6_6_166_65_0_35_32_64_0_0_0_0_0_24_0_null_[0, 64, 2, 5, 7, 0]
7_7_166_65_0_35_32_64_0_0_0_0_0_24_0_null_[0, 64, 2, 5, 7, 0]
8_8_166_65_0_35_32_64_0_0_0_0_0_24_0_null_[0, 64, 2, 5, 7, 0]
9_9_166_65_0_35_32_64_0_0_0_0_0_24_0_null_[0, 64, 2, 5, 7, 0]
10_10_166_65_0_35_32_64_0_0_0_0_0_24_0_null_[0, 64, 2, 5, 7, 0]
11_11_166_65_0_35_32_64_0_0_0_0_0_24_0_null_[0, 64, 2, 5, 7, 0]
12_12_166_65_0_35_32_64_0_0_0_0_0_24_0_null_[0, 64, 2, 5, 7, 0]
13_13_166_65_0_35_32_64_0_0_0_0_0_24_0_null_[0, 64, 2, 5, 7, 0]
14_14_166_65_0_35_32_64_0_0_0_0_0_24_0_null_[0, 64, 2, 5, 7, 0]
15_15_166_65_0_35_32_64_0_0_0_0_0_24_0_null_[0, 64, 2, 5, 7, 0]
16_16_166_65_0_35_32_64_0_0_0_0_0_24_0_null_[0, 64, 2, 5, 7, 0]
17_17_166_65_0_35_32_64_0_0_0_0_0_24_0_null_[0, 64, 2, 5, 7, 0]
18_18_166_65_0_35_32_64_0_0_0_0_0_24_0_null_[0, 64, 2, 5, 7, 0]
19_19_166_65_0_35_32_64_0_0_0_0_0_24_0_null_[0, 64, 2, 5, 7, 0]
20_20_166_65_0_35_32_64_0_0_0_0_0_24_0_null_[0, 64, 2, 5, 7, 0]
21_21_166_65_0_35_32_64_0_0_0_0_0_24_0_null_[0, 64, 2, 5, 7, 0]
22_22_166_65_0_35_32_64_0_0_0_0_0_24_0_null_[0, 64, 2, 5, 7, 0]
23_23_166_65_0_35_32_64_0_0_0_0_0_24_0_null_[0, 64, 2, 5, 7, 0]
24_24_166_65_0_35_32_64_0_0_0_0_0_24_0_null_[0, 64, 2, 5, 7, 0]
25_25_166_65_0_35_32_64_0_0_0_0_0_24_0_null_[0, 64, 2, 5, 7, 0]
26_26_166_65_0_35_32_64_0_0_0_0_0_24_0_null_[0, 64, 2, 5, 7, 0]
27_27_166_65_0_35_32_64_0_0_0_0_0_24_0_null_[0, 64, 2, 5, 7, 0]
28_28_166_65_0_35_32_64_0_0_0_0_0_24_0_null_[0, 64, 2, 5, 7, 0]
29_29_166_65_0_35_32_64_0_0_0_0_0_24_0_null_[0, 64, 2, 5, 7, 0]
30_30_166_65_0_35_32_64_0_0_0_0_0_24_0_null_[0, 64, 2, 5, 7, 0]
31_31_166_65_0_35_32_64_0_0_0_0_0_24_0_null_[0, 64, 2, 5, 7, 0]
32_32_166_65_0_35_32_64_0_0_0_0_0_24_0_null_[0, 64, 2, 5, 7, 0]
33_33_166_65_0_35_32_64_0_0_0_0_0_24_0_null_[0, 64, 2, 5, 7, 0]
34_34_166_65_0_35_32_64_0_0_0_0_0_24_0_null_[0, 64, 2, 5, 7, 0]
35_35_166_65_0_35_32_64_0_0_0_0_0_24_0_null_[0, 64, 2, 5, 7, 0]
36_36_166_65_0_35_32_64_0_0_0_0_0_24_0_null_[0, 64, 2, 5, 7, 0]
37_37_166_65_0_35_32_64_0_0_0_0_0_24_0_null_[0, 64, 2, 5, 7, 0]
38_38_166_65_0_35_32_64_0_0_0_0_0_24_0_null_[0, 64, 2, 5, 7, 0]
39_39_166_65_0_35_32_64_0_0_0_0_0_24_0_null_[0, 64, 2, 5, 7, 0]
40_40_166_65_0_35_32_64_0_0_0_0_0_24_0_null_[0, 64, 2, 5, 7, 0]
41_41_166_65_0_35_32_64_0_0_0_0_0_24_0_null_[0, 64, 2, 5, 7, 0]
42_42_166_65_0_35_32_64_0_0_0_0_0_24_0_null_[0, 64, 2, 5, 7, 0]
43_43_166_65_0_35_32_64_0_0_0_0_0_24_0_null_[0, 64, 2, 5, 7, 0]
44_44_166_65_0_35_32_64_0_0_0_0_0_24_0_null_[0, 64, 2, 5, 7, 0]
45_45_166_65_0_35_32_64_0_0_0_0_0_24_0_null_[0, 64, 2, 5, 7, 0]
46_46_166_65_0_35_32_64_0_0_0_0_0_24_0_null_[0, 64, 2, 5, 7, 0]
47_47_166_65_0_35_32_64_0_0_0_0_0_24_0_null_[0, 64, 2, 5, 7, 0]
48_48_166_65_0_35_32_64_0_0_0_0_0_24_0_null_[0, 64, 2, 5, 7, 0]
49_49_166_65_0_35_32_64_0_0_0_0_0_24_0_null_[0, 64, 2, 5, 7, 0]
50_50_166_65_0_35_32_64_0_0_0_0_0_24_0_null_[0, 64, 2, 5, 7, 0]
51_51_166_65_0_35_32_64_0_0_0_0_0_24_0_null_[0, 64, 2, 5, 7, 0]
52_52_166_65_0_35_32_64_0_0_0_0_0_24_0_null_[0, 64, 2, 5, 7, 0]
53_53_166_65_0_35_32_64_0_0_0_0_0_24_0_null_[0, 64, 2, 5, 7, 0]
54_54_166_65_0_35_32_64_0_0_0_0_0_24_0_null_[0, 64, 2, 5, 7, 0]
55_55_166_65_0_35_32_64_0_0_0_0_0_24_0_null_[0, 64, 2, 5, 7, 0]
56_56_166_65_0_35_32_64_0_0_0_0_0_24_0_null_[0, 64, 2, 5, 7, 0]
57_57_166_65_0_35_32_64_0_0_0_0_0_24_0_null_[0, 64, 2, 5, 7, 0]
58_58_166_65_0_35_32_64_0_0_0_0_0_24_0_null_[0, 64, 2, 5, 7, 0]
59_59_166_65_0_35_32_64_0_0_0_0_0_24_0_null_[0, 64, 2, 5, 7, 0]
60_60_166_65_0_35_32_64_0_0_0_0_0_24_0_null_[0, 64, 2, 5, 7, 0]
61_61_166_65_0_35_32_64_0_0_0_0_0_24_0_null_[0, 64, 2, 5, 7, 0]
62_62_166_65_0_35_32_64_0_0_0_0_0_24_0_null_[0, 64, 2, 5, 7, 0]
63_63_166_65_0_35_32_64_0_0_0_0_0_24_0_null_[0, 64, 2, 5, 7, 0]
64_64_166_65_0_35_32_64_0_0_0_0_0_24_0_null_[0, 64, 2, 5, 7, 0]
65_65_166_65_0_35_32_64_0_0_0_0_0_24_0_null_[0, 64, 2, 5, 7, 0]
66_66_166_65_0_35_32_64_0_0_0_0_0_24_0_null_[0, 64, 2, 5, 7, 0]
67_67_167_73_0_35_32_64_0_0_0_0_0_24_0_null_[0, 64, 2, 5, 7, 0]
68_68_167_73_0_35_32_64_0_0_0_0_0_24_0_null_[0, 64, 2, 5, 7, 0]
69_69_167_73_0_35_32_64_0_0_0_0_0_24_0_null_[0, 64, 2, 5, 7, 0]
70_70_167_73_0_35_32_64_0_0_0_0_0_24_0_null_[0, 64, 2, 5, 7, 0]
71_71_167_73_0_35_32_64_0_0_0_0_0_24_0_null_[0, 64, 2, 5, 7, 0]
72_72_167_73_0_35_32_64_0_0_0_0_0_24_0_null_[0, 64, 2, 5, 7, 0]
73_73_167_73_0_35_32_64_0_0_0_0_0_24_0_null_[0, 64, 2, 5, 7, 0]
74_74_167_73_0_35_32_64_0_0_0_0_0_24_0_null_[0, 64, 2, 5, 7, 0]
75_75_167_73_0_35_32_64_0_0_0_0_0_24_0_null_[0, 64, 2, 5, 7, 0]
76_76_167_73_0_35_32_64_0_0_0_0_0_24_0_null_[0, 64, 2, 5, 7, 0]
77_77_167_73_0_35_32_64_0_0_0_0_0_24_0_null_[0, 64, 2, 5, 7, 0]
78_78_167_73_0_35_32_64_0_0_0_0_0_24_0_null_[0, 64, 2, 5, 7, 0]
79_79_167_73_0_35_32_64_0_0_0_0_0_24_0_null_[0, 64, 2, 5, 7, 0]
80_80_167_73_0_35_32_64_0_0_0_0_0_24_0_null_[0, 64, 2, 5, 7, 0]
81_81_167_73_0_35_32_64_0_0_0_0_0_24_0_null_[0, 64, 2, 5, 7, 0]
82_82_167_73_0_35_32_64_0_0_0_0_0_24_0_null_[0, 64, 2, 5, 7, 0]
83_83_167_73_0_35_32_64_0_0_0_0_0_24_0_null_[0, 64, 2, 5, 7, 0]
84_84_168_85_0_35_32_64_0_0_0_0_0_24_0_null_[0, 64, 2, 5, 7, 0]
85_85_168_85_0_35_32_64_0_0_0_0_0_24_0_null_[0, 64, 2, 5, 7, 0]
86_86_168_85_0_35_32_64_0_0_0_0_0_24_0_null_[0, 64, 2, 5, 7, 0]
87_87_168_85_0_35_32_64_0_0_0_0_0_24_0_null_[0, 64, 2, 5, 7, 0]
88_88_168_85_0_35_32_64_0_0_0_0_0_24_0_null_[0, 64, 2, 5, 7, 0]
89_89_168_85_0_35_32_64_0_0_0_0_0_24_0_null_[0, 64, 2, 5, 7, 0]
90_90_168_85_0_35_32_64_0_0_0_0_0_24_0_null_[0, 64, 2, 5, 7, 0]
91_91_168_85_0_35_32_64_0_0_0_0_0_24_0_null_[0, 64, 2, 5, 7, 0]
92_92_168_85_0_35_32_64_0_0_0_0_0_24_0_null_[0, 64, 2, 5, 7, 0]
93_93_168_85_0_35_32_64_0_0_0_0_0_24_0_null_[0, 64, 2, 5, 7, 0]
94_94_168_85_0_35_32_64_0_0_0_0_0_24_0_null_[0, 64, 2, 5, 7, 0]
95_95_168_85_0_35_32_64_0_0_0_0_0_24_0_null_[0, 64, 2, 5, 7, 0]
96_96_168_85_0_35_32_64_0_0_0_0_0_24_0_null_[0, 64, 2, 5, 7, 0]
97_97_168_85_0_35_32_64_0_0_0_0_0_24_0_null_[0, 64, 2, 5, 7, 0]
98_98_168_85_0_35_32_64_0_0_0_0_0_24_0_null_[0, 64, 2, 5, 7, 0]
99_99_168_85_0_35_32_64_0_0_0_0_0_24_0_null_[0, 64, 2, 5, 7, 0]
100_100_168_85_0_35_32_64_0_0_0_0_0_24_0_null_[0, 64, 2, 5, 7, 0]
101_101_168_85_0_35_32_64_0_0_0_0_0_24_0_null_[0, 64, 2, 5, 7, 0]
102_102_168_85_0_35_32_64_0_0_0_0_0_24_0_null_[0, 64, 2, 5, 7, 0]
103_103_168_85_0_35_32_64_0_0_0_0_0_24_0_null_[0, 64, 2, 5, 7, 0]
104_104_168_85_0_35_32_64_0_0_0_0_0_24_0_null_[0, 64, 2, 5, 7, 0]
105_105_168_85_0_35_32_64_0_0_0_0_0_24_0_null_[0, 64, 2, 5, 7, 0]
106_106_168_85_0_35_32_64_0_0_0_0_0_24_0_null_[0, 64, 2, 5, 7, 0]
107_107_168_85_0_35_32_64_0_0_0_0_0_24_0_null_[0, 64, 2, 5, 7, 0]
108_108_168_85_0_35_32_64_0_0_0_0_0_24_0_null_[0, 64, 2, 5, 7, 0]
109_109_168_85_0_35_32_64_0_0_0_0_0_24_0_null_[0, 64, 2, 5, 7, 0]
110_110_168_85_0_35_32_64_0_0_0_0_0_24_0_null_[0, 64, 2, 5, 7, 0]
111_111_168_85_0_35_32_64_0_0_0_0_0_24_0_null_[0, 64, 2, 5, 7, 0]
112_112_168_85_0_35_32_64_0_0_0_0_0_24_0_null_[0, 64, 2, 5, 7, 0]
113_113_168_85_0_35_32_64_0_0_0_0_0_24_0_null_[0, 64, 2, 5, 7, 0]
114_114_168_85_0_35_32_64_0_0_0_0_0_24_0_null_[0, 64, 2, 5, 7, 0]
115_115_168_85_0_35_32_64_0_0_0_0_0_24_0_null_[0, 64, 2, 5, 7, 0]
116_116_168_85_0_35_32_64_0_0_0_0_0_24_0_null_[0, 64, 2, 5, 7, 0]
117_117_168_85_0_35_32_64_0_0_0_0_0_24_0_null_[0, 64, 2, 5, 7, 0]
118_118_168_85_0_35_32_64_0_0_0_0_0_24_0_null_[0, 64, 2, 5, 7, 0]
119_119_168_85_0_35_32_64_0_0_0_0_0_24_0_null_[0, 64, 2, 5, 7, 0]
120_120_168_85_0_35_32_64_0_0_0_0_0_24_0_null_[0, 64, 2, 5, 7, 0]
121_121_168_85_0_35_32_64_0_0_0_0_0_24_0_null_[0, 64, 2, 5, 7, 0]
122_122_168_85_0_35_32_64_0_0_0_0_0_24_0_null_[0, 64, 2, 5, 7, 0]
123_123_168_85_0_35_32_64_0_0_0_0_0_24_0_null_[0, 64, 2, 5, 7, 0]
124_124_168_85_0_35_32_64_0_0_0_0_0_24_0_null_[0, 64, 2, 5, 7, 0]
125_125_168_85_0_35_32_64_0_0_0_0_0_24_0_null_[0, 64, 2, 5, 7, 0]
126_126_168_85_0_35_32_64_0_0_0_0_0_24_0_null_[0, 64, 2, 5, 7, 0]
127_127_168_85_0_35_32_64_0_0_0_0_0_24_0_null_[0, 64, 2, 5, 7, 0]
