0_0_632_60_0_36_32_64_0_0_0_0_0_24_0_null_[0, 64, 2, 5, 7, 0]
1_1_632_60_0_36_32_64_0_0_0_0_0_24_0_null_[0, 64, 2, 5, 7, 0]
2_2_632_60_0_36_32_64_0_0_0_0_0_24_0_null_[0, 64, 2, 5, 7, 0]
3_3_632_60_0_36_32_64_0_0_0_0_0_24_0_null_[0, 64, 2, 5, 7, 0]
4_4_632_60_0_36_32_64_0_0_0_0_0_24_0_null_[0, 64, 2, 5, 7, 0]
5_5_632_60_0_36_32_64_0_0_0_0_0_24_0_null_[0, 64, 2, 5, 7, 0]
6_6_632_60_0_36_32_64_0_0_0_0_0_24_0_null_[0, 64, 2, 5, 7, 0]
7_7_632_60_0_36_32_64_0_0_0_0_0_24_0_null_[0, 64, 2, 5, 7, 0]
8_8_632_60_0_36_32_64_0_0_0_0_0_24_0_null_[0, 64, 2, 5, 7, 0]
9_9_632_60_0_36_32_64_0_0_0_0_0_24_0_null_[0, 64, 2, 5, 7, 0]
10_10_632_60_0_36_32_64_0_0_0_0_0_24_0_null_[0, 64, 2, 5, 7, 0]
11_11_632_60_0_36_32_64_0_0_0_0_0_24_0_null_[0, 64, 2, 5, 7, 0]
12_12_632_60_0_36_32_64_0_0_0_0_0_24_0_null_[0, 64, 2, 5, 7, 0]
13_13_632_60_0_36_32_64_0_0_0_0_0_24_0_null_[0, 64, 2, 5, 7, 0]
14_14_632_60_0_36_32_64_0_0_0_0_0_24_0_null_[0, 64, 2, 5, 7, 0]
15_15_632_60_0_36_32_64_0_0_0_0_0_24_0_null_[0, 64, 2, 5, 7, 0]
16_16_632_60_0_36_32_64_0_0_0_0_0_24_0_null_[0, 64, 2, 5, 7, 0]
17_17_632_60_0_36_32_64_0_0_0_0_0_24_0_null_[0, 64, 2, 5, 7, 0]
18_18_632_60_0_36_32_64_0_0_0_0_0_24_0_null_[0, 64, 2, 5, 7, 0]
19_19_632_60_0_36_32_64_0_0_0_0_0_24_0_null_[0, 64, 2, 5, 7, 0]
20_20_632_60_0_36_32_64_0_0_0_0_0_24_0_null_[0, 64, 2, 5, 7, 0]
21_21_632_60_0_36_32_64_0_0_0_0_0_24_0_null_[0, 64, 2, 5, 7, 0]
22_22_632_60_0_36_32_64_0_0_0_0_0_24_0_null_[0, 64, 2, 5, 7, 0]
23_23_632_60_0_36_32_64_0_0_0_0_0_24_0_null_[0, 64, 2, 5, 7, 0]
24_24_632_60_0_36_32_64_0_0_0_0_0_24_0_null_[0, 64, 2, 5, 7, 0]
25_25_632_60_0_36_32_64_0_0_0_0_0_24_0_null_[0, 64, 2, 5, 7, 0]
26_26_632_60_0_36_32_64_0_0_0_0_0_24_0_null_[0, 64, 2, 5, 7, 0]
27_27_632_60_0_36_32_64_0_0_0_0_0_24_0_null_[0, 64, 2, 5, 7, 0]
28_28_632_60_0_36_32_64_0_0_0_0_0_24_0_null_[0, 64, 2, 5, 7, 0]
29_29_632_60_0_36_32_64_0_0_0_0_0_24_0_null_[0, 64, 2, 5, 7, 0]
30_30_632_60_0_36_32_64_0_0_0_0_0_24_0_null_[0, 64, 2, 5, 7, 0]
31_31_632_60_0_36_32_64_0_0_0_0_0_24_0_null_[0, 64, 2, 5, 7, 0]
32_32_632_60_0_36_32_64_0_0_0_0_0_24_0_null_[0, 64, 2, 5, 7, 0]
33_33_632_60_0_36_32_64_0_0_0_0_0_24_0_null_[0, 64, 2, 5, 7, 0]
34_34_632_60_0_36_32_64_0_0_0_0_0_24_0_null_[0, 64, 2, 5, 7, 0]
35_35_632_60_0_36_32_64_0_0_0_0_0_24_0_null_[0, 64, 2, 5, 7, 0]
36_36_632_60_0_36_32_64_0_0_0_0_0_24_0_null_[0, 64, 2, 5, 7, 0]
37_37_632_60_0_36_32_64_0_0_0_0_0_24_0_null_[0, 64, 2, 5, 7, 0]
38_38_632_60_0_36_32_64_0_0_0_0_0_24_0_null_[0, 64, 2, 5, 7, 0]
39_39_632_60_0_36_32_64_0_0_0_0_0_24_0_null_[0, 64, 2, 5, 7, 0]
40_40_632_60_0_36_32_64_0_0_0_0_0_24_0_null_[0, 64, 2, 5, 7, 0]
41_41_632_60_0_36_32_64_0_0_0_0_0_24_0_null_[0, 64, 2, 5, 7, 0]
42_42_632_60_0_36_32_64_0_0_0_0_0_24_0_null_[0, 64, 2, 5, 7, 0]
43_43_632_60_0_36_32_64_0_0_0_0_0_24_0_null_[0, 64, 2, 5, 7, 0]
44_44_632_60_0_36_32_64_0_0_0_0_0_24_0_null_[0, 64, 2, 5, 7, 0]
45_45_632_60_0_36_32_64_0_0_0_0_0_24_0_null_[0, 64, 2, 5, 7, 0]
46_46_632_60_0_36_32_64_0_0_0_0_0_24_0_null_[0, 64, 2, 5, 7, 0]
47_47_632_60_0_36_32_64_0_0_0_0_0_24_0_null_[0, 64, 2, 5, 7, 0]
48_48_632_60_0_36_32_64_0_0_0_0_0_24_0_null_[0, 64, 2, 5, 7, 0]
49_49_632_60_0_36_32_64_0_0_0_0_0_24_0_null_[0, 64, 2, 5, 7, 0]
50_50_632_60_0_36_32_64_0_0_0_0_0_24_0_null_[0, 64, 2, 5, 7, 0]
51_51_632_60_0_36_32_64_0_0_0_0_0_24_0_null_[0, 64, 2, 5, 7, 0]
52_52_632_60_0_36_32_64_0_0_0_0_0_24_0_null_[0, 64, 2, 5, 7, 0]
53_53_632_60_0_36_32_64_0_0_0_0_0_24_0_null_[0, 64, 2, 5, 7, 0]
54_54_632_60_0_36_32_64_0_0_0_0_0_24_0_null_[0, 64, 2, 5, 7, 0]
55_55_632_60_0_36_32_64_0_0_0_0_0_24_0_null_[0, 64, 2, 5, 7, 0]
56_56_632_60_0_36_32_64_0_0_0_0_0_24_0_null_[0, 64, 2, 5, 7, 0]
57_57_632_60_0_36_32_64_0_0_0_0_0_24_0_null_[0, 64, 2, 5, 7, 0]
58_58_632_60_0_36_32_64_0_0_0_0_0_24_0_null_[0, 64, 2, 5, 7, 0]
59_59_632_60_0_36_32_64_0_0_0_0_0_24_0_null_[0, 64, 2, 5, 7, 0]
60_60_632_60_0_36_32_64_0_0_0_0_0_24_0_null_[0, 64, 2, 5, 7, 0]
61_61_632_60_0_36_32_64_0_0_0_0_0_24_0_null_[0, 64, 2, 5, 7, 0]
62_62_632_60_0_36_32_64_0_0_0_0_0_24_0_null_[0, 64, 2, 5, 7, 0]
63_63_632_60_0_36_32_64_0_0_0_0_0_24_0_null_[0, 64, 2, 5, 7, 0]
64_64_632_60_0_36_32_64_0_0_0_0_0_24_0_null_[0, 64, 2, 5, 7, 0]
65_65_604_67_0_36_32_64_0_0_0_0_0_24_0_null_[0, 64, 2, 5, 7, 0]
66_66_604_67_0_36_32_64_0_0_0_0_0_24_0_null_[0, 64, 2, 5, 7, 0]
67_67_604_67_0_36_32_64_0_0_0_0_0_24_0_null_[0, 64, 2, 5, 7, 0]
68_68_604_67_0_36_32_64_0_0_0_0_0_24_0_null_[0, 64, 2, 5, 7, 0]
69_69_604_67_0_36_32_64_0_0_0_0_0_24_0_null_[0, 64, 2, 5, 7, 0]
70_70_604_67_0_36_32_64_0_0_0_0_0_24_0_null_[0, 64, 2, 5, 7, 0]
71_71_604_67_0_36_32_64_0_0_0_0_0_24_0_null_[0, 64, 2, 5, 7, 0]
72_72_604_67_0_36_32_64_0_0_0_0_0_24_0_null_[0, 64, 2, 5, 7, 0]
73_73_604_67_0_36_32_64_0_0_0_0_0_24_0_null_[0, 64, 2, 5, 7, 0]
74_74_604_67_0_36_32_64_0_0_0_0_0_24_0_null_[0, 64, 2, 5, 7, 0]
75_75_604_67_0_36_32_64_0_0_0_0_0_24_0_null_[0, 64, 2, 5, 7, 0]
76_76_604_67_0_36_32_64_0_0_0_0_0_24_0_null_[0, 64, 2, 5, 7, 0]
77_77_604_67_0_36_32_64_0_0_0_0_0_24_0_null_[0, 64, 2, 5, 7, 0]
78_78_604_67_0_36_32_64_0_0_0_0_0_24_0_null_[0, 64, 2, 5, 7, 0]
79_79_604_67_0_36_32_64_0_0_0_0_0_24_0_null_[0, 64, 2, 5, 7, 0]
80_80_604_67_0_36_32_64_0_0_0_0_0_24_0_null_[0, 64, 2, 5, 7, 0]
81_81_604_67_0_36_32_64_0_0_0_0_0_24_0_null_[0, 64, 2, 5, 7, 0]
82_82_604_67_0_36_32_64_0_0_0_0_0_24_0_null_[0, 64, 2, 5, 7, 0]
83_83_604_67_0_36_32_64_0_0_0_0_0_24_0_null_[0, 64, 2, 5, 7, 0]
84_84_604_67_0_36_32_64_0_0_0_0_0_24_0_null_[0, 64, 2, 5, 7, 0]
85_85_604_67_0_36_32_64_0_0_0_0_0_24_0_null_[0, 64, 2, 5, 7, 0]
86_86_604_67_0_36_32_64_0_0_0_0_0_24_0_null_[0, 64, 2, 5, 7, 0]
87_87_604_67_0_36_32_64_0_0_0_0_0_24_0_null_[0, 64, 2, 5, 7, 0]
88_88_604_67_0_36_32_64_0_0_0_0_0_24_0_null_[0, 64, 2, 5, 7, 0]
89_89_604_67_0_36_32_64_0_0_0_0_0_24_0_null_[0, 64, 2, 5, 7, 0]
90_90_604_67_0_36_32_64_0_0_0_0_0_24_0_null_[0, 64, 2, 5, 7, 0]
91_91_604_67_0_36_32_64_0_0_0_0_0_24_0_null_[0, 64, 2, 5, 7, 0]
92_92_604_67_0_36_32_64_0_0_0_0_0_24_0_null_[0, 64, 2, 5, 7, 0]
93_93_604_67_0_36_32_64_0_0_0_0_0_24_0_null_[0, 64, 2, 5, 7, 0]
94_94_604_67_0_36_32_64_0_0_0_0_0_24_0_null_[0, 64, 2, 5, 7, 0]
95_95_604_67_0_36_32_64_0_0_0_0_0_24_0_null_[0, 64, 2, 5, 7, 0]
96_96_604_67_0_36_32_64_0_0_0_0_0_24_0_null_[0, 64, 2, 5, 7, 0]
97_97_604_67_0_36_32_64_0_0_0_0_0_24_0_null_[0, 64, 2, 5, 7, 0]
98_98_604_67_0_36_32_64_0_0_0_0_0_24_0_null_[0, 64, 2, 5, 7, 0]
99_99_604_67_0_36_32_64_0_0_0_0_0_24_0_null_[0, 64, 2, 5, 7, 0]
100_100_604_67_0_36_32_64_0_0_0_0_0_24_0_null_[0, 64, 2, 5, 7, 0]
101_101_604_67_0_36_32_64_0_0_0_0_0_24_0_null_[0, 64, 2, 5, 7, 0]
102_102_604_67_0_36_32_64_0_0_0_0_0_24_0_null_[0, 64, 2, 5, 7, 0]
103_103_604_67_0_36_32_64_0_0_0_0_0_24_0_null_[0, 64, 2, 5, 7, 0]
104_104_604_67_0_36_32_64_0_0_0_0_0_24_0_null_[0, 64, 2, 5, 7, 0]
105_105_604_67_0_36_32_64_0_0_0_0_0_24_0_null_[0, 64, 2, 5, 7, 0]
106_106_604_67_0_36_32_64_0_0_0_0_0_24_0_null_[0, 64, 2, 5, 7, 0]
107_107_604_67_0_36_32_64_0_0_0_0_0_24_0_null_[0, 64, 2, 5, 7, 0]
108_108_604_67_0_36_32_64_0_0_0_0_0_24_0_null_[0, 64, 2, 5, 7, 0]
109_109_604_67_0_36_32_64_0_0_0_0_0_24_0_null_[0, 64, 2, 5, 7, 0]
110_110_604_67_0_36_32_64_0_0_0_0_0_24_0_null_[0, 64, 2, 5, 7, 0]
111_111_604_67_0_36_32_64_0_0_0_0_0_24_0_null_[0, 64, 2, 5, 7, 0]
112_112_604_67_0_36_32_64_0_0_0_0_0_24_0_null_[0, 64, 2, 5, 7, 0]
113_113_604_67_0_36_32_64_0_0_0_0_0_24_0_null_[0, 64, 2, 5, 7, 0]
114_114_604_67_0_36_32_64_0_0_0_0_0_24_0_null_[0, 64, 2, 5, 7, 0]
115_115_604_67_0_36_32_64_0_0_0_0_0_24_0_null_[0, 64, 2, 5, 7, 0]
116_116_604_67_0_36_32_64_0_0_0_0_0_24_0_null_[0, 64, 2, 5, 7, 0]
117_117_604_67_0_36_32_64_0_0_0_0_0_24_0_null_[0, 64, 2, 5, 7, 0]
118_118_604_67_0_36_32_64_0_0_0_0_0_24_0_null_[0, 64, 2, 5, 7, 0]
119_119_604_67_0_36_32_64_0_0_0_0_0_24_0_null_[0, 64, 2, 5, 7, 0]
120_120_604_67_0_36_32_64_0_0_0_0_0_24_0_null_[0, 64, 2, 5, 7, 0]
121_121_604_67_0_36_32_64_0_0_0_0_0_24_0_null_[0, 64, 2, 5, 7, 0]
122_122_604_67_0_36_32_64_0_0_0_0_0_24_0_null_[0, 64, 2, 5, 7, 0]
123_123_604_67_0_36_32_64_0_0_0_0_0_24_0_null_[0, 64, 2, 5, 7, 0]
124_124_604_67_0_36_32_64_0_0_0_0_0_24_0_null_[0, 64, 2, 5, 7, 0]
125_125_604_67_0_36_32_64_0_0_0_0_0_24_0_null_[0, 64, 2, 5, 7, 0]
126_126_604_67_0_36_32_64_0_0_0_0_0_24_0_null_[0, 64, 2, 5, 7, 0]
127_127_604_67_0_36_32_64_0_0_0_0_0_24_0_null_[0, 64, 2, 5, 7, 0]
