0_0_393_48_0_36_32_64_0_0_0_0_0_24_0_null_[0, 64, 2, 5, 7, 0]
1_1_393_48_0_36_32_64_0_0_0_0_0_24_0_null_[0, 64, 2, 5, 7, 0]
2_2_393_48_0_36_32_64_0_0_0_0_0_24_0_null_[0, 64, 2, 5, 7, 0]
3_3_393_48_0_36_32_64_0_0_0_0_0_24_0_null_[0, 64, 2, 5, 7, 0]
4_4_393_48_0_36_32_64_0_0_0_0_0_24_0_null_[0, 64, 2, 5, 7, 0]
5_5_393_48_0_36_32_64_0_0_0_0_0_24_0_null_[0, 64, 2, 5, 7, 0]
6_6_393_48_0_36_32_64_0_0_0_0_0_24_0_null_[0, 64, 2, 5, 7, 0]
7_7_393_48_0_36_32_64_0_0_0_0_0_24_0_null_[0, 64, 2, 5, 7, 0]
8_8_393_48_0_36_32_64_0_0_0_0_0_24_0_null_[0, 64, 2, 5, 7, 0]
9_9_393_48_0_36_32_64_0_0_0_0_0_24_0_null_[0, 64, 2, 5, 7, 0]
10_10_393_48_0_36_32_64_0_0_0_0_0_24_0_null_[0, 64, 2, 5, 7, 0]
11_11_393_48_0_36_32_64_0_0_0_0_0_24_0_null_[0, 64, 2, 5, 7, 0]
12_12_393_48_0_36_32_64_0_0_0_0_0_24_0_null_[0, 64, 2, 5, 7, 0]
13_13_393_48_0_36_32_64_0_0_0_0_0_24_0_null_[0, 64, 2, 5, 7, 0]
14_14_393_48_0_36_32_64_0_0_0_0_0_24_0_null_[0, 64, 2, 5, 7, 0]
15_15_393_48_0_36_32_64_0_0_0_0_0_24_0_null_[0, 64, 2, 5, 7, 0]
16_16_393_48_0_36_32_64_0_0_0_0_0_24_0_null_[0, 64, 2, 5, 7, 0]
17_17_393_48_0_36_32_64_0_0_0_0_0_24_0_null_[0, 64, 2, 5, 7, 0]
18_18_393_48_0_36_32_64_0_0_0_0_0_24_0_null_[0, 64, 2, 5, 7, 0]
19_19_393_48_0_36_32_64_0_0_0_0_0_24_0_null_[0, 64, 2, 5, 7, 0]
20_20_393_48_0_36_32_64_0_0_0_0_0_24_0_null_[0, 64, 2, 5, 7, 0]
21_21_393_48_0_36_32_64_0_0_0_0_0_24_0_null_[0, 64, 2, 5, 7, 0]
22_22_393_48_0_36_32_64_0_0_0_0_0_24_0_null_[0, 64, 2, 5, 7, 0]
23_23_393_48_0_36_32_64_0_0_0_0_0_24_0_null_[0, 64, 2, 5, 7, 0]
24_24_393_48_0_36_32_64_0_0_0_0_0_24_0_null_[0, 64, 2, 5, 7, 0]
25_25_393_48_0_36_32_64_0_0_0_0_0_24_0_null_[0, 64, 2, 5, 7, 0]
26_26_393_48_0_36_32_64_0_0_0_0_0_24_0_null_[0, 64, 2, 5, 7, 0]
27_27_393_48_0_36_32_64_0_0_0_0_0_24_0_null_[0, 64, 2, 5, 7, 0]
28_28_393_48_0_36_32_64_0_0_0_0_0_24_0_null_[0, 64, 2, 5, 7, 0]
29_29_393_48_0_36_32_64_0_0_0_0_0_24_0_null_[0, 64, 2, 5, 7, 0]
30_30_393_48_0_36_32_64_0_0_0_0_0_24_0_null_[0, 64, 2, 5, 7, 0]
31_31_393_48_0_36_32_64_0_0_0_0_0_24_0_null_[0, 64, 2, 5, 7, 0]
32_32_393_48_0_36_32_64_0_0_0_0_0_24_0_null_[0, 64, 2, 5, 7, 0]
33_33_393_48_0_36_32_64_0_0_0_0_0_24_0_null_[0, 64, 2, 5, 7, 0]
34_34_393_48_0_36_32_64_0_0_0_0_0_24_0_null_[0, 64, 2, 5, 7, 0]
35_35_393_48_0_36_32_64_0_0_0_0_0_24_0_null_[0, 64, 2, 5, 7, 0]
36_36_393_48_0_36_32_64_0_0_0_0_0_24_0_null_[0, 64, 2, 5, 7, 0]
37_37_393_48_0_36_32_64_0_0_0_0_0_24_0_null_[0, 64, 2, 5, 7, 0]
38_38_393_48_0_36_32_64_0_0_0_0_0_24_0_null_[0, 64, 2, 5, 7, 0]
39_39_393_48_0_36_32_64_0_0_0_0_0_24_0_null_[0, 64, 2, 5, 7, 0]
40_40_393_48_0_36_32_64_0_0_0_0_0_24_0_null_[0, 64, 2, 5, 7, 0]
41_41_393_48_0_36_32_64_0_0_0_0_0_24_0_null_[0, 64, 2, 5, 7, 0]
42_42_393_48_0_36_32_64_0_0_0_0_0_24_0_null_[0, 64, 2, 5, 7, 0]
43_43_393_48_0_36_32_64_0_0_0_0_0_24_0_null_[0, 64, 2, 5, 7, 0]
44_44_393_48_0_36_32_64_0_0_0_0_0_24_0_null_[0, 64, 2, 5, 7, 0]
45_45_393_48_0_36_32_64_0_0_0_0_0_24_0_null_[0, 64, 2, 5, 7, 0]
46_46_393_48_0_36_32_64_0_0_0_0_0_24_0_null_[0, 64, 2, 5, 7, 0]
47_47_393_48_0_36_32_64_0_0_0_0_0_24_0_null_[0, 64, 2, 5, 7, 0]
48_48_393_48_0_36_32_64_0_0_0_0_0_24_0_null_[0, 64, 2, 5, 7, 0]
49_49_393_48_0_36_32_64_0_0_0_0_0_24_0_null_[0, 64, 2, 5, 7, 0]
50_50_393_48_0_36_32_64_0_0_0_0_0_24_0_null_[0, 64, 2, 5, 7, 0]
51_51_393_48_0_36_32_64_0_0_0_0_0_24_0_null_[0, 64, 2, 5, 7, 0]
52_52_393_48_0_36_32_64_0_0_0_0_0_24_0_null_[0, 64, 2, 5, 7, 0]
53_53_393_48_0_36_32_64_0_0_0_0_0_24_0_null_[0, 64, 2, 5, 7, 0]
54_54_393_48_0_36_32_64_0_0_0_0_0_24_0_null_[0, 64, 2, 5, 7, 0]
55_55_393_48_0_36_32_64_0_0_0_0_0_24_0_null_[0, 64, 2, 5, 7, 0]
56_56_457_60_0_36_32_64_0_0_0_0_0_24_0_null_[0, 64, 2, 5, 7, 0]
57_57_457_60_0_36_32_64_0_0_0_0_0_24_0_null_[0, 64, 2, 5, 7, 0]
58_58_457_60_0_36_32_64_0_0_0_0_0_24_0_null_[0, 64, 2, 5, 7, 0]
59_59_457_60_0_36_32_64_0_0_0_0_0_24_0_null_[0, 64, 2, 5, 7, 0]
60_60_457_60_0_36_32_64_0_0_0_0_0_24_0_null_[0, 64, 2, 5, 7, 0]
61_61_457_60_0_36_32_64_0_0_0_0_0_24_0_null_[0, 64, 2, 5, 7, 0]
62_62_457_60_0_36_32_64_0_0_0_0_0_24_0_null_[0, 64, 2, 5, 7, 0]
63_63_457_60_0_36_32_64_0_0_0_0_0_24_0_null_[0, 64, 2, 5, 7, 0]
64_64_457_60_0_36_32_64_0_0_0_0_0_24_0_null_[0, 64, 2, 5, 7, 0]
65_65_457_60_0_36_32_64_0_0_0_0_0_24_0_null_[0, 64, 2, 5, 7, 0]
66_66_457_60_0_36_32_64_0_0_0_0_0_24_0_null_[0, 64, 2, 5, 7, 0]
67_67_457_60_0_36_32_64_0_0_0_0_0_24_0_null_[0, 64, 2, 5, 7, 0]
68_68_529_72_0_36_32_64_0_0_0_0_0_24_0_null_[0, 64, 2, 5, 7, 0]
69_69_529_72_0_36_32_64_0_0_0_0_0_24_0_null_[0, 64, 2, 5, 7, 0]
70_70_529_72_0_36_32_64_0_0_0_0_0_24_0_null_[0, 64, 2, 5, 7, 0]
71_71_529_72_0_36_32_64_0_0_0_0_0_24_0_null_[0, 64, 2, 5, 7, 0]
72_72_529_72_0_36_32_64_0_0_0_0_0_24_0_null_[0, 64, 2, 5, 7, 0]
73_73_529_72_0_36_32_64_0_0_0_0_0_24_0_null_[0, 64, 2, 5, 7, 0]
74_74_529_72_0_36_32_64_0_0_0_0_0_24_0_null_[0, 64, 2, 5, 7, 0]
75_75_529_72_0_36_32_64_0_0_0_0_0_24_0_null_[0, 64, 2, 5, 7, 0]
76_76_529_72_0_36_32_64_0_0_0_0_0_24_0_null_[0, 64, 2, 5, 7, 0]
77_77_529_72_0_36_32_64_0_0_0_0_0_24_0_null_[0, 64, 2, 5, 7, 0]
78_78_529_72_0_36_32_64_0_0_0_0_0_24_0_null_[0, 64, 2, 5, 7, 0]
79_79_529_72_0_36_32_64_0_0_0_0_0_24_0_null_[0, 64, 2, 5, 7, 0]
80_80_454_84_0_36_32_64_0_0_0_0_0_24_0_null_[0, 64, 2, 5, 7, 0]
81_81_454_84_0_36_32_64_0_0_0_0_0_24_0_null_[0, 64, 2, 5, 7, 0]
82_82_454_84_0_36_32_64_0_0_0_0_0_24_0_null_[0, 64, 2, 5, 7, 0]
83_83_454_84_0_36_32_64_0_0_0_0_0_24_0_null_[0, 64, 2, 5, 7, 0]
84_84_454_84_0_36_32_64_0_0_0_0_0_24_0_null_[0, 64, 2, 5, 7, 0]
85_85_454_84_0_36_32_64_0_0_0_0_0_24_0_null_[0, 64, 2, 5, 7, 0]
86_86_454_84_0_36_32_64_0_0_0_0_0_24_0_null_[0, 64, 2, 5, 7, 0]
87_87_454_84_0_36_32_64_0_0_0_0_0_24_0_null_[0, 64, 2, 5, 7, 0]
88_88_454_84_0_36_32_64_0_0_0_0_0_24_0_null_[0, 64, 2, 5, 7, 0]
89_89_454_84_0_36_32_64_0_0_0_0_0_24_0_null_[0, 64, 2, 5, 7, 0]
90_90_454_84_0_36_32_64_0_0_0_0_0_24_0_null_[0, 64, 2, 5, 7, 0]
91_91_454_84_0_36_32_64_0_0_0_0_0_24_0_null_[0, 64, 2, 5, 7, 0]
92_92_454_84_0_36_32_64_0_0_0_0_0_24_0_null_[0, 64, 2, 5, 7, 0]
93_93_454_84_0_36_32_64_0_0_0_0_0_24_0_null_[0, 64, 2, 5, 7, 0]
94_94_454_84_0_36_32_64_0_0_0_0_0_24_0_null_[0, 64, 2, 5, 7, 0]
95_95_454_84_0_36_32_64_0_0_0_0_0_24_0_null_[0, 64, 2, 5, 7, 0]
96_96_454_84_0_36_32_64_0_0_0_0_0_24_0_null_[0, 64, 2, 5, 7, 0]
97_97_454_84_0_36_32_64_0_0_0_0_0_24_0_null_[0, 64, 2, 5, 7, 0]
98_98_454_84_0_36_32_64_0_0_0_0_0_24_0_null_[0, 64, 2, 5, 7, 0]
99_99_454_84_0_36_32_64_0_0_0_0_0_24_0_null_[0, 64, 2, 5, 7, 0]
100_100_454_84_0_36_32_64_0_0_0_0_0_24_0_null_[0, 64, 2, 5, 7, 0]
101_101_454_84_0_36_32_64_0_0_0_0_0_24_0_null_[0, 64, 2, 5, 7, 0]
102_102_454_84_0_36_32_64_0_0_0_0_0_24_0_null_[0, 64, 2, 5, 7, 0]
103_103_454_84_0_36_32_64_0_0_0_0_0_24_0_null_[0, 64, 2, 5, 7, 0]
104_104_454_84_0_36_32_64_0_0_0_0_0_24_0_null_[0, 64, 2, 5, 7, 0]
105_105_454_84_0_36_32_64_0_0_0_0_0_24_0_null_[0, 64, 2, 5, 7, 0]
106_106_454_84_0_36_32_64_0_0_0_0_0_24_0_null_[0, 64, 2, 5, 7, 0]
107_107_454_84_0_36_32_64_0_0_0_0_0_24_0_null_[0, 64, 2, 5, 7, 0]
108_108_454_84_0_36_32_64_0_0_0_0_0_24_0_null_[0, 64, 2, 5, 7, 0]
109_109_454_84_0_36_32_64_0_0_0_0_0_24_0_null_[0, 64, 2, 5, 7, 0]
110_110_454_84_0_36_32_64_0_0_0_0_0_24_0_null_[0, 64, 2, 5, 7, 0]
111_111_454_84_0_36_32_64_0_0_0_0_0_24_0_null_[0, 64, 2, 5, 7, 0]
112_112_454_84_0_36_32_64_0_0_0_0_0_24_0_null_[0, 64, 2, 5, 7, 0]
113_113_454_84_0_36_32_64_0_0_0_0_0_24_0_null_[0, 64, 2, 5, 7, 0]
114_114_454_84_0_36_32_64_0_0_0_0_0_24_0_null_[0, 64, 2, 5, 7, 0]
115_115_454_84_0_36_32_64_0_0_0_0_0_24_0_null_[0, 64, 2, 5, 7, 0]
116_116_454_84_0_36_32_64_0_0_0_0_0_24_0_null_[0, 64, 2, 5, 7, 0]
117_117_454_84_0_36_32_64_0_0_0_0_0_24_0_null_[0, 64, 2, 5, 7, 0]
118_118_454_84_0_36_32_64_0_0_0_0_0_24_0_null_[0, 64, 2, 5, 7, 0]
119_119_454_84_0_36_32_64_0_0_0_0_0_24_0_null_[0, 64, 2, 5, 7, 0]
120_120_454_84_0_36_32_64_0_0_0_0_0_24_0_null_[0, 64, 2, 5, 7, 0]
121_121_454_84_0_36_32_64_0_0_0_0_0_24_0_null_[0, 64, 2, 5, 7, 0]
122_122_454_84_0_36_32_64_0_0_0_0_0_24_0_null_[0, 64, 2, 5, 7, 0]
123_123_454_84_0_36_32_64_0_0_0_0_0_24_0_null_[0, 64, 2, 5, 7, 0]
124_124_454_84_0_36_32_64_0_0_0_0_0_24_0_null_[0, 64, 2, 5, 7, 0]
125_125_454_84_0_36_32_64_0_0_0_0_0_24_0_null_[0, 64, 2, 5, 7, 0]
126_126_454_84_0_36_32_64_0_0_0_0_0_24_0_null_[0, 64, 2, 5, 7, 0]
127_127_454_84_0_36_32_64_0_0_0_0_0_24_0_null_[0, 64, 2, 5, 7, 0]
