0_0_381_36_0_36_21_64_0_0_0_0_0_24_0_null_[0, 64, 2, 5, 7, 0]
1_1_381_36_0_36_21_64_0_0_0_0_0_24_0_null_[0, 64, 2, 5, 7, 0]
2_2_381_36_0_36_21_64_0_0_0_0_0_24_0_null_[0, 64, 2, 5, 7, 0]
3_3_381_36_0_36_21_64_0_0_0_0_0_24_0_null_[0, 64, 2, 5, 7, 0]
4_4_381_36_0_36_21_64_0_0_0_0_0_24_0_null_[0, 64, 2, 5, 7, 0]
5_5_381_36_0_36_21_64_0_0_0_0_0_24_0_null_[0, 64, 2, 5, 7, 0]
6_6_381_36_0_36_21_64_0_0_0_0_0_24_0_null_[0, 64, 2, 5, 7, 0]
7_7_381_36_0_36_21_64_0_0_0_0_0_24_0_null_[0, 64, 2, 5, 7, 0]
8_8_381_36_0_36_21_64_0_0_0_0_0_24_0_null_[0, 64, 2, 5, 7, 0]
9_9_381_36_0_36_21_64_0_0_0_0_0_24_0_null_[0, 64, 2, 5, 7, 0]
10_10_381_36_0_36_21_64_0_0_0_0_0_24_0_null_[0, 64, 2, 5, 7, 0]
11_11_381_36_0_36_21_64_0_0_0_0_0_24_0_null_[0, 64, 2, 5, 7, 0]
12_12_381_36_0_36_21_64_0_0_0_0_0_24_0_null_[0, 64, 2, 5, 7, 0]
13_13_381_36_0_36_21_64_0_0_0_0_0_24_0_null_[0, 64, 2, 5, 7, 0]
14_14_381_36_0_36_21_64_0_0_0_0_0_24_0_null_[0, 64, 2, 5, 7, 0]
15_15_381_36_0_36_21_64_0_0_0_0_0_24_0_null_[0, 64, 2, 5, 7, 0]
16_16_381_36_0_36_21_64_0_0_0_0_0_24_0_null_[0, 64, 2, 5, 7, 0]
17_17_381_36_0_36_21_64_0_0_0_0_0_24_0_null_[0, 64, 2, 5, 7, 0]
18_18_381_36_0_36_21_64_0_0_0_0_0_24_0_null_[0, 64, 2, 5, 7, 0]
19_19_381_36_0_36_21_64_0_0_0_0_0_24_0_null_[0, 64, 2, 5, 7, 0]
20_20_381_36_0_36_21_64_0_0_0_0_0_24_0_null_[0, 64, 2, 5, 7, 0]
21_21_381_36_0_36_21_64_0_0_0_0_0_24_0_null_[0, 64, 2, 5, 7, 0]
22_22_381_36_0_36_21_64_0_0_0_0_0_24_0_null_[0, 64, 2, 5, 7, 0]
23_23_381_36_0_36_21_64_0_0_0_0_0_24_0_null_[0, 64, 2, 5, 7, 0]
24_24_381_36_0_36_21_64_0_0_0_0_0_24_0_null_[0, 64, 2, 5, 7, 0]
25_25_381_36_0_36_21_64_0_0_0_0_0_24_0_null_[0, 64, 2, 5, 7, 0]
26_26_381_36_0_36_21_64_0_0_0_0_0_24_0_null_[0, 64, 2, 5, 7, 0]
27_27_381_36_0_36_21_64_0_0_0_0_0_24_0_null_[0, 64, 2, 5, 7, 0]
28_28_381_36_0_36_21_64_0_0_0_0_0_24_0_null_[0, 64, 2, 5, 7, 0]
29_29_381_36_0_36_21_64_0_0_0_0_0_24_0_null_[0, 64, 2, 5, 7, 0]
30_30_381_36_0_36_21_64_0_0_0_0_0_24_0_null_[0, 64, 2, 5, 7, 0]
31_31_381_36_0_36_21_64_0_0_0_0_0_24_0_null_[0, 64, 2, 5, 7, 0]
32_32_381_36_0_36_21_64_0_0_0_0_0_24_0_null_[0, 64, 2, 5, 7, 0]
33_33_381_36_0_36_21_64_0_0_0_0_0_24_0_null_[0, 64, 2, 5, 7, 0]
34_34_381_36_0_36_21_64_0_0_0_0_0_24_0_null_[0, 64, 2, 5, 7, 0]
35_35_381_36_0_36_21_64_0_0_0_0_0_24_0_null_[0, 64, 2, 5, 7, 0]
36_36_381_36_0_36_32_64_0_0_0_0_0_24_0_null_[0, 64, 2, 5, 7, 0]
37_37_381_36_0_36_32_64_0_0_0_0_0_24_0_null_[0, 64, 2, 5, 7, 0]
38_38_381_36_0_36_32_64_0_0_0_0_0_24_0_null_[0, 64, 2, 5, 7, 0]
39_39_381_36_0_36_32_64_0_0_0_0_0_24_0_null_[0, 64, 2, 5, 7, 0]
40_40_381_36_0_36_32_64_0_0_0_0_0_24_0_null_[0, 64, 2, 5, 7, 0]
41_41_381_36_0_36_32_64_0_0_0_0_0_24_0_null_[0, 64, 2, 5, 7, 0]
42_42_381_36_0_36_32_64_0_0_0_0_0_24_0_null_[0, 64, 2, 5, 7, 0]
43_43_381_36_0_36_32_64_0_0_0_0_0_24_0_null_[0, 64, 2, 5, 7, 0]
44_44_571_48_0_36_32_64_0_0_0_0_0_24_0_null_[0, 64, 2, 5, 7, 0]
45_45_571_48_0_36_32_64_0_0_0_0_0_24_0_null_[0, 64, 2, 5, 7, 0]
46_46_571_48_0_36_32_64_0_0_0_0_0_24_0_null_[0, 64, 2, 5, 7, 0]
47_47_571_48_0_36_32_64_0_0_0_0_0_24_0_null_[0, 64, 2, 5, 7, 0]
48_48_571_48_0_36_32_64_0_0_0_0_0_24_0_null_[0, 64, 2, 5, 7, 0]
49_49_571_48_0_36_32_64_0_0_0_0_0_24_0_null_[0, 64, 2, 5, 7, 0]
50_50_571_48_0_36_32_64_0_0_0_0_0_24_0_null_[0, 64, 2, 5, 7, 0]
51_51_571_48_0_36_32_64_0_0_0_0_0_24_0_null_[0, 64, 2, 5, 7, 0]
52_52_571_48_0_36_32_64_0_0_0_0_0_24_0_null_[0, 64, 2, 5, 7, 0]
53_53_571_48_0_36_32_64_0_0_0_0_0_24_0_null_[0, 64, 2, 5, 7, 0]
54_54_571_48_0_36_32_64_0_0_0_0_0_24_0_null_[0, 64, 2, 5, 7, 0]
55_55_571_48_0_36_32_64_0_0_0_0_0_24_0_null_[0, 64, 2, 5, 7, 0]
56_56_435_60_0_36_32_64_0_0_0_0_0_24_0_null_[0, 64, 2, 5, 7, 0]
57_57_435_60_0_36_32_64_0_0_0_0_0_24_0_null_[0, 64, 2, 5, 7, 0]
58_58_435_60_0_36_32_64_0_0_0_0_0_24_0_null_[0, 64, 2, 5, 7, 0]
59_59_435_60_0_36_32_64_0_0_0_0_0_24_0_null_[0, 64, 2, 5, 7, 0]
60_60_435_60_0_36_32_64_0_0_0_0_0_24_0_null_[0, 64, 2, 5, 7, 0]
61_61_435_60_0_36_32_64_0_0_0_0_0_24_0_null_[0, 64, 2, 5, 7, 0]
62_62_435_60_0_36_32_64_0_0_0_0_0_24_0_null_[0, 64, 2, 5, 7, 0]
63_63_435_60_0_36_32_64_0_0_0_0_0_24_0_null_[0, 64, 2, 5, 7, 0]
64_64_435_60_0_36_32_64_0_0_0_0_0_24_0_null_[0, 64, 2, 5, 7, 0]
65_65_435_60_0_36_32_64_0_0_0_0_0_24_0_null_[0, 64, 2, 5, 7, 0]
66_66_435_60_0_36_32_64_0_0_0_0_0_24_0_null_[0, 64, 2, 5, 7, 0]
67_67_435_60_0_36_32_64_0_0_0_0_0_24_0_null_[0, 64, 2, 5, 7, 0]
68_68_435_60_0_36_32_64_0_0_0_0_0_24_0_null_[0, 64, 2, 5, 7, 0]
69_69_435_60_0_36_32_64_0_0_0_0_0_24_0_null_[0, 64, 2, 5, 7, 0]
70_70_435_60_0_36_32_64_0_0_0_0_0_24_0_null_[0, 64, 2, 5, 7, 0]
71_71_435_60_0_36_32_64_0_0_0_0_0_24_0_null_[0, 64, 2, 5, 7, 0]
72_72_435_60_0_36_32_64_0_0_0_0_0_24_0_null_[0, 64, 2, 5, 7, 0]
73_73_435_60_0_36_32_64_0_0_0_0_0_24_0_null_[0, 64, 2, 5, 7, 0]
74_74_435_60_0_36_32_64_0_0_0_0_0_24_0_null_[0, 64, 2, 5, 7, 0]
75_75_435_60_0_36_32_64_0_0_0_0_0_24_0_null_[0, 64, 2, 5, 7, 0]
76_76_435_60_0_36_32_64_0_0_0_0_0_24_0_null_[0, 64, 2, 5, 7, 0]
77_77_435_60_0_36_32_64_0_0_0_0_0_24_0_null_[0, 64, 2, 5, 7, 0]
78_78_435_60_0_36_32_64_0_0_0_0_0_24_0_null_[0, 64, 2, 5, 7, 0]
79_79_435_60_0_36_32_64_0_0_0_0_0_24_0_null_[0, 64, 2, 5, 7, 0]
80_80_435_60_0_36_32_64_0_0_0_0_0_24_0_null_[0, 64, 2, 5, 7, 0]
81_81_435_60_0_36_32_64_0_0_0_0_0_24_0_null_[0, 64, 2, 5, 7, 0]
82_82_435_60_0_36_32_64_0_0_0_0_0_24_0_null_[0, 64, 2, 5, 7, 0]
83_83_435_60_0_36_32_64_0_0_0_0_0_24_0_null_[0, 64, 2, 5, 7, 0]
84_84_435_60_0_36_32_64_0_0_0_0_0_24_0_null_[0, 64, 2, 5, 7, 0]
85_85_435_60_0_36_32_64_0_0_0_0_0_24_0_null_[0, 64, 2, 5, 7, 0]
86_86_435_60_0_36_32_64_0_0_0_0_0_24_0_null_[0, 64, 2, 5, 7, 0]
87_87_435_60_0_36_32_64_0_0_0_0_0_24_0_null_[0, 64, 2, 5, 7, 0]
88_88_435_60_0_36_32_64_0_0_0_0_0_24_0_null_[0, 64, 2, 5, 7, 0]
89_89_435_60_0_36_32_64_0_0_0_0_0_24_0_null_[0, 64, 2, 5, 7, 0]
90_90_435_60_0_36_32_64_0_0_0_0_0_24_0_null_[0, 64, 2, 5, 7, 0]
91_91_435_60_0_36_32_64_0_0_0_0_0_24_0_null_[0, 64, 2, 5, 7, 0]
92_92_435_60_0_36_32_64_0_0_0_0_0_24_0_null_[0, 64, 2, 5, 7, 0]
93_93_435_60_0_36_32_64_0_0_0_0_0_24_0_null_[0, 64, 2, 5, 7, 0]
94_94_435_60_0_36_32_64_0_0_0_0_0_24_0_null_[0, 64, 2, 5, 7, 0]
95_95_435_60_0_36_32_64_0_0_0_0_0_24_0_null_[0, 64, 2, 5, 7, 0]
96_96_435_60_0_36_32_64_0_0_0_0_0_24_0_null_[0, 64, 2, 5, 7, 0]
97_97_435_60_0_36_32_64_0_0_0_0_0_24_0_null_[0, 64, 2, 5, 7, 0]
98_98_435_60_0_36_32_64_0_0_0_0_0_24_0_null_[0, 64, 2, 5, 7, 0]
99_99_435_60_0_36_32_64_0_0_0_0_0_24_0_null_[0, 64, 2, 5, 7, 0]
100_100_435_60_0_36_32_64_0_0_0_0_0_24_0_null_[0, 64, 2, 5, 7, 0]
101_101_435_60_0_36_32_64_0_0_0_0_0_24_0_null_[0, 64, 2, 5, 7, 0]
102_102_435_60_0_36_32_64_0_0_0_0_0_24_0_null_[0, 64, 2, 5, 7, 0]
103_103_435_60_0_36_32_64_0_0_0_0_0_24_0_null_[0, 64, 2, 5, 7, 0]
104_104_435_60_0_36_32_64_0_0_0_0_0_24_0_null_[0, 64, 2, 5, 7, 0]
105_105_435_60_0_36_32_64_0_0_0_0_0_24_0_null_[0, 64, 2, 5, 7, 0]
106_106_435_60_0_36_32_64_0_0_0_0_0_24_0_null_[0, 64, 2, 5, 7, 0]
107_107_435_60_0_36_32_64_0_0_0_0_0_24_0_null_[0, 64, 2, 5, 7, 0]
108_108_435_60_0_36_32_64_0_0_0_0_0_24_0_null_[0, 64, 2, 5, 7, 0]
109_109_435_60_0_36_32_64_0_0_0_0_0_24_0_null_[0, 64, 2, 5, 7, 0]
110_110_435_60_0_36_32_64_0_0_0_0_0_24_0_null_[0, 64, 2, 5, 7, 0]
111_111_435_60_0_36_32_64_0_0_0_0_0_24_0_null_[0, 64, 2, 5, 7, 0]
112_112_435_60_0_36_32_64_0_0_0_0_0_24_0_null_[0, 64, 2, 5, 7, 0]
113_113_435_60_0_36_32_64_0_0_0_0_0_24_0_null_[0, 64, 2, 5, 7, 0]
114_114_435_60_0_36_32_64_0_0_0_0_0_24_0_null_[0, 64, 2, 5, 7, 0]
115_115_435_60_0_36_32_64_0_0_0_0_0_24_0_null_[0, 64, 2, 5, 7, 0]
116_116_435_60_0_36_32_64_0_0_0_0_0_24_0_null_[0, 64, 2, 5, 7, 0]
117_117_435_60_0_36_32_64_0_0_0_0_0_24_0_null_[0, 64, 2, 5, 7, 0]
118_118_435_60_0_36_32_64_0_0_0_0_0_24_0_null_[0, 64, 2, 5, 7, 0]
119_119_435_60_0_36_32_64_0_0_0_0_0_24_0_null_[0, 64, 2, 5, 7, 0]
120_120_435_60_0_36_32_64_0_0_0_0_0_24_0_null_[0, 64, 2, 5, 7, 0]
121_121_435_60_0_36_32_64_0_0_0_0_0_24_0_null_[0, 64, 2, 5, 7, 0]
122_122_435_60_0_36_32_64_0_0_0_0_0_24_0_null_[0, 64, 2, 5, 7, 0]
123_123_435_60_0_36_32_64_0_0_0_0_0_24_0_null_[0, 64, 2, 5, 7, 0]
124_124_435_60_0_36_32_64_0_0_0_0_0_24_0_null_[0, 64, 2, 5, 7, 0]
125_125_435_60_0_36_32_64_0_0_0_0_0_24_0_null_[0, 64, 2, 5, 7, 0]
126_126_435_60_0_36_32_64_0_0_0_0_0_24_0_null_[0, 64, 2, 5, 7, 0]
127_127_435_60_0_36_32_64_0_0_0_0_0_24_0_null_[0, 64, 2, 5, 7, 0]
