0_0_186_50_0_33_32_64_0_0_0_0_0_24_0_null_[0, 64, 2, 0]
1_1_186_50_0_33_32_64_0_0_0_0_0_24_0_null_[0, 64, 2, 0]
2_2_186_50_0_33_32_64_0_0_0_0_0_24_0_null_[0, 64, 2, 0]
3_3_186_50_0_33_32_64_0_0_0_0_0_24_0_null_[0, 64, 2, 0]
4_4_186_50_0_33_32_64_0_0_0_0_0_24_0_null_[0, 64, 2, 0]
5_5_186_50_0_33_32_64_0_0_0_0_0_24_0_null_[0, 64, 2, 0]
6_6_186_50_0_33_32_64_0_0_0_0_0_24_0_null_[0, 64, 2, 0]
7_7_186_50_0_33_32_64_0_0_0_0_0_24_0_null_[0, 64, 2, 0]
8_8_186_50_0_33_32_64_0_0_0_0_0_24_0_null_[0, 64, 2, 0]
9_9_186_50_0_33_32_64_0_0_0_0_0_24_0_null_[0, 64, 2, 0]
10_10_186_50_0_33_32_64_0_0_0_0_0_24_0_null_[0, 64, 2, 0]
11_11_186_50_0_33_32_64_0_0_0_0_0_24_0_null_[0, 64, 2, 0]
12_12_186_50_0_33_32_64_0_0_0_0_0_24_0_null_[0, 64, 2, 0]
13_13_186_50_0_33_32_64_0_0_0_0_0_24_0_null_[0, 64, 2, 0]
14_14_186_50_0_33_32_64_0_0_0_0_0_24_0_null_[0, 64, 2, 0]
15_15_186_50_0_33_32_64_0_0_0_0_0_24_0_null_[0, 64, 2, 0]
16_16_186_50_0_33_32_64_0_0_0_0_0_24_0_null_[0, 64, 2, 0]
17_17_186_50_0_33_32_64_0_0_0_0_0_24_0_null_[0, 64, 2, 0]
18_18_186_50_0_33_32_64_0_0_0_0_0_24_0_null_[0, 64, 2, 0]
19_19_186_50_0_33_32_64_0_0_0_0_0_24_0_null_[0, 64, 2, 0]
20_20_186_50_0_33_32_64_0_0_0_0_0_24_0_null_[0, 64, 2, 0]
21_21_186_50_0_33_32_64_0_0_0_0_0_24_0_null_[0, 64, 2, 0]
22_22_186_50_0_33_32_64_0_0_0_0_0_24_0_null_[0, 64, 2, 0]
23_23_186_50_0_33_32_64_0_0_0_0_0_24_0_null_[0, 64, 2, 0]
24_24_186_50_0_33_32_64_0_0_0_0_0_24_0_null_[0, 64, 2, 0]
25_25_186_50_0_33_32_64_0_0_0_0_0_24_0_null_[0, 64, 2, 0]
26_26_186_50_0_33_32_64_0_0_0_0_0_24_0_null_[0, 64, 2, 0]
27_27_186_50_0_33_32_64_0_0_0_0_0_24_0_null_[0, 64, 2, 0]
28_28_186_50_0_33_32_64_0_0_0_0_0_24_0_null_[0, 64, 2, 0]
29_29_186_50_0_33_32_64_0_0_0_0_0_24_0_null_[0, 64, 2, 0]
30_30_186_50_0_33_32_64_0_0_0_0_0_24_0_null_[0, 64, 2, 0]
31_31_186_50_0_33_32_64_0_0_0_0_0_24_0_null_[0, 64, 2, 0]
32_32_186_50_0_33_32_64_0_0_0_0_0_24_0_null_[0, 64, 2, 0]
33_33_186_50_0_33_32_64_0_0_0_0_0_24_0_null_[0, 64, 2, 0]
34_34_186_50_0_33_32_64_0_0_0_0_0_24_0_null_[0, 64, 2, 0]
35_35_186_50_0_33_32_64_0_0_0_0_0_24_0_null_[0, 64, 2, 0]
36_36_186_50_0_33_32_64_0_0_0_0_0_24_0_null_[0, 64, 2, 0]
37_37_186_50_0_33_32_64_0_0_0_0_0_24_0_null_[0, 64, 2, 0]
38_38_186_50_0_33_32_64_0_0_0_0_0_24_0_null_[0, 64, 2, 0]
39_39_186_50_0_33_32_64_0_0_0_0_0_24_0_null_[0, 64, 2, 0]
40_40_186_50_0_33_32_64_0_0_0_0_0_24_0_null_[0, 64, 2, 0]
41_41_186_50_0_33_32_64_0_0_0_0_0_24_0_null_[0, 64, 2, 0]
42_42_186_50_0_33_32_64_0_0_0_0_0_24_0_null_[0, 64, 2, 0]
43_43_186_50_0_33_32_64_0_0_0_0_0_24_0_null_[0, 64, 2, 0]
44_44_186_50_0_33_32_64_0_0_0_0_0_24_0_null_[0, 64, 2, 0]
45_45_186_50_0_33_32_64_0_0_0_0_0_24_0_null_[0, 64, 2, 0]
46_46_186_50_0_33_32_64_0_0_0_0_0_24_0_null_[0, 64, 2, 0]
47_47_186_50_0_33_32_64_0_0_0_0_0_24_0_null_[0, 64, 2, 0]
48_48_186_50_0_33_32_64_0_0_0_0_0_24_0_null_[0, 64, 2, 0]
49_49_186_50_0_33_32_64_0_0_0_0_0_24_0_null_[0, 64, 2, 0]
50_50_186_50_0_33_32_64_0_0_0_0_0_24_0_null_[0, 64, 2, 0]
51_51_186_50_0_33_32_64_0_0_0_0_0_24_0_null_[0, 64, 2, 0]
52_52_186_50_0_33_32_64_0_0_0_0_0_24_0_null_[0, 64, 2, 0]
53_53_186_50_0_33_32_64_0_0_0_0_0_24_0_null_[0, 64, 2, 0]
54_54_186_50_0_33_32_64_0_0_0_0_0_24_0_null_[0, 64, 2, 0]
55_55_186_50_0_33_32_64_0_0_0_0_0_24_0_null_[0, 64, 2, 0]
56_56_186_50_0_33_32_64_0_0_0_0_0_24_0_null_[0, 64, 2, 0]
57_57_187_57_0_33_32_64_0_0_0_0_0_24_0_null_[0, 64, 2, 0]
58_58_187_57_0_33_32_64_0_0_0_0_0_24_0_null_[0, 64, 2, 0]
59_59_187_57_0_33_32_64_0_0_0_0_0_24_0_null_[0, 64, 2, 0]
60_60_187_57_0_33_32_64_0_0_0_0_0_24_0_null_[0, 64, 2, 0]
61_61_187_57_0_33_32_64_0_0_0_0_0_24_0_null_[0, 64, 2, 0]
62_62_187_57_0_33_32_64_0_0_0_0_0_24_0_null_[0, 64, 2, 0]
63_63_187_57_0_33_32_64_0_0_0_0_0_24_0_null_[0, 64, 2, 0]
64_64_187_57_0_33_32_64_0_0_0_0_0_24_0_null_[0, 64, 2, 0]
65_65_187_57_0_33_32_64_0_0_0_0_0_24_0_null_[0, 64, 2, 0]
66_66_187_57_0_33_32_64_0_0_0_0_0_24_0_null_[0, 64, 2, 0]
67_67_187_57_0_33_32_64_0_0_0_0_0_24_0_null_[0, 64, 2, 0]
68_68_187_57_0_33_32_64_0_0_0_0_0_24_0_null_[0, 64, 2, 0]
69_69_187_57_0_33_32_64_0_0_0_0_0_24_0_null_[0, 64, 2, 0]
70_70_187_57_0_33_32_64_0_0_0_0_0_24_0_null_[0, 64, 2, 0]
71_71_187_57_0_33_32_64_0_0_0_0_0_24_0_null_[0, 64, 2, 0]
72_72_187_57_0_33_32_64_0_0_0_0_0_24_0_null_[0, 64, 2, 0]
73_73_187_57_0_33_32_64_0_0_0_0_0_24_0_null_[0, 64, 2, 0]
74_74_187_57_0_33_32_64_0_0_0_0_0_24_0_null_[0, 64, 2, 0]
75_75_187_57_0_33_32_64_0_0_0_0_0_24_0_null_[0, 64, 2, 0]
76_76_187_57_0_33_32_64_0_0_0_0_0_24_0_null_[0, 64, 2, 0]
77_77_187_57_0_33_32_64_0_0_0_0_0_24_0_null_[0, 64, 2, 0]
78_78_187_57_0_33_32_64_0_0_0_0_0_24_0_null_[0, 64, 2, 0]
79_79_187_57_0_33_32_64_0_0_0_0_0_24_0_null_[0, 64, 2, 0]
80_80_187_57_0_33_32_64_0_0_0_0_0_24_0_null_[0, 64, 2, 0]
81_81_187_57_0_33_32_64_0_0_0_0_0_24_0_null_[0, 64, 2, 0]
82_82_187_57_0_33_32_64_0_0_0_0_0_24_0_null_[0, 64, 2, 0]
83_83_187_57_0_33_32_64_0_0_0_0_0_24_0_null_[0, 64, 2, 0]
84_84_187_57_0_33_32_64_0_0_0_0_0_24_0_null_[0, 64, 2, 0]
85_85_187_57_0_33_32_64_0_0_0_0_0_24_0_null_[0, 64, 2, 0]
86_86_187_57_0_33_32_64_0_0_0_0_0_24_0_null_[0, 64, 2, 0]
87_87_187_57_0_33_32_64_0_0_0_0_0_24_0_null_[0, 64, 2, 0]
88_88_187_57_0_33_32_64_0_0_0_0_0_24_0_null_[0, 64, 2, 0]
89_89_187_57_0_33_32_64_0_0_0_0_0_24_0_null_[0, 64, 2, 0]
90_90_187_57_0_33_32_64_0_0_0_0_0_24_0_null_[0, 64, 2, 0]
91_91_187_57_0_33_32_64_0_0_0_0_0_24_0_null_[0, 64, 2, 0]
92_92_187_57_0_33_32_64_0_0_0_0_0_24_0_null_[0, 64, 2, 0]
93_93_187_57_0_33_32_64_0_0_0_0_0_24_0_null_[0, 64, 2, 0]
94_94_187_57_0_33_32_64_0_0_0_0_0_24_0_null_[0, 64, 2, 0]
95_95_187_57_0_33_32_64_0_0_0_0_0_24_0_null_[0, 64, 2, 0]
96_96_187_57_0_33_32_64_0_0_0_0_0_24_0_null_[0, 64, 2, 0]
97_97_187_57_0_33_32_64_0_0_0_0_0_24_0_null_[0, 64, 2, 0]
98_98_187_57_0_33_32_64_0_0_0_0_0_24_0_null_[0, 64, 2, 0]
99_99_187_57_0_33_32_64_0_0_0_0_0_24_0_null_[0, 64, 2, 0]
100_100_187_57_0_33_32_64_0_0_0_0_0_24_0_null_[0, 64, 2, 0]
101_101_187_57_0_33_32_64_0_0_0_0_0_24_0_null_[0, 64, 2, 0]
102_102_187_57_0_33_32_64_0_0_0_0_0_24_0_null_[0, 64, 2, 0]
103_103_187_57_0_33_32_64_0_0_0_0_0_24_0_null_[0, 64, 2, 0]
104_104_187_57_0_33_32_64_0_0_0_0_0_24_0_null_[0, 64, 2, 0]
105_105_187_57_0_33_32_64_0_0_0_0_0_24_0_null_[0, 64, 2, 0]
106_106_187_57_0_33_32_64_0_0_0_0_0_24_0_null_[0, 64, 2, 0]
107_107_187_57_0_33_32_64_0_0_0_0_0_24_0_null_[0, 64, 2, 0]
108_108_187_57_0_33_32_64_0_0_0_0_0_24_0_null_[0, 64, 2, 0]
109_109_187_57_0_33_32_64_0_0_0_0_0_24_0_null_[0, 64, 2, 0]
110_110_187_57_0_33_32_64_0_0_0_0_0_24_0_null_[0, 64, 2, 0]
111_111_187_57_0_33_32_64_0_0_0_0_0_24_0_null_[0, 64, 2, 0]
112_112_187_57_0_33_32_64_0_0_0_0_0_24_0_null_[0, 64, 2, 0]
113_113_187_57_0_33_32_64_0_0_0_0_0_24_0_null_[0, 64, 2, 0]
114_114_187_57_0_33_32_64_0_0_0_0_0_24_0_null_[0, 64, 2, 0]
115_115_187_57_0_33_32_64_0_0_0_0_0_24_0_null_[0, 64, 2, 0]
116_116_187_57_0_33_32_64_0_0_0_0_0_24_0_null_[0, 64, 2, 0]
117_117_187_57_0_33_32_64_0_0_0_0_0_24_0_null_[0, 64, 2, 0]
118_118_187_57_0_33_32_64_0_0_0_0_0_24_0_null_[0, 64, 2, 0]
119_119_187_57_0_33_32_64_0_0_0_0_0_24_0_null_[0, 64, 2, 0]
120_120_187_57_0_33_32_64_0_0_0_0_0_24_0_null_[0, 64, 2, 0]
121_121_187_57_0_33_32_64_0_0_0_0_0_24_0_null_[0, 64, 2, 0]
122_122_187_57_0_33_32_64_0_0_0_0_0_24_0_null_[0, 64, 2, 0]
123_123_187_57_0_33_32_64_0_0_0_0_0_24_0_null_[0, 64, 2, 0]
124_124_187_57_0_33_32_64_0_0_0_0_0_24_0_null_[0, 64, 2, 0]
125_125_187_57_0_33_32_64_0_0_0_0_0_24_0_null_[0, 64, 2, 0]
126_126_187_57_0_33_32_64_0_0_0_0_0_24_0_null_[0, 64, 2, 0]
127_127_187_57_0_33_32_64_0_0_0_0_0_24_0_null_[0, 64, 2, 0]
