0_0_191_78_0_32_41_64_0_0_0_0_0_24_0_null_[0, 64, 2, 0]
1_1_191_78_0_32_41_64_0_0_0_0_0_24_0_null_[0, 64, 2, 0]
2_2_191_78_0_32_41_64_0_0_0_0_0_24_0_null_[0, 64, 2, 0]
3_3_191_78_0_32_41_64_0_0_0_0_0_24_0_null_[0, 64, 2, 0]
4_4_191_78_0_32_41_64_0_0_0_0_0_24_0_null_[0, 64, 2, 0]
5_5_191_78_0_32_41_64_0_0_0_0_0_24_0_null_[0, 64, 2, 0]
6_6_191_78_0_32_41_64_0_0_0_0_0_24_0_null_[0, 64, 2, 0]
7_7_191_78_0_32_41_64_0_0_0_0_0_24_0_null_[0, 64, 2, 0]
8_8_191_78_0_32_41_64_0_0_0_0_0_24_0_null_[0, 64, 2, 0]
9_9_191_78_0_32_41_64_0_0_0_0_0_24_0_null_[0, 64, 2, 0]
10_10_191_78_0_32_41_64_0_0_0_0_0_24_0_null_[0, 64, 2, 0]
11_11_191_78_0_32_41_64_0_0_0_0_0_24_0_null_[0, 64, 2, 0]
12_12_191_78_0_32_41_64_0_0_0_0_0_24_0_null_[0, 64, 2, 0]
13_13_191_78_0_32_41_64_0_0_0_0_0_24_0_null_[0, 64, 2, 0]
14_14_191_78_0_32_41_64_0_0_0_0_0_24_0_null_[0, 64, 2, 0]
15_15_191_78_0_32_41_64_0_0_0_0_0_24_0_null_[0, 64, 2, 0]
16_16_191_78_0_32_41_64_0_0_0_0_0_24_0_null_[0, 64, 2, 0]
17_17_191_78_0_32_41_64_0_0_0_0_0_24_0_null_[0, 64, 2, 0]
18_18_191_78_0_32_41_64_0_0_0_0_0_24_0_null_[0, 64, 2, 0]
19_19_191_78_0_32_41_64_0_0_0_0_0_24_0_null_[0, 64, 2, 0]
20_20_191_78_0_32_41_64_0_0_0_0_0_24_0_null_[0, 64, 2, 0]
21_21_191_78_0_32_41_64_0_0_0_0_0_24_0_null_[0, 64, 2, 0]
22_22_191_78_0_32_41_64_0_0_0_0_0_24_0_null_[0, 64, 2, 0]
23_23_191_78_0_32_41_64_0_0_0_0_0_24_0_null_[0, 64, 2, 0]
24_24_191_78_0_32_41_64_0_0_0_0_0_24_0_null_[0, 64, 2, 0]
25_25_191_78_0_32_41_64_0_0_0_0_0_24_0_null_[0, 64, 2, 0]
26_26_191_78_0_32_41_64_0_0_0_0_0_24_0_null_[0, 64, 2, 0]
27_27_191_78_0_32_41_64_0_0_0_0_0_24_0_null_[0, 64, 2, 0]
28_28_191_78_0_32_41_64_0_0_0_0_0_24_0_null_[0, 64, 2, 0]
29_29_191_78_0_32_41_64_0_0_0_0_0_24_0_null_[0, 64, 2, 0]
30_30_191_78_0_32_41_64_0_0_0_0_0_24_0_null_[0, 64, 2, 0]
31_31_191_78_0_32_41_64_0_0_0_0_0_24_0_null_[0, 64, 2, 0]
32_32_191_78_0_32_41_64_0_0_0_0_0_24_0_null_[0, 64, 2, 0]
33_33_191_78_0_32_41_64_0_0_0_0_0_24_0_null_[0, 64, 2, 0]
34_34_191_78_0_32_41_64_0_0_0_0_0_24_0_null_[0, 64, 2, 0]
35_35_191_78_0_32_41_64_0_0_0_0_0_24_0_null_[0, 64, 2, 0]
36_36_191_78_0_32_41_64_0_0_0_0_0_24_0_null_[0, 64, 2, 0]
37_37_191_78_0_32_41_64_0_0_0_0_0_24_0_null_[0, 64, 2, 0]
38_38_191_78_0_32_41_64_0_0_0_0_0_24_0_null_[0, 64, 2, 0]
39_39_191_78_0_32_41_64_0_0_0_0_0_24_0_null_[0, 64, 2, 0]
40_40_191_78_0_32_41_64_0_0_0_0_0_24_0_null_[0, 64, 2, 0]
41_41_191_78_0_32_41_64_0_0_0_0_0_24_0_null_[0, 64, 2, 0]
42_42_191_78_0_32_41_64_0_0_0_0_0_24_0_null_[0, 64, 2, 0]
43_43_191_78_0_32_41_64_0_0_0_0_0_24_0_null_[0, 64, 2, 0]
44_44_191_78_0_32_41_64_0_0_0_0_0_24_0_null_[0, 64, 2, 0]
45_45_191_78_0_32_41_64_0_0_0_0_0_24_0_null_[0, 64, 2, 0]
46_46_191_78_0_32_41_64_0_0_0_0_0_24_0_null_[0, 64, 2, 0]
47_47_191_78_0_32_41_64_0_0_0_0_0_24_0_null_[0, 64, 2, 0]
48_48_191_78_0_32_41_64_0_0_0_0_0_24_0_null_[0, 64, 2, 0]
49_49_191_78_0_32_41_64_0_0_0_0_0_24_0_null_[0, 64, 2, 0]
50_50_191_78_0_32_41_64_0_0_0_0_0_24_0_null_[0, 64, 2, 0]
51_51_191_78_0_32_41_64_0_0_0_0_0_24_0_null_[0, 64, 2, 0]
52_52_191_78_0_32_41_64_0_0_0_0_0_24_0_null_[0, 64, 2, 0]
53_53_191_78_0_32_41_64_0_0_0_0_0_24_0_null_[0, 64, 2, 0]
54_54_191_78_0_32_41_64_0_0_0_0_0_24_0_null_[0, 64, 2, 0]
55_55_191_78_0_32_41_64_0_0_0_0_0_24_0_null_[0, 64, 2, 0]
56_56_191_78_0_32_41_64_0_0_0_0_0_24_0_null_[0, 64, 2, 0]
57_57_191_78_0_32_41_64_0_0_0_0_0_24_0_null_[0, 64, 2, 0]
58_58_191_78_0_32_41_64_0_0_0_0_0_24_0_null_[0, 64, 2, 0]
59_59_191_78_0_32_41_64_0_0_0_0_0_24_0_null_[0, 64, 2, 0]
60_60_191_78_0_32_41_64_0_0_0_0_0_24_0_null_[0, 64, 2, 0]
61_61_191_78_0_32_41_64_0_0_0_0_0_24_0_null_[0, 64, 2, 0]
62_62_191_78_0_32_41_64_0_0_0_0_0_24_0_null_[0, 64, 2, 0]
63_63_191_78_0_32_41_64_0_0_0_0_0_24_0_null_[0, 64, 2, 0]
64_64_191_78_0_32_41_64_0_0_0_0_0_24_0_null_[0, 64, 2, 0]
65_65_191_78_0_32_41_64_0_0_0_0_0_24_0_null_[0, 64, 2, 0]
66_66_191_78_0_32_41_64_0_0_0_0_0_24_0_null_[0, 64, 2, 0]
67_67_191_78_0_32_41_64_0_0_0_0_0_24_0_null_[0, 64, 2, 0]
68_68_191_78_0_32_41_64_0_0_0_0_0_24_0_null_[0, 64, 2, 0]
69_69_191_78_0_32_41_64_0_0_0_0_0_24_0_null_[0, 64, 2, 0]
70_70_191_78_0_32_41_64_0_0_0_0_0_24_0_null_[0, 64, 2, 0]
71_71_191_78_0_32_41_64_0_0_0_0_0_24_0_null_[0, 64, 2, 0]
72_72_191_78_0_32_41_64_0_0_0_0_0_24_0_null_[0, 64, 2, 0]
73_73_191_78_0_32_41_64_0_0_0_0_0_24_0_null_[0, 64, 2, 0]
74_74_191_78_0_32_41_64_0_0_0_0_0_24_0_null_[0, 64, 2, 0]
75_75_191_78_0_32_41_64_0_0_0_0_0_24_0_null_[0, 64, 2, 0]
76_76_191_78_0_32_41_64_0_0_0_0_0_24_0_null_[0, 64, 2, 0]
77_77_191_78_0_32_41_64_0_0_0_0_0_24_0_null_[0, 64, 2, 0]
78_78_191_78_0_32_41_64_0_0_0_0_0_24_0_null_[0, 64, 2, 0]
79_79_192_85_0_32_41_64_0_0_0_0_0_24_0_null_[0, 64, 2, 0]
80_80_192_85_0_32_41_64_0_0_0_0_0_24_0_null_[0, 64, 2, 0]
81_81_192_85_0_32_41_64_0_0_0_0_0_24_0_null_[0, 64, 2, 0]
82_82_192_85_0_32_41_64_0_0_0_0_0_24_0_null_[0, 64, 2, 0]
83_83_192_85_0_32_41_64_0_0_0_0_0_24_0_null_[0, 64, 2, 0]
84_84_192_85_0_32_41_64_0_0_0_0_0_24_0_null_[0, 64, 2, 0]
85_85_192_85_0_32_41_64_0_0_0_0_0_24_0_null_[0, 64, 2, 0]
86_86_192_85_0_32_41_64_0_0_0_0_0_24_0_null_[0, 64, 2, 0]
87_87_192_85_0_32_41_64_0_0_0_0_0_24_0_null_[0, 64, 2, 0]
88_88_192_85_0_32_41_64_0_0_0_0_0_24_0_null_[0, 64, 2, 0]
89_89_192_85_0_32_41_64_0_0_0_0_0_24_0_null_[0, 64, 2, 0]
90_90_192_85_0_32_41_64_0_0_0_0_0_24_0_null_[0, 64, 2, 0]
91_91_193_96_0_32_41_64_0_0_0_0_0_24_0_null_[0, 64, 2, 0]
92_92_193_96_0_32_41_64_0_0_0_0_0_24_0_null_[0, 64, 2, 0]
93_93_193_96_0_32_41_64_0_0_0_0_0_24_0_null_[0, 64, 2, 0]
94_94_193_96_0_32_41_64_0_0_0_0_0_24_0_null_[0, 64, 2, 0]
95_95_193_96_0_32_41_64_0_0_0_0_0_24_0_null_[0, 64, 2, 0]
96_96_193_96_0_32_41_64_0_0_0_0_0_24_0_null_[0, 64, 2, 0]
97_97_193_96_0_32_41_64_0_0_0_0_0_24_0_null_[0, 64, 2, 0]
98_98_193_96_0_32_41_64_0_0_0_0_0_24_0_null_[0, 64, 2, 0]
99_99_193_96_0_32_41_64_0_0_0_0_0_24_0_null_[0, 64, 2, 0]
100_100_193_96_0_32_41_64_0_0_0_0_0_24_0_null_[0, 64, 2, 0]
101_101_193_96_0_32_41_64_0_0_0_0_0_24_0_null_[0, 64, 2, 0]
102_102_193_96_0_32_41_64_0_0_0_0_0_24_0_null_[0, 64, 2, 0]
103_103_193_96_0_32_41_64_0_0_0_0_0_24_0_null_[0, 64, 2, 0]
104_104_193_96_0_32_41_64_0_0_0_0_0_24_0_null_[0, 64, 2, 0]
105_105_193_96_0_32_41_64_0_0_0_0_0_24_0_null_[0, 64, 2, 0]
106_106_193_96_0_32_41_64_0_0_0_0_0_24_0_null_[0, 64, 2, 0]
107_107_193_96_0_32_41_64_0_0_0_0_0_24_0_null_[0, 64, 2, 0]
108_108_193_96_0_32_41_64_0_0_0_0_0_24_0_null_[0, 64, 2, 0]
109_109_193_96_0_32_41_64_0_0_0_0_0_24_0_null_[0, 64, 2, 0]
110_110_193_96_0_32_41_64_0_0_0_0_0_24_0_null_[0, 64, 2, 0]
111_111_193_96_0_32_41_64_0_0_0_0_0_24_0_null_[0, 64, 2, 0]
112_112_193_96_0_32_41_64_0_0_0_0_0_24_0_null_[0, 64, 2, 0]
113_113_193_96_0_32_41_64_0_0_0_0_0_24_0_null_[0, 64, 2, 0]
114_114_193_96_0_32_41_64_0_0_0_0_0_24_0_null_[0, 64, 2, 0]
115_115_193_96_0_32_41_64_0_0_0_0_0_24_0_null_[0, 64, 2, 0]
116_116_193_96_0_32_41_64_0_0_0_0_0_24_0_null_[0, 64, 2, 0]
117_117_193_96_0_32_41_64_0_0_0_0_0_24_0_null_[0, 64, 2, 0]
118_118_193_96_0_32_41_64_0_0_0_0_0_24_0_null_[0, 64, 2, 0]
119_119_193_96_0_32_41_64_0_0_0_0_0_24_0_null_[0, 64, 2, 0]
120_120_193_96_0_32_41_64_0_0_0_0_0_24_0_null_[0, 64, 2, 0]
121_121_193_96_0_32_41_64_0_0_0_0_0_24_0_null_[0, 64, 2, 0]
122_122_193_96_0_32_41_64_0_0_0_0_0_24_0_null_[0, 64, 2, 0]
123_123_193_96_0_32_41_64_0_0_0_0_0_24_0_null_[0, 64, 2, 0]
124_124_193_96_0_32_41_64_0_0_0_0_0_24_0_null_[0, 64, 2, 0]
125_125_193_96_0_32_41_64_0_0_0_0_0_24_0_null_[0, 64, 2, 0]
126_126_193_96_0_32_41_64_0_0_0_0_0_24_0_null_[0, 64, 2, 0]
127_127_193_96_0_32_41_64_0_0_0_0_0_24_0_null_[0, 64, 2, 0]
