0_0_194_62_0_31_32_64_0_0_0_0_0_26_0_null_[0, 64, 3, 0]
1_1_194_62_0_31_32_64_0_0_0_0_0_26_0_null_[0, 64, 3, 0]
2_2_194_62_0_31_32_64_0_0_0_0_0_26_0_null_[0, 64, 3, 0]
3_3_194_62_0_31_32_64_0_0_0_0_0_26_0_null_[0, 64, 3, 0]
4_4_194_62_0_31_32_64_0_0_0_0_0_26_0_null_[0, 64, 3, 0]
5_5_194_62_0_31_32_64_0_0_0_0_0_26_0_null_[0, 64, 3, 0]
6_6_194_62_0_31_32_64_0_0_0_0_0_26_0_null_[0, 64, 3, 0]
7_7_194_62_0_31_32_64_0_0_0_0_0_26_0_null_[0, 64, 3, 0]
8_8_194_62_0_31_32_64_0_0_0_0_0_26_0_null_[0, 64, 3, 0]
9_9_194_62_0_31_32_64_0_0_0_0_0_26_0_null_[0, 64, 3, 0]
10_10_194_62_0_31_32_64_0_0_0_0_0_26_0_null_[0, 64, 3, 0]
11_11_194_62_0_31_32_64_0_0_0_0_0_26_0_null_[0, 64, 3, 0]
12_12_194_62_0_31_32_64_0_0_0_0_0_26_0_null_[0, 64, 3, 0]
13_13_194_62_0_31_32_64_0_0_0_0_0_26_0_null_[0, 64, 3, 0]
14_14_194_62_0_31_32_64_0_0_0_0_0_26_0_null_[0, 64, 3, 0]
15_15_194_62_0_31_32_64_0_0_0_0_0_26_0_null_[0, 64, 3, 0]
16_16_194_62_0_31_32_64_0_0_0_0_0_26_0_null_[0, 64, 3, 0]
17_17_194_62_0_31_32_64_0_0_0_0_0_26_0_null_[0, 64, 3, 0]
18_18_194_62_0_31_32_64_0_0_0_0_0_26_0_null_[0, 64, 3, 0]
19_19_194_62_0_31_32_64_0_0_0_0_0_26_0_null_[0, 64, 3, 0]
20_20_194_62_0_31_32_64_0_0_0_0_0_26_0_null_[0, 64, 3, 0]
21_21_194_62_0_31_32_64_0_0_0_0_0_26_0_null_[0, 64, 3, 0]
22_22_194_62_0_31_32_64_0_0_0_0_0_26_0_null_[0, 64, 3, 0]
23_23_194_62_0_31_32_64_0_0_0_0_0_26_0_null_[0, 64, 3, 0]
24_24_194_62_0_31_32_64_0_0_0_0_0_26_0_null_[0, 64, 3, 0]
25_25_194_62_0_31_32_64_0_0_0_0_0_26_0_null_[0, 64, 3, 0]
26_26_194_62_0_31_32_64_0_0_0_0_0_26_0_null_[0, 64, 3, 0]
27_27_194_62_0_31_32_64_0_0_0_0_0_26_0_null_[0, 64, 3, 0]
28_28_194_62_0_31_32_64_0_0_0_0_0_26_0_null_[0, 64, 3, 0]
29_29_194_62_0_31_32_64_0_0_0_0_0_26_0_null_[0, 64, 3, 0]
30_30_194_62_0_31_32_64_0_0_0_0_0_26_0_null_[0, 64, 3, 0]
31_31_194_62_0_31_32_64_0_0_0_0_0_26_0_null_[0, 64, 3, 0]
32_32_194_62_0_31_32_64_0_0_0_0_0_26_0_null_[0, 64, 3, 0]
33_33_194_62_0_31_32_64_0_0_0_0_0_26_0_null_[0, 64, 3, 0]
34_34_194_62_0_31_32_64_0_0_0_0_0_26_0_null_[0, 64, 3, 0]
35_35_194_62_0_31_32_64_0_0_0_0_0_26_0_null_[0, 64, 3, 0]
36_36_194_62_0_31_32_64_0_0_0_0_0_26_0_null_[0, 64, 3, 0]
37_37_194_62_0_31_32_64_0_0_0_0_0_26_0_null_[0, 64, 3, 0]
38_38_194_62_0_31_32_64_0_0_0_0_0_26_0_null_[0, 64, 3, 0]
39_39_194_62_0_31_32_64_0_0_0_0_0_26_0_null_[0, 64, 3, 0]
40_40_194_62_0_31_32_64_0_0_0_0_0_26_0_null_[0, 64, 3, 0]
41_41_194_62_0_31_32_64_0_0_0_0_0_26_0_null_[0, 64, 3, 0]
42_42_194_62_0_31_32_64_0_0_0_0_0_26_0_null_[0, 64, 3, 0]
43_43_194_62_0_31_32_64_0_0_0_0_0_26_0_null_[0, 64, 3, 0]
44_44_194_62_0_31_32_64_0_0_0_0_0_26_0_null_[0, 64, 3, 0]
45_45_194_62_0_31_32_64_0_0_0_0_0_26_0_null_[0, 64, 3, 0]
46_46_194_62_0_31_32_64_0_0_0_0_0_26_0_null_[0, 64, 3, 0]
47_47_194_62_0_31_32_64_0_0_0_0_0_26_0_null_[0, 64, 3, 0]
48_48_194_62_0_31_32_64_0_0_0_0_0_26_0_null_[0, 64, 3, 0]
49_49_194_62_0_31_32_64_0_0_0_0_0_26_0_null_[0, 64, 3, 0]
50_50_194_62_0_31_32_64_0_0_0_0_0_26_0_null_[0, 64, 3, 0]
51_51_194_62_0_31_32_64_0_0_0_0_0_26_0_null_[0, 64, 3, 0]
52_52_194_62_0_31_32_64_0_0_0_0_0_26_0_null_[0, 64, 3, 0]
53_53_194_62_0_31_32_64_0_0_0_0_0_26_0_null_[0, 64, 3, 0]
54_54_194_62_0_31_32_64_0_0_0_0_0_26_0_null_[0, 64, 3, 0]
55_55_194_62_0_31_32_64_0_0_0_0_0_26_0_null_[0, 64, 3, 0]
56_56_194_62_0_31_32_64_0_0_0_0_0_26_0_null_[0, 64, 3, 0]
57_57_194_62_0_31_32_64_0_0_0_0_0_26_0_null_[0, 64, 3, 0]
58_58_194_62_0_31_32_64_0_0_0_0_0_26_0_null_[0, 64, 3, 0]
59_59_194_62_0_31_32_64_0_0_0_0_0_26_0_null_[0, 64, 3, 0]
60_60_194_62_0_31_32_64_0_0_0_0_0_26_0_null_[0, 64, 3, 0]
61_61_194_62_0_31_32_64_0_0_0_0_0_26_0_null_[0, 64, 3, 0]
62_62_194_62_0_31_32_64_0_0_0_0_0_26_0_null_[0, 64, 3, 0]
63_63_195_74_0_31_32_64_0_0_0_0_0_26_0_null_[0, 64, 3, 0]
64_64_195_74_0_31_32_64_0_0_0_0_0_26_0_null_[0, 64, 3, 0]
65_65_195_74_0_31_32_64_0_0_0_0_0_26_0_null_[0, 64, 3, 0]
66_66_195_74_0_31_32_64_0_0_0_0_0_26_0_null_[0, 64, 3, 0]
67_67_195_74_0_31_32_64_0_0_0_0_0_26_0_null_[0, 64, 3, 0]
68_68_195_74_0_31_32_64_0_0_0_0_0_26_0_null_[0, 64, 3, 0]
69_69_195_74_0_31_32_64_0_0_0_0_0_26_0_null_[0, 64, 3, 0]
70_70_195_74_0_31_32_64_0_0_0_0_0_26_0_null_[0, 64, 3, 0]
71_71_195_74_0_31_32_64_0_0_0_0_0_26_0_null_[0, 64, 3, 0]
72_72_195_74_0_31_32_64_0_0_0_0_0_26_0_null_[0, 64, 3, 0]
73_73_195_74_0_31_32_64_0_0_0_0_0_26_0_null_[0, 64, 3, 0]
74_74_195_74_0_31_32_64_0_0_0_0_0_26_0_null_[0, 64, 3, 0]
75_75_195_74_0_31_32_64_0_0_0_0_0_26_0_null_[0, 64, 3, 0]
76_76_195_74_0_31_32_64_0_0_0_0_0_26_0_null_[0, 64, 3, 0]
77_77_195_74_0_31_32_64_0_0_0_0_0_26_0_null_[0, 64, 3, 0]
78_78_195_74_0_31_32_64_0_0_0_0_0_26_0_null_[0, 64, 3, 0]
79_79_195_74_0_31_32_64_0_0_0_0_0_26_0_null_[0, 64, 3, 0]
80_80_195_74_0_31_32_64_0_0_0_0_0_26_0_null_[0, 64, 3, 0]
81_81_196_81_0_31_32_64_0_0_0_0_0_26_0_null_[0, 64, 3, 0]
82_82_196_81_0_31_32_64_0_0_0_0_0_26_0_null_[0, 64, 3, 0]
83_83_196_81_0_31_32_64_0_0_0_0_0_26_0_null_[0, 64, 3, 0]
84_84_196_81_0_31_32_64_0_0_0_0_0_26_0_null_[0, 64, 3, 0]
85_85_196_81_0_31_32_64_0_0_0_0_0_26_0_null_[0, 64, 3, 0]
86_86_196_81_0_31_32_64_0_0_0_0_0_26_0_null_[0, 64, 3, 0]
87_87_196_81_0_31_32_64_0_0_0_0_0_26_0_null_[0, 64, 3, 0]
88_88_400_91_0_31_32_64_0_0_0_0_0_26_0_null_[0, 64, 3, 0]
89_89_400_91_0_31_32_64_0_0_0_0_0_26_0_null_[0, 64, 3, 0]
90_90_400_91_0_31_32_64_0_0_0_0_0_26_0_null_[0, 64, 3, 0]
91_91_400_91_0_31_32_64_0_0_0_0_0_26_0_null_[0, 64, 3, 0]
92_92_400_91_0_31_32_64_0_0_0_0_0_26_0_null_[0, 64, 3, 0]
93_93_400_91_0_31_32_64_0_0_0_0_0_26_0_null_[0, 64, 3, 0]
94_94_400_91_0_31_32_64_0_0_0_0_0_26_0_null_[0, 64, 3, 0]
95_95_400_91_0_31_32_64_0_0_0_0_0_26_0_null_[0, 64, 3, 0]
96_96_400_91_0_31_32_64_0_0_0_0_0_26_0_null_[0, 64, 3, 0]
97_97_400_91_0_31_32_64_0_0_0_0_0_26_0_null_[0, 64, 3, 0]
98_98_400_91_0_31_32_64_0_0_0_0_0_26_0_null_[0, 64, 3, 0]
99_99_400_91_0_31_32_64_0_0_0_0_0_26_0_null_[0, 64, 3, 0]
100_100_400_91_0_31_32_64_0_0_0_0_0_26_0_null_[0, 64, 3, 0]
101_101_400_91_0_31_32_64_0_0_0_0_0_26_0_null_[0, 64, 3, 0]
102_102_400_91_0_31_32_64_0_0_0_0_0_26_0_null_[0, 64, 3, 0]
103_103_400_91_0_31_32_64_0_0_0_0_0_26_0_null_[0, 64, 3, 0]
104_104_400_91_0_31_32_64_0_0_0_0_0_26_0_null_[0, 64, 3, 0]
105_105_400_91_0_31_32_64_0_0_0_0_0_26_0_null_[0, 64, 3, 0]
106_106_400_91_0_31_32_64_0_0_0_0_0_26_0_null_[0, 64, 3, 0]
107_107_400_91_0_31_32_64_0_0_0_0_0_26_0_null_[0, 64, 3, 0]
108_108_400_91_0_31_32_64_0_0_0_0_0_26_0_null_[0, 64, 3, 0]
109_109_400_91_0_31_32_64_0_0_0_0_0_26_0_null_[0, 64, 3, 0]
110_110_400_91_0_31_32_64_0_0_0_0_0_26_0_null_[0, 64, 3, 0]
111_111_400_91_0_31_32_64_0_0_0_0_0_26_0_null_[0, 64, 3, 0]
112_112_400_91_0_31_32_64_0_0_0_0_0_26_0_null_[0, 64, 3, 0]
113_113_400_91_0_31_32_64_0_0_0_0_0_26_0_null_[0, 64, 3, 0]
114_114_400_91_0_31_32_64_0_0_0_0_0_26_0_null_[0, 64, 3, 0]
115_115_400_91_0_31_32_64_0_0_0_0_0_26_0_null_[0, 64, 3, 0]
116_116_400_91_0_31_32_64_0_0_0_0_0_26_0_null_[0, 64, 3, 0]
117_117_400_91_0_31_32_64_0_0_0_0_0_26_0_null_[0, 64, 3, 0]
118_118_400_91_0_31_32_64_0_0_0_0_0_26_0_null_[0, 64, 3, 0]
119_119_400_91_0_31_32_64_0_0_0_0_0_26_0_null_[0, 64, 3, 0]
120_120_400_91_0_31_32_64_0_0_0_0_0_26_0_null_[0, 64, 3, 0]
121_121_400_91_0_31_32_64_0_0_0_0_0_26_0_null_[0, 64, 3, 0]
122_122_400_91_0_31_32_64_0_0_0_0_0_26_0_null_[0, 64, 3, 0]
123_123_400_91_0_31_32_64_0_0_0_0_0_26_0_null_[0, 64, 3, 0]
124_124_400_91_0_31_32_64_0_0_0_0_0_26_0_null_[0, 64, 3, 0]
125_125_400_91_0_31_32_64_0_0_0_0_0_26_0_null_[0, 64, 3, 0]
126_126_400_91_0_31_32_64_0_0_0_0_0_26_0_null_[0, 64, 3, 0]
127_127_400_91_0_31_32_64_0_0_0_0_0_26_0_null_[0, 64, 3, 0]
