0_0_198_64_0_21_32_64_0_0_0_0_0_24_0_null_[0, 64, 3, 0]
1_1_198_64_0_21_32_64_0_0_0_0_0_24_0_null_[0, 64, 3, 0]
2_2_198_64_0_21_32_64_0_0_0_0_0_24_0_null_[0, 64, 3, 0]
3_3_198_64_0_21_32_64_0_0_0_0_0_24_0_null_[0, 64, 3, 0]
4_4_198_64_0_21_32_64_0_0_0_0_0_24_0_null_[0, 64, 3, 0]
5_5_198_64_0_21_32_64_0_0_0_0_0_24_0_null_[0, 64, 3, 0]
6_6_198_64_0_21_32_64_0_0_0_0_0_24_0_null_[0, 64, 3, 0]
7_7_198_64_0_21_32_64_0_0_0_0_0_24_0_null_[0, 64, 3, 0]
8_8_198_64_0_21_32_64_0_0_0_0_0_24_0_null_[0, 64, 3, 0]
9_9_198_64_0_21_32_64_0_0_0_0_0_24_0_null_[0, 64, 3, 0]
10_10_198_64_0_21_32_64_0_0_0_0_0_24_0_null_[0, 64, 3, 0]
11_11_198_64_0_21_32_64_0_0_0_0_0_24_0_null_[0, 64, 3, 0]
12_12_198_64_0_21_32_64_0_0_0_0_0_24_0_null_[0, 64, 3, 0]
13_13_198_64_0_21_32_64_0_0_0_0_0_24_0_null_[0, 64, 3, 0]
14_14_198_64_0_21_32_64_0_0_0_0_0_24_0_null_[0, 64, 3, 0]
15_15_198_64_0_21_32_64_0_0_0_0_0_24_0_null_[0, 64, 3, 0]
16_16_198_64_0_21_32_64_0_0_0_0_0_24_0_null_[0, 64, 3, 0]
17_17_198_64_0_21_32_64_0_0_0_0_0_24_0_null_[0, 64, 3, 0]
18_18_198_64_0_21_32_64_0_0_0_0_0_24_0_null_[0, 64, 3, 0]
19_19_198_64_0_21_32_64_0_0_0_0_0_24_0_null_[0, 64, 3, 0]
20_20_198_64_0_21_32_64_0_0_0_0_0_24_0_null_[0, 64, 3, 0]
21_21_198_64_0_21_32_64_0_0_0_0_0_24_0_null_[0, 64, 3, 0]
22_22_198_64_0_21_32_64_0_0_0_0_0_24_0_null_[0, 64, 3, 0]
23_23_198_64_0_21_32_64_0_0_0_0_0_24_0_null_[0, 64, 3, 0]
24_24_198_64_0_21_32_64_0_0_0_0_0_24_0_null_[0, 64, 3, 0]
25_25_198_64_0_21_32_64_0_0_0_0_0_24_0_null_[0, 64, 3, 0]
26_26_198_64_0_21_32_64_0_0_0_0_0_24_0_null_[0, 64, 3, 0]
27_27_198_64_0_21_32_64_0_0_0_0_0_24_0_null_[0, 64, 3, 0]
28_28_198_64_0_21_32_64_0_0_0_0_0_24_0_null_[0, 64, 3, 0]
29_29_198_64_0_21_32_64_0_0_0_0_0_24_0_null_[0, 64, 3, 0]
30_30_198_64_0_21_32_64_0_0_0_0_0_24_0_null_[0, 64, 3, 0]
31_31_198_64_0_21_32_64_0_0_0_0_0_24_0_null_[0, 64, 3, 0]
32_32_198_64_0_21_32_64_0_0_0_0_0_24_0_null_[0, 64, 3, 0]
33_33_198_64_0_21_32_64_0_0_0_0_0_24_0_null_[0, 64, 3, 0]
34_34_198_64_0_21_32_64_0_0_0_0_0_24_0_null_[0, 64, 3, 0]
35_35_198_64_0_21_32_64_0_0_0_0_0_24_0_null_[0, 64, 3, 0]
36_36_198_64_0_21_32_64_0_0_0_0_0_24_0_null_[0, 64, 3, 0]
37_37_198_64_0_21_32_64_0_0_0_0_0_24_0_null_[0, 64, 3, 0]
38_38_198_64_0_21_32_64_0_0_0_0_0_24_0_null_[0, 64, 3, 0]
39_39_198_64_0_21_32_64_0_0_0_0_0_24_0_null_[0, 64, 3, 0]
40_40_198_64_0_21_32_64_0_0_0_0_0_24_0_null_[0, 64, 3, 0]
41_41_198_64_0_21_32_64_0_0_0_0_0_24_0_null_[0, 64, 3, 0]
42_42_198_64_0_21_32_64_0_0_0_0_0_24_0_null_[0, 64, 3, 0]
43_43_198_64_0_21_32_64_0_0_0_0_0_24_0_null_[0, 64, 3, 0]
44_44_198_64_0_21_32_64_0_0_0_0_0_24_0_null_[0, 64, 3, 0]
45_45_198_64_0_21_32_64_0_0_0_0_0_24_0_null_[0, 64, 3, 0]
46_46_198_64_0_21_32_64_0_0_0_0_0_24_0_null_[0, 64, 3, 0]
47_47_198_64_0_21_32_64_0_0_0_0_0_24_0_null_[0, 64, 3, 0]
48_48_198_64_0_21_32_64_0_0_0_0_0_24_0_null_[0, 64, 3, 0]
49_49_198_64_0_21_32_64_0_0_0_0_0_24_0_null_[0, 64, 3, 0]
50_50_198_64_0_21_32_64_0_0_0_0_0_24_0_null_[0, 64, 3, 0]
51_51_198_64_0_21_32_64_0_0_0_0_0_24_0_null_[0, 64, 3, 0]
52_52_198_64_0_21_32_64_0_0_0_0_0_24_0_null_[0, 64, 3, 0]
53_53_198_64_0_21_32_64_0_0_0_0_0_24_0_null_[0, 64, 3, 0]
54_54_198_64_0_21_32_64_0_0_0_0_0_24_0_null_[0, 64, 3, 0]
55_55_198_64_0_21_32_64_0_0_0_0_0_24_0_null_[0, 64, 3, 0]
56_56_198_64_0_21_32_64_0_0_0_0_0_24_0_null_[0, 64, 3, 0]
57_57_198_64_0_21_32_64_0_0_0_0_0_24_0_null_[0, 64, 3, 0]
58_58_198_64_0_21_32_64_0_0_0_0_0_24_0_null_[0, 64, 3, 0]
59_59_198_64_0_21_32_64_0_0_0_0_0_24_0_null_[0, 64, 3, 0]
60_60_198_64_0_21_32_64_0_0_0_0_0_24_0_null_[0, 64, 3, 0]
61_61_198_64_0_21_32_64_0_0_0_0_0_24_0_null_[0, 64, 3, 0]
62_62_198_64_0_21_32_64_0_0_0_0_0_24_0_null_[0, 64, 3, 0]
63_63_198_64_0_21_32_64_0_0_0_0_0_24_0_null_[0, 64, 3, 0]
64_64_198_64_0_21_32_64_0_0_0_0_0_24_0_null_[0, 64, 3, 0]
65_65_198_64_0_21_32_64_0_0_0_0_0_24_0_null_[0, 64, 3, 0]
66_66_198_64_0_21_32_64_0_0_0_0_0_24_0_null_[0, 64, 3, 0]
67_67_198_64_0_21_32_64_0_0_0_0_0_24_0_null_[0, 64, 3, 0]
68_68_198_64_0_21_32_64_0_0_0_0_0_24_0_null_[0, 64, 3, 0]
69_69_198_64_0_21_32_64_0_0_0_0_0_24_0_null_[0, 64, 3, 0]
70_70_198_64_0_21_32_64_0_0_0_0_0_24_0_null_[0, 64, 3, 0]
71_71_198_64_0_21_32_64_0_0_0_0_0_24_0_null_[0, 64, 3, 0]
72_72_198_64_0_21_32_64_0_0_0_0_0_24_0_null_[0, 64, 3, 0]
73_73_198_64_0_21_32_64_0_0_0_0_0_24_0_null_[0, 64, 3, 0]
74_74_198_64_0_21_32_64_0_0_0_0_0_24_0_null_[0, 64, 3, 0]
75_75_198_64_0_21_32_64_0_0_0_0_0_24_0_null_[0, 64, 3, 0]
76_76_198_64_0_21_32_64_0_0_0_0_0_24_0_null_[0, 64, 3, 0]
77_77_198_64_0_21_32_64_0_0_0_0_0_24_0_null_[0, 64, 3, 0]
78_78_198_64_0_21_32_64_0_0_0_0_0_24_0_null_[0, 64, 3, 0]
79_79_198_64_0_21_32_64_0_0_0_0_0_24_0_null_[0, 64, 3, 0]
80_80_198_64_0_21_32_64_0_0_0_0_0_24_0_null_[0, 64, 3, 0]
81_81_198_64_0_21_32_64_0_0_0_0_0_24_0_null_[0, 64, 3, 0]
82_82_198_64_0_21_32_64_0_0_0_0_0_24_0_null_[0, 64, 3, 0]
83_83_198_64_0_21_32_64_0_0_0_0_0_24_0_null_[0, 64, 3, 0]
84_84_198_64_0_21_32_64_0_0_0_0_0_24_0_null_[0, 64, 3, 0]
85_85_198_64_0_21_32_64_0_0_0_0_0_24_0_null_[0, 64, 3, 0]
86_86_198_64_0_21_32_64_0_0_0_0_0_24_0_null_[0, 64, 3, 0]
87_87_198_64_0_21_32_64_0_0_0_0_0_24_0_null_[0, 64, 3, 0]
88_88_198_64_0_21_32_64_0_0_0_0_0_24_0_null_[0, 64, 3, 0]
89_89_198_64_0_21_32_64_0_0_0_0_0_24_0_null_[0, 64, 3, 0]
90_90_198_64_0_21_32_64_0_0_0_0_0_24_0_null_[0, 64, 3, 0]
91_91_198_64_0_21_32_64_0_0_0_0_0_24_0_null_[0, 64, 3, 0]
92_92_198_64_0_21_32_64_0_0_0_0_0_24_0_null_[0, 64, 3, 0]
93_93_198_64_0_21_32_64_0_0_0_0_0_24_0_null_[0, 64, 3, 0]
94_94_198_64_0_21_32_64_0_0_0_0_0_24_0_null_[0, 64, 3, 0]
95_95_198_64_0_21_32_64_0_0_0_0_0_24_0_null_[0, 64, 3, 0]
96_96_198_64_0_21_32_64_0_0_0_0_0_24_0_null_[0, 64, 3, 0]
97_97_198_64_0_21_32_64_0_0_0_0_0_24_0_null_[0, 64, 3, 0]
98_98_198_64_0_21_32_64_0_0_0_0_0_24_0_null_[0, 64, 3, 0]
99_99_198_64_0_21_32_64_0_0_0_0_0_24_0_null_[0, 64, 3, 0]
100_100_198_64_0_21_32_64_0_0_0_0_0_24_0_null_[0, 64, 3, 0]
101_101_198_64_0_21_32_64_0_0_0_0_0_24_0_null_[0, 64, 3, 0]
102_102_198_64_0_21_32_64_0_0_0_0_0_24_0_null_[0, 64, 3, 0]
103_103_198_64_0_21_32_64_0_0_0_0_0_24_0_null_[0, 64, 3, 0]
104_104_198_64_0_21_32_64_0_0_0_0_0_24_0_null_[0, 64, 3, 0]
105_105_198_64_0_21_32_64_0_0_0_0_0_24_0_null_[0, 64, 3, 0]
106_106_198_64_0_21_32_64_0_0_0_0_0_24_0_null_[0, 64, 3, 0]
107_107_198_64_0_21_32_64_0_0_0_0_0_24_0_null_[0, 64, 3, 0]
108_108_198_64_0_21_32_64_0_0_0_0_0_24_0_null_[0, 64, 3, 0]
109_109_198_64_0_21_32_64_0_0_0_0_0_24_0_null_[0, 64, 3, 0]
110_110_198_64_0_21_32_64_0_0_0_0_0_24_0_null_[0, 64, 3, 0]
111_111_198_64_0_21_32_64_0_0_0_0_0_24_0_null_[0, 64, 3, 0]
112_112_198_64_0_21_32_64_0_0_0_0_0_24_0_null_[0, 64, 3, 0]
113_113_198_64_0_21_32_64_0_0_0_0_0_24_0_null_[0, 64, 3, 0]
114_114_198_64_0_21_32_64_0_0_0_0_0_24_0_null_[0, 64, 3, 0]
115_115_198_64_0_21_32_64_0_0_0_0_0_24_0_null_[0, 64, 3, 0]
116_116_198_64_0_21_32_64_0_0_0_0_0_24_0_null_[0, 64, 3, 0]
117_117_198_64_0_21_32_64_0_0_0_0_0_24_0_null_[0, 64, 3, 0]
118_118_198_64_0_21_32_64_0_0_0_0_0_24_0_null_[0, 64, 3, 0]
119_119_198_64_0_21_32_64_0_0_0_0_0_24_0_null_[0, 64, 3, 0]
120_120_198_64_0_21_32_64_0_0_0_0_0_24_0_null_[0, 64, 3, 0]
121_121_198_64_0_21_32_64_0_0_0_0_0_24_0_null_[0, 64, 3, 0]
122_122_198_64_0_21_32_64_0_0_0_0_0_24_0_null_[0, 64, 3, 0]
123_123_198_64_0_21_32_64_0_0_0_0_0_24_0_null_[0, 64, 3, 0]
124_124_198_64_0_21_32_64_0_0_0_0_0_24_0_null_[0, 64, 3, 0]
125_125_198_64_0_21_32_64_0_0_0_0_0_24_0_null_[0, 64, 3, 0]
126_126_198_64_0_21_32_64_0_0_0_0_0_24_0_null_[0, 64, 3, 0]
127_127_198_64_0_21_32_64_0_0_0_0_0_24_0_null_[0, 64, 3, 0]
