0_0_26_60_0_20_34_64_0_6_0_0_0_24_0_null_[0, 64, 14, 20, 35, 5, 64, 0]
1_1_26_60_0_20_34_64_0_6_0_0_0_24_0_null_[0, 64, 14, 20, 35, 5, 64, 0]
2_2_26_60_0_20_34_64_0_6_0_0_0_24_0_null_[0, 64, 14, 20, 35, 5, 64, 0]
3_3_26_60_0_20_34_64_0_6_0_0_0_24_0_null_[0, 64, 14, 20, 35, 5, 64, 0]
4_4_26_60_0_20_34_64_0_6_0_0_0_24_0_null_[0, 64, 14, 20, 35, 5, 64, 0]
5_5_26_60_0_20_34_64_0_6_0_0_0_24_0_null_[0, 64, 14, 20, 35, 5, 64, 0]
6_6_26_60_0_20_34_64_0_6_0_0_0_24_0_null_[0, 64, 14, 20, 35, 5, 64, 0]
7_7_26_60_0_20_34_64_0_6_0_0_0_24_0_null_[0, 64, 14, 20, 35, 5, 64, 0]
8_8_26_60_0_20_34_64_0_6_0_0_0_24_0_null_[0, 64, 14, 20, 35, 5, 64, 0]
9_9_26_60_0_20_34_64_0_6_0_0_0_24_0_null_[0, 64, 14, 20, 35, 5, 64, 0]
10_10_26_60_0_20_34_64_0_6_0_0_0_24_0_null_[0, 64, 14, 20, 35, 5, 64, 0]
11_11_26_60_0_20_34_64_0_6_0_0_0_24_0_null_[0, 64, 14, 20, 35, 5, 64, 0]
12_12_26_60_0_20_34_64_0_6_0_0_0_24_0_null_[0, 64, 14, 20, 35, 5, 64, 0]
13_13_26_60_0_20_34_64_0_6_0_0_0_24_0_null_[0, 64, 14, 20, 35, 5, 64, 0]
14_14_26_60_0_20_34_64_0_6_0_0_0_24_0_null_[0, 64, 14, 20, 35, 5, 64, 0]
15_15_26_60_0_20_34_64_0_6_0_0_0_24_0_null_[0, 64, 14, 20, 35, 5, 64, 0]
16_16_26_60_0_20_34_64_0_6_0_0_0_24_0_null_[0, 64, 14, 20, 35, 5, 64, 0]
17_17_26_60_0_20_34_64_0_6_0_0_0_24_0_null_[0, 64, 14, 20, 35, 5, 64, 0]
18_18_26_60_0_20_34_64_0_6_0_0_0_24_0_null_[0, 64, 14, 20, 35, 5, 64, 0]
19_19_26_60_0_20_34_64_0_6_0_0_0_24_0_null_[0, 64, 14, 20, 35, 5, 64, 0]
20_20_26_60_0_20_34_64_0_6_0_0_0_24_0_null_[0, 64, 14, 20, 35, 5, 64, 0]
21_21_26_60_0_20_34_64_0_6_0_0_0_24_0_null_[0, 64, 14, 20, 35, 5, 64, 0]
22_22_26_60_0_20_34_64_0_6_0_0_0_24_0_null_[0, 64, 14, 20, 35, 5, 64, 0]
23_23_26_60_0_20_34_64_0_6_0_0_0_24_0_null_[0, 64, 14, 20, 35, 5, 64, 0]
24_24_26_60_0_20_34_64_0_6_0_0_0_24_0_null_[0, 64, 14, 20, 35, 5, 64, 0]
25_25_26_60_0_20_34_64_0_6_0_0_0_24_0_null_[0, 64, 14, 20, 35, 5, 64, 0]
26_26_26_60_0_20_34_64_0_6_0_0_0_24_0_null_[0, 64, 14, 20, 35, 5, 64, 0]
27_27_26_60_0_20_34_64_0_6_0_0_0_24_0_null_[0, 64, 14, 20, 35, 5, 64, 0]
28_28_26_60_0_20_34_64_0_6_0_0_0_24_0_null_[0, 64, 14, 20, 35, 5, 64, 0]
29_29_26_60_0_20_34_64_0_6_0_0_0_24_0_null_[0, 64, 14, 20, 35, 5, 64, 0]
30_30_26_60_0_20_34_64_0_6_0_0_0_24_0_null_[0, 64, 14, 20, 35, 5, 64, 0]
31_31_26_60_0_20_34_64_0_6_0_0_0_24_0_null_[0, 64, 14, 20, 35, 5, 64, 0]
32_32_26_60_0_20_34_64_0_6_0_0_0_24_0_null_[0, 64, 14, 20, 35, 5, 64, 0]
33_33_26_60_0_20_34_64_0_6_0_0_0_24_0_null_[0, 64, 14, 20, 35, 5, 64, 0]
34_34_26_60_0_20_34_64_0_6_0_0_0_24_0_null_[0, 64, 14, 20, 35, 5, 64, 0]
35_35_26_60_0_20_34_64_0_6_0_0_0_24_0_null_[0, 64, 14, 20, 35, 5, 64, 0]
36_36_26_60_0_20_34_64_0_6_0_0_0_24_0_null_[0, 64, 14, 20, 35, 5, 64, 0]
37_37_26_60_0_20_34_64_0_6_0_0_0_24_0_null_[0, 64, 14, 20, 35, 5, 64, 0]
38_38_26_60_0_20_34_64_0_6_0_0_0_24_0_null_[0, 64, 14, 20, 35, 5, 64, 0]
39_39_26_60_0_20_34_64_0_6_0_0_0_24_0_null_[0, 64, 14, 20, 35, 5, 64, 0]
40_40_26_60_0_20_34_64_0_6_0_0_0_24_0_null_[0, 64, 14, 20, 35, 5, 64, 0]
41_41_26_60_0_20_34_64_0_6_0_0_0_24_0_null_[0, 64, 14, 20, 35, 5, 64, 0]
42_42_26_60_0_20_34_64_0_6_0_0_0_24_0_null_[0, 64, 14, 20, 35, 5, 64, 0]
43_43_26_60_0_20_34_64_0_6_0_0_0_24_0_null_[0, 64, 14, 20, 35, 5, 64, 0]
44_44_26_60_0_20_34_64_0_6_0_0_0_24_0_null_[0, 64, 14, 20, 35, 5, 64, 0]
45_45_26_60_0_20_34_64_0_6_0_0_0_24_0_null_[0, 64, 14, 20, 35, 5, 64, 0]
46_46_26_60_0_20_34_64_0_6_0_0_0_24_0_null_[0, 64, 14, 20, 35, 5, 64, 0]
47_47_26_60_0_20_34_64_0_6_0_0_0_24_0_null_[0, 64, 14, 20, 35, 5, 64, 0]
48_48_26_60_0_20_34_64_0_6_0_0_0_24_0_null_[0, 64, 14, 20, 35, 5, 64, 0]
49_49_26_60_0_20_34_64_0_6_0_0_0_24_0_null_[0, 64, 14, 20, 35, 5, 64, 0]
50_50_26_60_0_20_34_64_0_6_0_0_0_24_0_null_[0, 64, 14, 20, 35, 5, 64, 0]
51_51_26_60_0_20_34_64_0_6_0_0_0_24_0_null_[0, 64, 14, 20, 35, 5, 64, 0]
52_52_26_60_0_20_34_64_0_6_0_0_0_24_0_null_[0, 64, 14, 20, 35, 5, 64, 0]
53_53_26_60_0_20_34_64_0_6_0_0_0_24_0_null_[0, 64, 14, 20, 35, 5, 64, 0]
54_54_26_60_0_20_34_64_0_6_0_0_0_24_0_null_[0, 64, 14, 20, 35, 5, 64, 0]
55_55_26_60_0_20_34_64_0_6_0_0_0_24_0_null_[0, 64, 14, 20, 35, 5, 64, 0]
56_56_26_60_0_20_34_64_0_6_0_0_0_24_0_null_[0, 64, 14, 20, 35, 5, 64, 0]
57_57_26_60_0_20_34_64_0_6_0_0_0_24_0_null_[0, 64, 14, 20, 35, 5, 64, 0]
58_58_26_60_0_20_34_64_0_6_0_0_0_24_0_null_[0, 64, 14, 20, 35, 5, 64, 0]
59_59_26_60_0_20_34_64_0_6_0_0_0_24_0_null_[0, 64, 14, 20, 35, 5, 64, 0]
60_60_26_60_0_20_34_64_0_6_0_0_0_24_0_null_[0, 64, 14, 20, 35, 5, 64, 0]
61_61_26_60_0_20_34_64_0_6_0_0_0_24_0_null_[0, 64, 14, 20, 35, 5, 64, 0]
62_62_26_60_0_20_34_64_0_6_0_0_0_24_0_null_[0, 64, 14, 20, 35, 5, 64, 0]
63_63_26_60_0_20_34_64_0_6_0_0_0_24_0_null_[0, 64, 14, 20, 35, 5, 64, 0]
64_64_26_60_0_20_34_64_0_6_0_0_0_24_0_null_[0, 64, 14, 20, 35, 5, 64, 0]
65_65_26_60_0_20_34_64_0_6_0_0_0_24_0_null_[0, 64, 14, 20, 35, 5, 64, 0]
66_66_26_60_0_20_34_64_0_6_0_0_0_24_0_null_[0, 64, 14, 20, 35, 5, 64, 0]
67_67_408_72_0_20_34_64_0_6_0_0_0_24_0_null_[0, 64, 14, 20, 35, 5, 64, 0]
68_68_408_72_0_20_34_64_0_6_0_0_0_24_0_null_[0, 64, 14, 20, 35, 5, 64, 0]
69_69_408_72_0_20_34_64_0_6_0_0_0_24_0_null_[0, 64, 14, 20, 35, 5, 64, 0]
70_70_408_72_0_20_34_64_0_6_0_0_0_24_0_null_[0, 64, 14, 20, 35, 5, 64, 0]
71_71_408_72_0_20_34_64_0_6_0_0_0_24_0_null_[0, 64, 14, 20, 35, 5, 64, 0]
72_72_408_72_0_20_34_64_0_6_0_0_0_24_0_null_[0, 64, 14, 20, 35, 5, 64, 0]
73_73_408_72_0_20_34_64_0_6_0_0_0_24_0_null_[0, 64, 14, 20, 35, 5, 64, 0]
74_74_408_72_0_20_34_64_0_6_0_0_0_24_0_null_[0, 64, 14, 20, 35, 5, 64, 0]
75_75_408_72_0_20_34_64_0_6_0_0_0_24_0_null_[0, 64, 14, 20, 35, 5, 64, 0]
76_76_408_72_0_20_34_64_0_6_0_0_0_24_0_null_[0, 64, 14, 20, 35, 5, 64, 0]
77_77_408_72_0_20_34_64_0_6_0_0_0_24_0_null_[0, 64, 14, 20, 35, 5, 64, 0]
78_78_408_72_0_20_34_64_0_6_0_0_0_24_0_null_[0, 64, 14, 20, 35, 5, 64, 0]
79_79_559_84_0_20_34_64_0_6_0_0_0_24_0_null_[0, 64, 14, 20, 35, 5, 64, 0]
80_80_559_84_0_20_34_64_0_6_0_0_0_24_0_null_[0, 64, 14, 20, 35, 5, 64, 0]
81_81_559_84_0_20_34_64_0_6_0_0_0_24_0_null_[0, 64, 14, 20, 35, 5, 64, 0]
82_82_559_84_0_20_34_64_0_6_0_0_0_24_0_null_[0, 64, 14, 20, 35, 5, 64, 0]
83_83_559_84_0_20_34_64_0_6_0_0_0_24_0_null_[0, 64, 14, 20, 35, 5, 64, 0]
84_84_559_84_0_20_34_64_0_6_0_0_0_24_0_null_[0, 64, 14, 20, 35, 5, 64, 0]
85_85_559_84_0_20_34_64_0_6_0_0_0_24_0_null_[0, 64, 14, 20, 35, 5, 64, 0]
86_86_559_84_0_20_34_64_0_6_0_0_0_24_0_null_[0, 64, 14, 20, 35, 5, 64, 0]
87_87_559_84_0_20_34_64_0_6_0_0_0_24_0_null_[0, 64, 14, 20, 35, 5, 64, 0]
88_88_559_84_0_20_34_64_0_6_0_0_0_24_0_null_[0, 64, 14, 20, 35, 5, 64, 0]
89_89_559_84_0_20_34_64_0_6_0_0_0_24_0_null_[0, 64, 14, 20, 35, 5, 64, 0]
90_90_559_84_0_20_34_64_0_6_0_0_0_24_0_null_[0, 64, 14, 20, 35, 5, 64, 0]
91_91_559_84_0_20_34_64_0_6_0_0_0_24_0_null_[0, 64, 14, 20, 35, 5, 64, 0]
92_92_559_84_0_20_34_64_0_6_0_0_0_24_0_null_[0, 64, 14, 20, 35, 5, 64, 0]
93_93_559_84_0_20_34_64_0_6_0_0_0_24_0_null_[0, 64, 14, 20, 35, 5, 64, 0]
94_94_559_84_0_20_34_64_0_6_0_0_0_24_0_null_[0, 64, 14, 20, 35, 5, 64, 0]
95_95_559_84_0_20_34_64_0_6_0_0_0_24_0_null_[0, 64, 14, 20, 35, 5, 64, 0]
96_96_559_84_0_20_34_64_0_6_0_0_0_24_0_null_[0, 64, 14, 20, 35, 5, 64, 0]
97_97_559_84_0_20_34_64_0_6_0_0_0_24_0_null_[0, 64, 14, 20, 35, 5, 64, 0]
98_98_559_84_0_20_34_64_0_6_0_0_0_24_0_null_[0, 64, 14, 20, 35, 5, 64, 0]
99_99_559_84_0_20_34_64_0_6_0_0_0_24_0_null_[0, 64, 14, 20, 35, 5, 64, 0]
100_100_559_84_0_20_34_64_0_6_0_0_0_24_0_null_[0, 64, 14, 20, 35, 5, 64, 0]
101_101_559_84_0_20_34_64_0_6_0_0_0_24_0_null_[0, 64, 14, 20, 35, 5, 64, 0]
102_102_559_84_0_20_34_64_0_6_0_0_0_24_0_null_[0, 64, 14, 20, 35, 5, 64, 0]
103_103_559_84_0_20_34_64_0_6_0_0_0_24_0_null_[0, 64, 14, 20, 35, 5, 64, 0]
104_104_559_84_0_20_34_64_0_6_0_0_0_24_0_null_[0, 64, 14, 20, 35, 5, 64, 0]
105_105_559_84_0_20_34_64_0_6_0_0_0_24_0_null_[0, 64, 14, 20, 35, 5, 64, 0]
106_106_559_84_0_20_34_64_0_6_0_0_0_24_0_null_[0, 64, 14, 20, 35, 5, 64, 0]
107_107_559_84_0_20_34_64_0_6_0_0_0_24_0_null_[0, 64, 14, 20, 35, 5, 64, 0]
108_108_559_84_0_20_34_64_0_6_0_0_0_24_0_null_[0, 64, 14, 20, 35, 5, 64, 0]
109_109_559_84_0_20_34_64_0_6_0_0_0_24_0_null_[0, 64, 14, 20, 35, 5, 64, 0]
110_110_559_84_0_20_34_64_0_6_0_0_0_24_0_null_[0, 64, 14, 20, 35, 5, 64, 0]
111_111_559_84_0_20_34_64_0_6_0_0_0_24_0_null_[0, 64, 14, 20, 35, 5, 64, 0]
112_112_559_84_0_20_34_64_0_6_0_0_0_24_0_null_[0, 64, 14, 20, 35, 5, 64, 0]
113_113_559_84_0_20_34_64_0_6_0_0_0_24_0_null_[0, 64, 14, 20, 35, 5, 64, 0]
114_114_559_84_0_20_34_64_0_6_0_0_0_24_0_null_[0, 64, 14, 20, 35, 5, 64, 0]
115_115_559_84_0_20_34_64_0_6_0_0_0_24_0_null_[0, 64, 14, 20, 35, 5, 64, 0]
116_116_559_84_0_20_34_64_0_6_0_0_0_24_0_null_[0, 64, 14, 20, 35, 5, 64, 0]
117_117_559_84_0_20_34_64_0_6_0_0_0_24_0_null_[0, 64, 14, 20, 35, 5, 64, 0]
118_118_559_84_0_20_34_64_0_6_0_0_0_24_0_null_[0, 64, 14, 20, 35, 5, 64, 0]
119_119_559_84_0_20_34_64_0_6_0_0_0_24_0_null_[0, 64, 14, 20, 35, 5, 64, 0]
120_120_559_84_0_20_34_64_0_6_0_0_0_24_0_null_[0, 64, 14, 20, 35, 5, 64, 0]
121_121_559_84_0_20_34_64_0_6_0_0_0_24_0_null_[0, 64, 14, 20, 35, 5, 64, 0]
122_122_559_84_0_20_34_64_0_6_0_0_0_24_0_null_[0, 64, 14, 20, 35, 5, 64, 0]
123_123_559_84_0_20_34_64_0_6_0_0_0_24_0_null_[0, 64, 14, 20, 35, 5, 64, 0]
124_124_559_84_0_20_34_64_0_6_0_0_0_24_0_null_[0, 64, 14, 20, 35, 5, 64, 0]
125_125_559_84_0_20_34_64_0_6_0_0_0_24_0_null_[0, 64, 14, 20, 35, 5, 64, 0]
126_126_559_84_0_20_34_64_0_6_0_0_0_24_0_null_[0, 64, 14, 20, 35, 5, 64, 0]
127_127_559_84_0_20_34_64_0_6_0_0_0_24_0_null_[0, 64, 14, 20, 35, 5, 64, 0]
