0_0_411_36_0_16_32_64_0_0_0_0_0_24_0_null_[0, 64, 2, 0]
1_1_411_36_0_16_32_64_0_0_0_0_0_24_0_null_[0, 64, 2, 0]
2_2_411_36_0_16_32_64_0_0_0_0_0_24_0_null_[0, 64, 2, 0]
3_3_411_36_0_16_32_64_0_0_0_0_0_24_0_null_[0, 64, 2, 0]
4_4_411_36_0_16_32_64_0_0_0_0_0_24_0_null_[0, 64, 2, 0]
5_5_411_36_0_16_32_64_0_0_0_0_0_24_0_null_[0, 64, 2, 0]
6_6_411_36_0_16_32_64_0_0_0_0_0_24_0_null_[0, 64, 2, 0]
7_7_411_36_0_16_32_64_0_0_0_0_0_24_0_null_[0, 64, 2, 0]
8_8_411_36_0_16_32_64_0_0_0_0_0_24_0_null_[0, 64, 2, 0]
9_9_411_36_0_16_32_64_0_0_0_0_0_24_0_null_[0, 64, 2, 0]
10_10_411_36_0_16_32_64_0_0_0_0_0_24_0_null_[0, 64, 2, 0]
11_11_411_36_0_16_32_64_0_0_0_0_0_24_0_null_[0, 64, 2, 0]
12_12_411_36_0_16_32_64_0_0_0_0_0_24_0_null_[0, 64, 2, 0]
13_13_411_36_0_16_32_64_0_0_0_0_0_24_0_null_[0, 64, 2, 0]
14_14_411_36_0_16_32_64_0_0_0_0_0_24_0_null_[0, 64, 2, 0]
15_15_411_36_0_16_32_64_0_0_0_0_0_24_0_null_[0, 64, 2, 0]
16_16_411_36_0_16_32_64_0_0_0_0_0_24_0_null_[0, 64, 2, 0]
17_17_411_36_0_16_32_64_0_0_0_0_0_24_0_null_[0, 64, 2, 0]
18_18_411_36_0_16_32_64_0_0_0_0_0_24_0_null_[0, 64, 2, 0]
19_19_411_36_0_16_32_64_0_0_0_0_0_24_0_null_[0, 64, 2, 0]
20_20_411_36_0_16_32_64_0_0_0_0_0_24_0_null_[0, 64, 2, 0]
21_21_411_36_0_16_32_64_0_0_0_0_0_24_0_null_[0, 64, 2, 0]
22_22_411_36_0_16_32_64_0_0_0_0_0_24_0_null_[0, 64, 2, 0]
23_23_411_36_0_16_32_64_0_0_0_0_0_24_0_null_[0, 64, 2, 0]
24_24_411_36_0_16_32_64_0_0_0_0_0_24_0_null_[0, 64, 2, 0]
25_25_411_36_0_16_32_64_0_0_0_0_0_24_0_null_[0, 64, 2, 0]
26_26_411_36_0_16_32_64_0_0_0_0_0_24_0_null_[0, 64, 2, 0]
27_27_411_36_0_16_32_64_0_0_0_0_0_24_0_null_[0, 64, 2, 0]
28_28_411_36_0_16_32_64_0_0_0_0_0_24_0_null_[0, 64, 2, 0]
29_29_411_36_0_16_32_64_0_0_0_0_0_24_0_null_[0, 64, 2, 0]
30_30_411_36_0_16_32_64_0_0_0_0_0_24_0_null_[0, 64, 2, 0]
31_31_411_36_0_16_32_64_0_0_0_0_0_24_0_null_[0, 64, 2, 0]
32_32_411_36_0_16_32_64_0_0_0_0_0_24_0_null_[0, 64, 2, 0]
33_33_411_36_0_16_32_64_0_0_0_0_0_24_0_null_[0, 64, 2, 0]
34_34_411_36_0_16_32_64_0_0_0_0_0_24_0_null_[0, 64, 2, 0]
35_35_411_36_0_16_32_64_0_0_0_0_0_24_0_null_[0, 64, 2, 0]
36_36_411_36_0_16_32_64_0_0_0_0_0_24_0_null_[0, 64, 2, 0]
37_37_411_36_0_16_32_64_0_0_0_0_0_24_0_null_[0, 64, 2, 0]
38_38_411_36_0_16_32_64_0_0_0_0_0_24_0_null_[0, 64, 2, 0]
39_39_411_36_0_16_32_64_0_0_0_0_0_24_0_null_[0, 64, 2, 0]
40_40_411_36_0_16_32_64_0_0_0_0_0_24_0_null_[0, 64, 2, 0]
41_41_411_36_0_16_32_64_0_0_0_0_0_24_0_null_[0, 64, 2, 0]
42_42_411_36_0_16_32_64_0_0_0_0_0_24_0_null_[0, 64, 2, 0]
43_43_508_48_0_16_32_64_0_0_0_0_0_24_0_null_[0, 64, 2, 0]
44_44_508_48_0_16_32_64_0_0_0_0_0_24_0_null_[0, 64, 2, 0]
45_45_508_48_0_16_32_64_0_0_0_0_0_24_0_null_[0, 64, 2, 0]
46_46_508_48_0_16_32_64_0_0_0_0_0_24_0_null_[0, 64, 2, 0]
47_47_508_48_0_16_32_64_0_0_0_0_0_24_0_null_[0, 64, 2, 0]
48_48_508_48_0_16_32_64_0_0_0_0_0_24_0_null_[0, 64, 2, 0]
49_49_508_48_0_16_32_64_0_0_0_0_0_24_0_null_[0, 64, 2, 0]
50_50_508_48_0_16_32_64_0_0_0_0_0_24_0_null_[0, 64, 2, 0]
51_51_508_48_0_16_32_64_0_0_0_0_0_24_0_null_[0, 64, 2, 0]
52_52_508_48_0_16_32_64_0_0_0_0_0_24_0_null_[0, 64, 2, 0]
53_53_508_48_0_16_32_64_0_0_0_0_0_24_0_null_[0, 64, 2, 0]
54_54_508_48_0_16_32_64_0_0_0_0_0_24_0_null_[0, 64, 2, 0]
55_55_418_60_0_16_32_64_0_0_0_0_0_24_0_null_[0, 64, 2, 0]
56_56_418_60_0_16_32_64_0_0_0_0_0_24_0_null_[0, 64, 2, 0]
57_57_418_60_0_16_32_64_0_0_0_0_0_24_0_null_[0, 64, 2, 0]
58_58_418_60_0_16_32_64_0_0_0_0_0_24_0_null_[0, 64, 2, 0]
59_59_418_60_0_16_32_64_0_0_0_0_0_24_0_null_[0, 64, 2, 0]
60_60_418_60_0_16_32_64_0_0_0_0_0_24_0_null_[0, 64, 2, 0]
61_61_418_60_0_16_32_64_0_0_0_0_0_24_0_null_[0, 64, 2, 0]
62_62_418_60_0_16_32_64_0_0_0_0_0_24_0_null_[0, 64, 2, 0]
63_63_418_60_0_16_32_64_0_0_0_0_0_24_0_null_[0, 64, 2, 0]
64_64_418_60_0_16_32_64_0_0_0_0_0_24_0_null_[0, 64, 2, 0]
65_65_418_60_0_16_32_64_0_0_0_0_0_24_0_null_[0, 64, 2, 0]
66_66_418_60_0_16_32_64_0_0_0_0_0_24_0_null_[0, 64, 2, 0]
67_67_482_72_0_16_32_64_0_0_0_0_0_24_0_null_[0, 64, 2, 0]
68_68_482_72_0_16_32_64_0_0_0_0_0_24_0_null_[0, 64, 2, 0]
69_69_482_72_0_16_32_64_0_0_0_0_0_24_0_null_[0, 64, 2, 0]
70_70_482_72_0_16_32_64_0_0_0_0_0_24_0_null_[0, 64, 2, 0]
71_71_482_72_0_16_32_64_0_0_0_0_0_24_0_null_[0, 64, 2, 0]
72_72_482_72_0_16_32_64_0_0_0_0_0_24_0_null_[0, 64, 2, 0]
73_73_482_72_0_16_32_64_0_0_0_0_0_24_0_null_[0, 64, 2, 0]
74_74_482_72_0_16_32_64_0_0_0_0_0_24_0_null_[0, 64, 2, 0]
75_75_482_72_0_16_32_64_0_0_0_0_0_24_0_null_[0, 64, 2, 0]
76_76_482_72_0_16_32_64_0_0_0_0_0_24_0_null_[0, 64, 2, 0]
77_77_482_72_0_16_32_64_0_0_0_0_0_24_0_null_[0, 64, 2, 0]
78_78_482_72_0_16_32_64_0_0_0_0_0_24_0_null_[0, 64, 2, 0]
79_79_568_84_0_16_32_64_0_0_0_0_0_24_0_null_[0, 64, 2, 0]
80_80_568_84_0_16_32_64_0_0_0_0_0_24_0_null_[0, 64, 2, 0]
81_81_568_84_0_16_32_64_0_0_0_0_0_24_0_null_[0, 64, 2, 0]
82_82_568_84_0_16_32_64_0_0_0_0_0_24_0_null_[0, 64, 2, 0]
83_83_568_84_0_16_32_64_0_0_0_0_0_24_0_null_[0, 64, 2, 0]
84_84_568_84_0_16_32_64_0_0_0_0_0_24_0_null_[0, 64, 2, 0]
85_85_568_84_0_16_32_64_0_0_0_0_0_24_0_null_[0, 64, 2, 0]
86_86_568_84_0_16_32_64_0_0_0_0_0_24_0_null_[0, 64, 2, 0]
87_87_568_84_0_16_32_64_0_0_0_0_0_24_0_null_[0, 64, 2, 0]
88_88_568_84_0_16_32_64_0_0_0_0_0_24_0_null_[0, 64, 2, 0]
89_89_568_84_0_16_32_64_0_0_0_0_0_24_0_null_[0, 64, 2, 0]
90_90_568_84_0_16_32_64_0_0_0_0_0_24_0_null_[0, 64, 2, 0]
91_91_568_84_0_16_32_64_0_0_0_0_0_24_0_null_[0, 64, 2, 0]
92_92_568_84_0_16_32_64_0_0_0_0_0_24_0_null_[0, 64, 2, 0]
93_93_568_84_0_16_32_64_0_0_0_0_0_24_0_null_[0, 64, 2, 0]
94_94_568_84_0_16_32_64_0_0_0_0_0_24_0_null_[0, 64, 2, 0]
95_95_568_84_0_16_32_64_0_0_0_0_0_24_0_null_[0, 64, 2, 0]
96_96_568_84_0_16_32_64_0_0_0_0_0_24_0_null_[0, 64, 2, 0]
97_97_568_84_0_16_32_64_0_0_0_0_0_24_0_null_[0, 64, 2, 0]
98_98_568_84_0_16_32_64_0_0_0_0_0_24_0_null_[0, 64, 2, 0]
99_99_568_84_0_16_32_64_0_0_0_0_0_24_0_null_[0, 64, 2, 0]
100_100_568_84_0_16_32_64_0_0_0_0_0_24_0_null_[0, 64, 2, 0]
101_101_568_84_0_16_32_64_0_0_0_0_0_24_0_null_[0, 64, 2, 0]
102_102_568_84_0_16_32_64_0_0_0_0_0_24_0_null_[0, 64, 2, 0]
103_103_568_84_0_16_32_64_0_0_0_0_0_24_0_null_[0, 64, 2, 0]
104_104_568_84_0_16_32_64_0_0_0_0_0_24_0_null_[0, 64, 2, 0]
105_105_568_84_0_16_32_64_0_0_0_0_0_24_0_null_[0, 64, 2, 0]
106_106_568_84_0_16_32_64_0_0_0_0_0_24_0_null_[0, 64, 2, 0]
107_107_568_84_0_16_32_64_0_0_0_0_0_24_0_null_[0, 64, 2, 0]
108_108_568_84_0_16_32_64_0_0_0_0_0_24_0_null_[0, 64, 2, 0]
109_109_568_84_0_16_32_64_0_0_0_0_0_24_0_null_[0, 64, 2, 0]
110_110_568_84_0_16_32_64_0_0_0_0_0_24_0_null_[0, 64, 2, 0]
111_111_568_84_0_16_32_64_0_0_0_0_0_24_0_null_[0, 64, 2, 0]
112_112_568_84_0_16_32_64_0_0_0_0_0_24_0_null_[0, 64, 2, 0]
113_113_568_84_0_16_32_64_0_0_0_0_0_24_0_null_[0, 64, 2, 0]
114_114_568_84_0_16_32_64_0_0_0_0_0_24_0_null_[0, 64, 2, 0]
115_115_568_84_0_16_32_64_0_0_0_0_0_24_0_null_[0, 64, 2, 0]
116_116_568_84_0_16_32_64_0_0_0_0_0_24_0_null_[0, 64, 2, 0]
117_117_568_84_0_16_32_64_0_0_0_0_0_24_0_null_[0, 64, 2, 0]
118_118_568_84_0_16_32_64_0_0_0_0_0_24_0_null_[0, 64, 2, 0]
119_119_568_84_0_16_32_64_0_0_0_0_0_24_0_null_[0, 64, 2, 0]
120_120_568_84_0_16_32_64_0_0_0_0_0_24_0_null_[0, 64, 2, 0]
121_121_568_84_0_16_32_64_0_0_0_0_0_24_0_null_[0, 64, 2, 0]
122_122_568_84_0_16_32_64_0_0_0_0_0_24_0_null_[0, 64, 2, 0]
123_123_568_84_0_16_32_64_0_0_0_0_0_24_0_null_[0, 64, 2, 0]
124_124_568_84_0_16_32_64_0_0_0_0_0_24_0_null_[0, 64, 2, 0]
125_125_568_84_0_16_32_64_0_0_0_0_0_24_0_null_[0, 64, 2, 0]
126_126_568_84_0_16_32_64_0_0_0_0_0_24_0_null_[0, 64, 2, 0]
127_127_568_84_0_16_32_64_0_0_0_0_0_24_0_null_[0, 64, 2, 0]
