0_0_208_60_0_39_32_64_0_0_0_0_0_24_0_null_[0, 64, 2, 0]
1_1_208_60_0_39_32_64_0_0_0_0_0_24_0_null_[0, 64, 2, 0]
2_2_208_60_0_39_32_64_0_0_0_0_0_24_0_null_[0, 64, 2, 0]
3_3_208_60_0_39_32_64_0_0_0_0_0_24_0_null_[0, 64, 2, 0]
4_4_208_60_0_39_32_64_0_0_0_0_0_24_0_null_[0, 64, 2, 0]
5_5_208_60_0_39_32_64_0_0_0_0_0_24_0_null_[0, 64, 2, 0]
6_6_208_60_0_39_32_64_0_0_0_0_0_24_0_null_[0, 64, 2, 0]
7_7_208_60_0_39_32_64_0_0_0_0_0_24_0_null_[0, 64, 2, 0]
8_8_208_60_0_39_32_64_0_0_0_0_0_24_0_null_[0, 64, 2, 0]
9_9_208_60_0_39_32_64_0_0_0_0_0_24_0_null_[0, 64, 2, 0]
10_10_208_60_0_39_32_64_0_0_0_0_0_24_0_null_[0, 64, 2, 0]
11_11_208_60_0_39_32_64_0_0_0_0_0_24_0_null_[0, 64, 2, 0]
12_12_208_60_0_39_32_64_0_0_0_0_0_24_0_null_[0, 64, 2, 0]
13_13_208_60_0_39_32_64_0_0_0_0_0_24_0_null_[0, 64, 2, 0]
14_14_208_60_0_39_32_64_0_0_0_0_0_24_0_null_[0, 64, 2, 0]
15_15_208_60_0_39_32_64_0_0_0_0_0_24_0_null_[0, 64, 2, 0]
16_16_208_60_0_39_32_64_0_0_0_0_0_24_0_null_[0, 64, 2, 0]
17_17_208_60_0_39_32_64_0_0_0_0_0_24_0_null_[0, 64, 2, 0]
18_18_208_60_0_39_32_64_0_0_0_0_0_24_0_null_[0, 64, 2, 0]
19_19_208_60_0_39_32_64_0_0_0_0_0_24_0_null_[0, 64, 2, 0]
20_20_208_60_0_39_32_64_0_0_0_0_0_24_0_null_[0, 64, 2, 0]
21_21_208_60_0_39_32_64_0_0_0_0_0_24_0_null_[0, 64, 2, 0]
22_22_208_60_0_39_32_64_0_0_0_0_0_24_0_null_[0, 64, 2, 0]
23_23_208_60_0_39_32_64_0_0_0_0_0_24_0_null_[0, 64, 2, 0]
24_24_208_60_0_39_32_64_0_0_0_0_0_24_0_null_[0, 64, 2, 0]
25_25_208_60_0_39_32_64_0_0_0_0_0_24_0_null_[0, 64, 2, 0]
26_26_208_60_0_39_32_64_0_0_0_0_0_24_0_null_[0, 64, 2, 0]
27_27_208_60_0_39_32_64_0_0_0_0_0_24_0_null_[0, 64, 2, 0]
28_28_208_60_0_39_32_64_0_0_0_0_0_24_0_null_[0, 64, 2, 0]
29_29_208_60_0_39_32_64_0_0_0_0_0_24_0_null_[0, 64, 2, 0]
30_30_208_60_0_39_32_64_0_0_0_0_0_24_0_null_[0, 64, 2, 0]
31_31_208_60_0_39_32_64_0_0_0_0_0_24_0_null_[0, 64, 2, 0]
32_32_208_60_0_39_32_64_0_0_0_0_0_24_0_null_[0, 64, 2, 0]
33_33_208_60_0_39_32_64_0_0_0_0_0_24_0_null_[0, 64, 2, 0]
34_34_208_60_0_39_32_64_0_0_0_0_0_24_0_null_[0, 64, 2, 0]
35_35_208_60_0_39_32_64_0_0_0_0_0_24_0_null_[0, 64, 2, 0]
36_36_208_60_0_39_32_64_0_0_0_0_0_24_0_null_[0, 64, 2, 0]
37_37_208_60_0_39_32_64_0_0_0_0_0_24_0_null_[0, 64, 2, 0]
38_38_208_60_0_39_32_64_0_0_0_0_0_24_0_null_[0, 64, 2, 0]
39_39_208_60_0_39_32_64_0_0_0_0_0_24_0_null_[0, 64, 2, 0]
40_40_208_60_0_39_32_64_0_0_0_0_0_24_0_null_[0, 64, 2, 0]
41_41_208_60_0_39_32_64_0_0_0_0_0_24_0_null_[0, 64, 2, 0]
42_42_208_60_0_39_32_64_0_0_0_0_0_24_0_null_[0, 64, 2, 0]
43_43_208_60_0_39_32_64_0_0_0_0_0_24_0_null_[0, 64, 2, 0]
44_44_208_60_0_39_32_64_0_0_0_0_0_24_0_null_[0, 64, 2, 0]
45_45_208_60_0_39_32_64_0_0_0_0_0_24_0_null_[0, 64, 2, 0]
46_46_208_60_0_39_32_64_0_0_0_0_0_24_0_null_[0, 64, 2, 0]
47_47_208_60_0_39_32_64_0_0_0_0_0_24_0_null_[0, 64, 2, 0]
48_48_208_60_0_39_32_64_0_0_0_0_0_24_0_null_[0, 64, 2, 0]
49_49_208_60_0_39_32_64_0_0_0_0_0_24_0_null_[0, 64, 2, 0]
50_50_208_60_0_39_32_64_0_0_0_0_0_24_0_null_[0, 64, 2, 0]
51_51_208_60_0_39_32_64_0_0_0_0_0_24_0_null_[0, 64, 2, 0]
52_52_208_60_0_39_32_64_0_0_0_0_0_24_0_null_[0, 64, 2, 0]
53_53_208_60_0_39_32_64_0_0_0_0_0_24_0_null_[0, 64, 2, 0]
54_54_208_60_0_39_32_64_0_0_0_0_0_24_0_null_[0, 64, 2, 0]
55_55_208_60_0_39_32_64_0_0_0_0_0_24_0_null_[0, 64, 2, 0]
56_56_208_60_0_39_32_64_0_0_0_0_0_24_0_null_[0, 64, 2, 0]
57_57_208_60_0_39_32_64_0_0_0_0_0_24_0_null_[0, 64, 2, 0]
58_58_208_60_0_39_32_64_0_0_0_0_0_24_0_null_[0, 64, 2, 0]
59_59_208_60_0_39_32_64_0_0_0_0_0_24_0_null_[0, 64, 2, 0]
60_60_208_60_0_39_32_64_0_0_0_0_0_24_0_null_[0, 64, 2, 0]
61_61_208_60_0_39_32_64_0_0_0_0_0_24_0_null_[0, 64, 2, 0]
62_62_208_60_0_39_32_64_0_0_0_0_0_24_0_null_[0, 64, 2, 0]
63_63_208_60_0_39_32_64_0_0_0_0_0_24_0_null_[0, 64, 2, 0]
64_64_208_60_0_39_32_64_0_0_0_0_0_24_0_null_[0, 64, 2, 0]
65_65_208_60_0_39_32_64_0_0_0_0_0_24_0_null_[0, 64, 2, 0]
66_66_208_60_0_39_32_64_0_0_0_0_0_24_0_null_[0, 64, 2, 0]
67_67_208_60_0_39_32_64_0_0_0_0_0_24_0_null_[0, 64, 2, 0]
68_68_208_60_0_39_32_64_0_0_0_0_0_24_0_null_[0, 64, 2, 0]
69_69_208_60_0_39_32_64_0_0_0_0_0_24_0_null_[0, 64, 2, 0]
70_70_208_60_0_39_32_64_0_0_0_0_0_24_0_null_[0, 64, 2, 0]
71_71_208_60_0_39_32_64_0_0_0_0_0_24_0_null_[0, 64, 2, 0]
72_72_208_60_0_39_32_64_0_0_0_0_0_24_0_null_[0, 64, 2, 0]
73_73_208_60_0_39_32_64_0_0_0_0_0_24_0_null_[0, 64, 2, 0]
74_74_208_60_0_39_32_64_0_0_0_0_0_24_0_null_[0, 64, 2, 0]
75_75_208_60_0_39_32_64_0_0_0_0_0_24_0_null_[0, 64, 2, 0]
76_76_208_60_0_39_32_64_0_0_0_0_0_24_0_null_[0, 64, 2, 0]
77_77_208_60_0_39_32_64_0_0_0_0_0_24_0_null_[0, 64, 2, 0]
78_78_208_60_0_39_32_64_0_0_0_0_0_24_0_null_[0, 64, 2, 0]
79_79_208_60_0_39_32_64_0_0_0_0_0_24_0_null_[0, 64, 2, 0]
80_80_208_60_0_39_32_64_0_0_0_0_0_24_0_null_[0, 64, 2, 0]
81_81_208_60_0_39_32_64_0_0_0_0_0_24_0_null_[0, 64, 2, 0]
82_82_208_60_0_39_32_64_0_0_0_0_0_24_0_null_[0, 64, 2, 0]
83_83_208_60_0_39_32_64_0_0_0_0_0_24_0_null_[0, 64, 2, 0]
84_84_208_60_0_39_32_64_0_0_0_0_0_24_0_null_[0, 64, 2, 0]
85_85_208_60_0_39_32_64_0_0_0_0_0_24_0_null_[0, 64, 2, 0]
86_86_208_60_0_39_32_64_0_0_0_0_0_24_0_null_[0, 64, 2, 0]
87_87_208_60_0_39_32_64_0_0_0_0_0_24_0_null_[0, 64, 2, 0]
88_88_208_60_0_39_32_64_0_0_0_0_0_24_0_null_[0, 64, 2, 0]
89_89_208_60_0_39_32_64_0_0_0_0_0_24_0_null_[0, 64, 2, 0]
90_90_208_60_0_39_32_64_0_0_0_0_0_24_0_null_[0, 64, 2, 0]
91_91_208_60_0_39_32_64_0_0_0_0_0_24_0_null_[0, 64, 2, 0]
92_92_208_60_0_39_32_64_0_0_0_0_0_24_0_null_[0, 64, 2, 0]
93_93_208_60_0_39_32_64_0_0_0_0_0_24_0_null_[0, 64, 2, 0]
94_94_208_60_0_39_32_64_0_0_0_0_0_24_0_null_[0, 64, 2, 0]
95_95_208_60_0_39_32_64_0_0_0_0_0_24_0_null_[0, 64, 2, 0]
96_96_208_60_0_39_32_64_0_0_0_0_0_24_0_null_[0, 64, 2, 0]
97_97_208_60_0_39_32_64_0_0_0_0_0_24_0_null_[0, 64, 2, 0]
98_98_208_60_0_39_32_64_0_0_0_0_0_24_0_null_[0, 64, 2, 0]
99_99_208_60_0_39_32_64_0_0_0_0_0_24_0_null_[0, 64, 2, 0]
100_100_208_60_0_39_32_64_0_0_0_0_0_24_0_null_[0, 64, 2, 0]
101_101_208_60_0_39_32_64_0_0_0_0_0_24_0_null_[0, 64, 2, 0]
102_102_208_60_0_39_32_64_0_0_0_0_0_24_0_null_[0, 64, 2, 0]
103_103_208_60_0_39_32_64_0_0_0_0_0_24_0_null_[0, 64, 2, 0]
104_104_208_60_0_39_32_64_0_0_0_0_0_24_0_null_[0, 64, 2, 0]
105_105_208_60_0_39_32_64_0_0_0_0_0_24_0_null_[0, 64, 2, 0]
106_106_208_60_0_39_32_64_0_0_0_0_0_24_0_null_[0, 64, 2, 0]
107_107_208_60_0_39_32_64_0_0_0_0_0_24_0_null_[0, 64, 2, 0]
108_108_208_60_0_39_32_64_0_0_0_0_0_24_0_null_[0, 64, 2, 0]
109_109_208_60_0_39_32_64_0_0_0_0_0_24_0_null_[0, 64, 2, 0]
110_110_208_60_0_39_32_64_0_0_0_0_0_24_0_null_[0, 64, 2, 0]
111_111_208_60_0_39_32_64_0_0_0_0_0_24_0_null_[0, 64, 2, 0]
112_112_208_60_0_39_32_64_0_0_0_0_0_24_0_null_[0, 64, 2, 0]
113_113_208_60_0_39_32_64_0_0_0_0_0_24_0_null_[0, 64, 2, 0]
114_114_208_60_0_39_32_64_0_0_0_0_0_24_0_null_[0, 64, 2, 0]
115_115_208_60_0_39_32_64_0_0_0_0_0_24_0_null_[0, 64, 2, 0]
116_116_208_60_0_39_32_64_0_0_0_0_0_24_0_null_[0, 64, 2, 0]
117_117_208_60_0_39_32_64_0_0_0_0_0_24_0_null_[0, 64, 2, 0]
118_118_208_60_0_39_32_64_0_0_0_0_0_24_0_null_[0, 64, 2, 0]
119_119_208_60_0_39_32_64_0_0_0_0_0_24_0_null_[0, 64, 2, 0]
120_120_208_60_0_39_32_64_0_0_0_0_0_24_0_null_[0, 64, 2, 0]
121_121_208_60_0_39_32_64_0_0_0_0_0_24_0_null_[0, 64, 2, 0]
122_122_208_60_0_39_32_64_0_0_0_0_0_24_0_null_[0, 64, 2, 0]
123_123_208_60_0_39_32_64_0_0_0_0_0_24_0_null_[0, 64, 2, 0]
124_124_208_60_0_39_32_64_0_0_0_0_0_24_0_null_[0, 64, 2, 0]
125_125_208_60_0_39_32_64_0_0_0_0_0_24_0_null_[0, 64, 2, 0]
126_126_208_60_0_39_32_64_0_0_0_0_0_24_0_null_[0, 64, 2, 0]
127_127_208_60_0_39_32_64_0_0_0_0_0_24_0_null_[0, 64, 2, 0]
