0_0_399_84_0_36_32_64_0_0_0_0_0_24_0_null_[0, 64, 2, 0]
1_1_399_84_0_36_32_64_0_0_0_0_0_24_0_null_[0, 64, 2, 0]
2_2_399_84_0_36_32_64_0_0_0_0_0_24_0_null_[0, 64, 2, 0]
3_3_399_84_0_36_32_64_0_0_0_0_0_24_0_null_[0, 64, 2, 0]
4_4_399_84_0_36_32_64_0_0_0_0_0_24_0_null_[0, 64, 2, 0]
5_5_399_84_0_36_32_64_0_0_0_0_0_24_0_null_[0, 64, 2, 0]
6_6_399_84_0_36_32_64_0_0_0_0_0_24_0_null_[0, 64, 2, 0]
7_7_399_84_0_36_32_64_0_0_0_0_0_24_0_null_[0, 64, 2, 0]
8_8_399_84_0_36_32_64_0_0_0_0_0_24_0_null_[0, 64, 2, 0]
9_9_399_84_0_36_32_64_0_0_0_0_0_24_0_null_[0, 64, 2, 0]
10_10_399_84_0_36_32_64_0_0_0_0_0_24_0_null_[0, 64, 2, 0]
11_11_399_84_0_36_32_64_0_0_0_0_0_24_0_null_[0, 64, 2, 0]
12_12_399_84_0_36_32_64_0_0_0_0_0_24_0_null_[0, 64, 2, 0]
13_13_399_84_0_36_32_64_0_0_0_0_0_24_0_null_[0, 64, 2, 0]
14_14_399_84_0_36_32_64_0_0_0_0_0_24_0_null_[0, 64, 2, 0]
15_15_399_84_0_36_32_64_0_0_0_0_0_24_0_null_[0, 64, 2, 0]
16_16_399_84_0_36_32_64_0_0_0_0_0_24_0_null_[0, 64, 2, 0]
17_17_399_84_0_36_32_64_0_0_0_0_0_24_0_null_[0, 64, 2, 0]
18_18_399_84_0_36_32_64_0_0_0_0_0_24_0_null_[0, 64, 2, 0]
19_19_399_84_0_36_32_64_0_0_0_0_0_24_0_null_[0, 64, 2, 0]
20_20_399_84_0_36_32_64_0_0_0_0_0_24_0_null_[0, 64, 2, 0]
21_21_399_84_0_36_32_64_0_0_0_0_0_24_0_null_[0, 64, 2, 0]
22_22_399_84_0_36_32_64_0_0_0_0_0_24_0_null_[0, 64, 2, 0]
23_23_399_84_0_36_32_64_0_0_0_0_0_24_0_null_[0, 64, 2, 0]
24_24_399_84_0_36_32_64_0_0_0_0_0_24_0_null_[0, 64, 2, 0]
25_25_399_84_0_36_32_64_0_0_0_0_0_24_0_null_[0, 64, 2, 0]
26_26_399_84_0_36_32_64_0_0_0_0_0_24_0_null_[0, 64, 2, 0]
27_27_399_84_0_36_32_64_0_0_0_0_0_24_0_null_[0, 64, 2, 0]
28_28_399_84_0_36_32_64_0_0_0_0_0_24_0_null_[0, 64, 2, 0]
29_29_399_84_0_36_32_64_0_0_0_0_0_24_0_null_[0, 64, 2, 0]
30_30_399_84_0_36_32_64_0_0_0_0_0_24_0_null_[0, 64, 2, 0]
31_31_399_84_0_36_32_64_0_0_0_0_0_24_0_null_[0, 64, 2, 0]
32_32_399_84_0_36_32_64_0_0_0_0_0_24_0_null_[0, 64, 2, 0]
33_33_399_84_0_36_32_64_0_0_0_0_0_24_0_null_[0, 64, 2, 0]
34_34_399_84_0_36_32_64_0_0_0_0_0_24_0_null_[0, 64, 2, 0]
35_35_399_84_0_36_32_64_0_0_0_0_0_24_0_null_[0, 64, 2, 0]
36_36_399_84_0_36_32_64_0_0_0_0_0_24_0_null_[0, 64, 2, 0]
37_37_399_84_0_36_32_64_0_0_0_0_0_24_0_null_[0, 64, 2, 0]
38_38_399_84_0_36_32_64_0_0_0_0_0_24_0_null_[0, 64, 2, 0]
39_39_399_84_0_36_32_64_0_0_0_0_0_24_0_null_[0, 64, 2, 0]
40_40_399_84_0_36_32_64_0_0_0_0_0_24_0_null_[0, 64, 2, 0]
41_41_399_84_0_36_32_64_0_0_0_0_0_24_0_null_[0, 64, 2, 0]
42_42_399_84_0_36_32_64_0_0_0_0_0_24_0_null_[0, 64, 2, 0]
43_43_399_84_0_36_32_64_0_0_0_0_0_24_0_null_[0, 64, 2, 0]
44_44_399_84_0_36_32_64_0_0_0_0_0_24_0_null_[0, 64, 2, 0]
45_45_399_84_0_36_32_64_0_0_0_0_0_24_0_null_[0, 64, 2, 0]
46_46_399_84_0_36_32_64_0_0_0_0_0_24_0_null_[0, 64, 2, 0]
47_47_399_84_0_36_32_64_0_0_0_0_0_24_0_null_[0, 64, 2, 0]
48_48_399_84_0_36_32_64_0_0_0_0_0_24_0_null_[0, 64, 2, 0]
49_49_399_84_0_36_32_64_0_0_0_0_0_24_0_null_[0, 64, 2, 0]
50_50_399_84_0_36_32_64_0_0_0_0_0_24_0_null_[0, 64, 2, 0]
51_51_399_84_0_36_32_64_0_0_0_0_0_24_0_null_[0, 64, 2, 0]
52_52_399_84_0_36_32_64_0_0_0_0_0_24_0_null_[0, 64, 2, 0]
53_53_399_84_0_36_32_64_0_0_0_0_0_24_0_null_[0, 64, 2, 0]
54_54_399_84_0_36_32_64_0_0_0_0_0_24_0_null_[0, 64, 2, 0]
55_55_399_84_0_36_32_64_0_0_0_0_0_24_0_null_[0, 64, 2, 0]
56_56_399_84_0_36_32_64_0_0_0_0_0_24_0_null_[0, 64, 2, 0]
57_57_399_84_0_36_32_64_0_0_0_0_0_24_0_null_[0, 64, 2, 0]
58_58_399_84_0_36_32_64_0_0_0_0_0_24_0_null_[0, 64, 2, 0]
59_59_399_84_0_36_32_64_0_0_0_0_0_24_0_null_[0, 64, 2, 0]
60_60_399_84_0_36_32_64_0_0_0_0_0_24_0_null_[0, 64, 2, 0]
61_61_399_84_0_36_32_64_0_0_0_0_0_24_0_null_[0, 64, 2, 0]
62_62_399_84_0_36_32_64_0_0_0_0_0_24_0_null_[0, 64, 2, 0]
63_63_399_84_0_36_32_64_0_0_0_0_0_24_0_null_[0, 64, 2, 0]
64_64_399_84_0_36_32_64_0_0_0_0_0_24_0_null_[0, 64, 2, 0]
65_65_399_84_0_36_32_64_0_0_0_0_0_24_0_null_[0, 64, 2, 0]
66_66_399_84_0_36_32_64_0_0_0_0_0_24_0_null_[0, 64, 2, 0]
67_67_399_84_0_36_32_64_0_0_0_0_0_24_0_null_[0, 64, 2, 0]
68_68_399_84_0_36_32_64_0_0_0_0_0_24_0_null_[0, 64, 2, 0]
69_69_399_84_0_36_32_64_0_0_0_0_0_24_0_null_[0, 64, 2, 0]
70_70_399_84_0_36_32_64_0_0_0_0_0_24_0_null_[0, 64, 2, 0]
71_71_399_84_0_36_32_64_0_0_0_0_0_24_0_null_[0, 64, 2, 0]
72_72_399_84_0_36_32_64_0_0_0_0_0_24_0_null_[0, 64, 2, 0]
73_73_399_84_0_36_32_64_0_0_0_0_0_24_0_null_[0, 64, 2, 0]
74_74_399_84_0_36_32_64_0_0_0_0_0_24_0_null_[0, 64, 2, 0]
75_75_399_84_0_36_32_64_0_0_0_0_0_24_0_null_[0, 64, 2, 0]
76_76_399_84_0_36_32_64_0_0_0_0_0_24_0_null_[0, 64, 2, 0]
77_77_399_84_0_36_32_64_0_0_0_0_0_24_0_null_[0, 64, 2, 0]
78_78_399_84_0_36_32_64_0_0_0_0_0_24_0_null_[0, 64, 2, 0]
79_79_399_84_0_36_32_64_0_0_0_0_0_24_0_null_[0, 64, 2, 0]
80_80_399_84_0_36_32_64_0_0_0_0_0_24_0_null_[0, 64, 2, 0]
81_81_399_84_0_36_32_64_0_0_0_0_0_24_0_null_[0, 64, 2, 0]
82_82_399_84_0_36_32_64_0_0_0_0_0_24_0_null_[0, 64, 2, 0]
83_83_399_84_0_36_32_64_0_0_0_0_0_24_0_null_[0, 64, 2, 0]
84_84_399_84_0_36_32_64_0_0_0_0_0_24_0_null_[0, 64, 2, 0]
85_85_399_84_0_36_32_64_0_0_0_0_0_24_0_null_[0, 64, 2, 0]
86_86_399_84_0_36_32_64_0_0_0_0_0_24_0_null_[0, 64, 2, 0]
87_87_399_84_0_36_32_64_0_0_0_0_0_24_0_null_[0, 64, 2, 0]
88_88_399_84_0_36_32_64_0_0_0_0_0_24_0_null_[0, 64, 2, 0]
89_89_399_84_0_36_32_64_0_0_0_0_0_24_0_null_[0, 64, 2, 0]
90_90_399_84_0_36_32_64_0_0_0_0_0_24_0_null_[0, 64, 2, 0]
91_91_399_84_0_36_32_64_0_0_0_0_0_24_0_null_[0, 64, 2, 0]
92_92_399_84_0_36_32_64_0_0_0_0_0_24_0_null_[0, 64, 2, 0]
93_93_399_84_0_36_32_64_0_0_0_0_0_24_0_null_[0, 64, 2, 0]
94_94_399_84_0_36_32_64_0_0_0_0_0_24_0_null_[0, 64, 2, 0]
95_95_399_84_0_36_32_64_0_0_0_0_0_24_0_null_[0, 64, 2, 0]
96_96_399_84_0_36_32_64_0_0_0_0_0_24_0_null_[0, 64, 2, 0]
97_97_399_84_0_36_32_64_0_0_0_0_0_24_0_null_[0, 64, 2, 0]
98_98_399_84_0_36_32_64_0_0_0_0_0_24_0_null_[0, 64, 2, 0]
99_99_399_84_0_36_32_64_0_0_0_0_0_24_0_null_[0, 64, 2, 0]
100_100_399_84_0_36_32_64_0_0_0_0_0_24_0_null_[0, 64, 2, 0]
101_101_399_84_0_36_32_64_0_0_0_0_0_24_0_null_[0, 64, 2, 0]
102_102_399_84_0_36_32_64_0_0_0_0_0_24_0_null_[0, 64, 2, 0]
103_103_399_84_0_36_32_64_0_0_0_0_0_24_0_null_[0, 64, 2, 0]
104_104_399_84_0_36_32_64_0_0_0_0_0_24_0_null_[0, 64, 2, 0]
105_105_399_84_0_36_32_64_0_0_0_0_0_24_0_null_[0, 64, 2, 0]
106_106_399_84_0_36_32_64_0_0_0_0_0_24_0_null_[0, 64, 2, 0]
107_107_399_84_0_36_32_64_0_0_0_0_0_24_0_null_[0, 64, 2, 0]
108_108_399_84_0_36_32_64_0_0_0_0_0_24_0_null_[0, 64, 2, 0]
109_109_399_84_0_36_32_64_0_0_0_0_0_24_0_null_[0, 64, 2, 0]
110_110_399_84_0_36_32_64_0_0_0_0_0_24_0_null_[0, 64, 2, 0]
111_111_399_84_0_36_32_64_0_0_0_0_0_24_0_null_[0, 64, 2, 0]
112_112_399_84_0_36_32_64_0_0_0_0_0_24_0_null_[0, 64, 2, 0]
113_113_399_84_0_36_32_64_0_0_0_0_0_24_0_null_[0, 64, 2, 0]
114_114_399_84_0_36_32_64_0_0_0_0_0_24_0_null_[0, 64, 2, 0]
115_115_399_84_0_36_32_64_0_0_0_0_0_24_0_null_[0, 64, 2, 0]
116_116_399_84_0_36_32_64_0_0_0_0_0_24_0_null_[0, 64, 2, 0]
117_117_399_84_0_36_32_64_0_0_0_0_0_24_0_null_[0, 64, 2, 0]
118_118_399_84_0_36_32_64_0_0_0_0_0_24_0_null_[0, 64, 2, 0]
119_119_399_84_0_36_32_64_0_0_0_0_0_24_0_null_[0, 64, 2, 0]
120_120_399_84_0_36_32_64_0_0_0_0_0_24_0_null_[0, 64, 2, 0]
121_121_399_84_0_36_32_64_0_0_0_0_0_24_0_null_[0, 64, 2, 0]
122_122_399_84_0_36_32_64_0_0_0_0_0_24_0_null_[0, 64, 2, 0]
123_123_399_84_0_36_32_64_0_0_0_0_0_24_0_null_[0, 64, 2, 0]
124_124_399_84_0_36_32_64_0_0_0_0_0_24_0_null_[0, 64, 2, 0]
125_125_399_84_0_36_32_64_0_0_0_0_0_24_0_null_[0, 64, 2, 0]
126_126_399_84_0_36_32_64_0_0_0_0_0_24_0_null_[0, 64, 2, 0]
127_127_399_84_0_36_32_64_0_0_0_0_0_24_0_null_[0, 64, 2, 0]
