0_0_213_60_0_26_32_64_0_0_0_0_0_24_0_null_[0, 64, 46, 0]
1_1_213_60_0_26_32_64_0_0_0_0_0_24_0_null_[0, 64, 46, 0]
2_2_213_60_0_26_32_64_0_0_0_0_0_24_0_null_[0, 64, 46, 0]
3_3_213_60_0_26_32_64_0_0_0_0_0_24_0_null_[0, 64, 46, 0]
4_4_213_60_0_26_32_64_0_0_0_0_0_24_0_null_[0, 64, 46, 0]
5_5_213_60_0_26_32_64_0_0_0_0_0_24_0_null_[0, 64, 46, 0]
6_6_213_60_0_26_32_64_0_0_0_0_0_24_0_null_[0, 64, 46, 0]
7_7_213_60_0_26_32_64_0_0_0_0_0_24_0_null_[0, 64, 46, 0]
8_8_213_60_0_26_32_64_0_0_0_0_0_24_0_null_[0, 64, 46, 0]
9_9_213_60_0_26_32_64_0_0_0_0_0_24_0_null_[0, 64, 46, 0]
10_10_213_60_0_26_32_64_0_0_0_0_0_24_0_null_[0, 64, 46, 0]
11_11_213_60_0_26_32_64_0_0_0_0_0_24_0_null_[0, 64, 46, 0]
12_12_213_60_0_26_32_64_0_0_0_0_0_24_0_null_[0, 64, 46, 0]
13_13_213_60_0_26_32_64_0_0_0_0_0_24_0_null_[0, 64, 46, 0]
14_14_213_60_0_26_32_64_0_0_0_0_0_24_0_null_[0, 64, 46, 0]
15_15_213_60_0_26_32_64_0_0_0_0_0_24_0_null_[0, 64, 46, 0]
16_16_213_60_0_26_32_64_0_0_0_0_0_24_0_null_[0, 64, 46, 0]
17_17_213_60_0_26_32_64_0_0_0_0_0_24_0_null_[0, 64, 46, 0]
18_18_213_60_0_26_32_64_0_0_0_0_0_24_0_null_[0, 64, 46, 0]
19_19_213_60_0_26_32_64_0_0_0_0_0_24_0_null_[0, 64, 46, 0]
20_20_213_60_0_26_32_64_0_0_0_0_0_24_0_null_[0, 64, 46, 0]
21_21_213_60_0_26_32_64_0_0_0_0_0_24_0_null_[0, 64, 46, 0]
22_22_213_60_0_26_32_64_0_0_0_0_0_24_0_null_[0, 64, 46, 0]
23_23_213_60_0_26_32_64_0_0_0_0_0_24_0_null_[0, 64, 46, 0]
24_24_213_60_0_26_32_64_0_0_0_0_0_24_0_null_[0, 64, 46, 0]
25_25_213_60_0_26_32_64_0_0_0_0_0_24_0_null_[0, 64, 46, 0]
26_26_213_60_0_26_32_64_0_0_0_0_0_24_0_null_[0, 64, 46, 0]
27_27_213_60_0_26_32_64_0_0_0_0_0_24_0_null_[0, 64, 46, 0]
28_28_213_60_0_26_32_64_0_0_0_0_0_24_0_null_[0, 64, 46, 0]
29_29_213_60_0_26_32_64_0_0_0_0_0_24_0_null_[0, 64, 46, 0]
30_30_213_60_0_26_32_64_0_0_0_0_0_24_0_null_[0, 64, 46, 0]
31_31_213_60_0_26_32_64_0_0_0_0_0_24_0_null_[0, 64, 46, 0]
32_32_213_60_0_26_32_64_0_0_0_0_0_24_0_null_[0, 64, 46, 0]
33_33_213_60_0_26_32_64_0_0_0_0_0_24_0_null_[0, 64, 46, 0]
34_34_213_60_0_26_32_64_0_0_0_0_0_24_0_null_[0, 64, 46, 0]
35_35_213_60_0_26_32_64_0_0_0_0_0_24_0_null_[0, 64, 46, 0]
36_36_213_60_0_26_32_64_0_0_0_0_0_24_0_null_[0, 64, 46, 0]
37_37_213_60_0_26_32_64_0_0_0_0_0_24_0_null_[0, 64, 46, 0]
38_38_213_60_0_26_32_64_0_0_0_0_0_24_0_null_[0, 64, 46, 0]
39_39_213_60_0_26_32_64_0_0_0_0_0_24_0_null_[0, 64, 46, 0]
40_40_213_60_0_26_32_64_0_0_0_0_0_24_0_null_[0, 64, 46, 0]
41_41_213_60_0_26_32_64_0_0_0_0_0_24_0_null_[0, 64, 46, 0]
42_42_213_60_0_26_32_64_0_0_0_0_0_24_0_null_[0, 64, 46, 0]
43_43_213_60_0_26_32_64_0_0_0_0_0_24_0_null_[0, 64, 46, 0]
44_44_213_60_0_26_32_64_0_0_0_0_0_24_0_null_[0, 64, 46, 0]
45_45_213_60_0_26_32_64_0_0_0_0_0_24_0_null_[0, 64, 46, 0]
46_46_213_60_0_26_32_64_0_0_0_0_0_24_0_null_[0, 64, 46, 0]
47_47_213_60_0_26_32_64_0_0_0_0_0_24_0_null_[0, 64, 46, 0]
48_48_213_60_0_26_32_64_0_0_0_0_0_24_0_null_[0, 64, 46, 0]
49_49_213_60_0_26_32_64_0_0_0_0_0_24_0_null_[0, 64, 46, 0]
50_50_213_60_0_26_32_64_0_0_0_0_0_24_0_null_[0, 64, 46, 0]
51_51_213_60_0_26_32_64_0_0_0_0_0_24_0_null_[0, 64, 46, 0]
52_52_213_60_0_26_32_64_0_0_0_0_0_24_0_null_[0, 64, 46, 0]
53_53_213_60_0_26_32_64_0_0_0_0_0_24_0_null_[0, 64, 46, 0]
54_54_213_60_0_26_32_64_0_0_0_0_0_24_0_null_[0, 64, 46, 0]
55_55_213_60_0_26_32_64_0_0_0_0_0_24_0_null_[0, 64, 46, 0]
56_56_213_60_0_26_32_64_0_0_0_0_0_24_0_null_[0, 64, 46, 0]
57_57_213_60_0_26_32_64_0_0_0_0_0_24_0_null_[0, 64, 46, 0]
58_58_213_60_0_26_32_64_0_0_0_0_0_24_0_null_[0, 64, 46, 0]
59_59_213_60_0_26_32_64_0_0_0_0_0_24_0_null_[0, 64, 46, 0]
60_60_213_60_0_26_32_64_0_0_0_0_0_24_0_null_[0, 64, 46, 0]
61_61_213_60_0_26_32_64_0_0_0_0_0_24_0_null_[0, 64, 46, 0]
62_62_213_60_0_26_32_64_0_0_0_0_0_24_0_null_[0, 64, 46, 0]
63_63_213_60_0_26_32_64_0_0_0_0_0_24_0_null_[0, 64, 46, 0]
64_64_213_60_0_26_32_64_0_0_0_0_0_24_0_null_[0, 64, 46, 0]
65_65_213_60_0_26_32_64_0_0_0_0_0_24_0_null_[0, 64, 46, 0]
66_66_213_60_0_26_32_64_0_0_0_0_0_24_0_null_[0, 64, 46, 0]
67_67_213_60_0_26_32_64_0_0_0_0_0_24_0_null_[0, 64, 46, 0]
68_68_213_60_0_26_32_64_0_0_0_0_0_24_0_null_[0, 64, 46, 0]
69_69_213_60_0_26_32_64_0_0_0_0_0_24_0_null_[0, 64, 46, 0]
70_70_213_60_0_26_32_64_0_0_0_0_0_24_0_null_[0, 64, 46, 0]
71_71_213_60_0_26_32_64_0_0_0_0_0_24_0_null_[0, 64, 46, 0]
72_72_213_60_0_26_32_64_0_0_0_0_0_24_0_null_[0, 64, 46, 0]
73_73_213_60_0_26_32_64_0_0_0_0_0_24_0_null_[0, 64, 46, 0]
74_74_213_60_0_26_32_64_0_0_0_0_0_24_0_null_[0, 64, 46, 0]
75_75_213_60_0_26_32_64_0_0_0_0_0_24_0_null_[0, 64, 46, 0]
76_76_213_60_0_26_32_64_0_0_0_0_0_24_0_null_[0, 64, 46, 0]
77_77_213_60_0_26_32_64_0_0_0_0_0_24_0_null_[0, 64, 46, 0]
78_78_213_60_0_26_32_64_0_0_0_0_0_24_0_null_[0, 64, 46, 0]
79_79_213_60_0_26_32_64_0_0_0_0_0_24_0_null_[0, 64, 46, 0]
80_80_213_60_0_26_32_64_0_0_0_0_0_24_0_null_[0, 64, 46, 0]
81_81_213_60_0_26_32_64_0_0_0_0_0_24_0_null_[0, 64, 46, 0]
82_82_213_60_0_26_32_64_0_0_0_0_0_24_0_null_[0, 64, 46, 0]
83_83_213_60_0_26_32_64_0_0_0_0_0_24_0_null_[0, 64, 46, 0]
84_84_214_84_0_26_32_64_0_0_0_0_0_24_0_null_[0, 64, 46, 0]
85_85_214_84_0_26_32_64_0_0_0_0_0_24_0_null_[0, 64, 46, 0]
86_86_214_84_0_26_32_64_0_0_0_0_0_24_0_null_[0, 64, 46, 0]
87_87_214_84_0_26_32_64_0_0_0_0_0_24_0_null_[0, 64, 46, 0]
88_88_413_96_0_26_32_64_0_0_0_0_0_24_0_null_[0, 64, 46, 0]
89_89_413_96_0_26_32_64_0_0_0_0_0_24_0_null_[0, 64, 46, 0]
90_90_413_96_0_26_32_64_0_0_0_0_0_24_0_null_[0, 64, 46, 0]
91_91_413_96_0_26_32_64_0_0_0_0_0_24_0_null_[0, 64, 46, 0]
92_92_413_96_0_26_32_64_0_0_0_0_0_24_0_null_[0, 64, 46, 0]
93_93_413_96_0_26_32_64_0_0_0_0_0_24_0_null_[0, 64, 46, 0]
94_94_413_96_0_26_32_64_0_0_0_0_0_24_0_null_[0, 64, 46, 0]
95_95_413_96_0_26_32_64_0_0_0_0_0_24_0_null_[0, 64, 46, 0]
96_96_413_96_0_26_32_64_0_0_0_0_0_24_0_null_[0, 64, 46, 0]
97_97_413_96_0_26_32_64_0_0_0_0_0_24_0_null_[0, 64, 46, 0]
98_98_413_96_0_26_32_64_0_0_0_0_0_24_0_null_[0, 64, 46, 0]
99_99_413_96_0_26_32_64_0_0_0_0_0_24_0_null_[0, 64, 46, 0]
100_100_413_96_0_26_32_64_0_0_0_0_0_24_0_null_[0, 64, 46, 0]
101_101_413_96_0_26_32_64_0_0_0_0_0_24_0_null_[0, 64, 46, 0]
102_102_413_96_0_26_32_64_0_0_0_0_0_24_0_null_[0, 64, 46, 0]
103_103_413_96_0_26_32_64_0_0_0_0_0_24_0_null_[0, 64, 46, 0]
104_104_413_96_0_26_32_64_0_0_0_0_0_24_0_null_[0, 64, 46, 0]
105_105_413_96_0_26_32_64_0_0_0_0_0_24_0_null_[0, 64, 46, 0]
106_106_413_96_0_26_32_64_0_0_0_0_0_24_0_null_[0, 64, 46, 0]
107_107_413_96_0_26_32_64_0_0_0_0_0_24_0_null_[0, 64, 46, 0]
108_108_413_96_0_26_32_64_0_0_0_0_0_24_0_null_[0, 64, 46, 0]
109_109_413_96_0_26_32_64_0_0_0_0_0_24_0_null_[0, 64, 46, 0]
110_110_413_96_0_26_32_64_0_0_0_0_0_24_0_null_[0, 64, 46, 0]
111_111_413_96_0_26_32_64_0_0_0_0_0_24_0_null_[0, 64, 46, 0]
112_112_413_96_0_26_32_64_0_0_0_0_0_24_0_null_[0, 64, 46, 0]
113_113_413_96_0_26_32_64_0_0_0_0_0_24_0_null_[0, 64, 46, 0]
114_114_413_96_0_26_32_64_0_0_0_0_0_24_0_null_[0, 64, 46, 0]
115_115_413_96_0_26_32_64_0_0_0_0_0_24_0_null_[0, 64, 46, 0]
116_116_413_96_0_26_32_64_0_0_0_0_0_24_0_null_[0, 64, 46, 0]
117_117_413_96_0_26_32_64_0_0_0_0_0_24_0_null_[0, 64, 46, 0]
118_118_413_96_0_26_32_64_0_0_0_0_0_24_0_null_[0, 64, 46, 0]
119_119_413_96_0_26_32_64_0_0_0_0_0_24_0_null_[0, 64, 46, 0]
120_120_413_96_0_26_32_64_0_0_0_0_0_24_0_null_[0, 64, 46, 0]
121_121_413_96_0_26_32_64_0_0_0_0_0_24_0_null_[0, 64, 46, 0]
122_122_413_96_0_26_32_64_0_0_0_0_0_24_0_null_[0, 64, 46, 0]
123_123_413_96_0_26_32_64_0_0_0_0_0_24_0_null_[0, 64, 46, 0]
124_124_413_96_0_26_32_64_0_0_0_0_0_24_0_null_[0, 64, 46, 0]
125_125_413_96_0_26_32_64_0_0_0_0_0_24_0_null_[0, 64, 46, 0]
126_126_413_96_0_26_32_64_0_0_0_0_0_24_0_null_[0, 64, 46, 0]
127_127_413_96_0_26_32_64_0_0_0_0_0_24_0_null_[0, 64, 46, 0]
