0_0_27_85_0_48_35_64_0_0_0_0_0_24_0_[0, 64, 10, 23]_[0, 64, 9, 41, 16, 29, 30, 17, 76, 0]
1_1_27_85_0_48_35_64_0_0_0_0_0_24_0_[0, 64, 10, 23]_[0, 64, 9, 41, 16, 29, 30, 17, 76, 0]
2_2_27_85_0_48_35_64_0_0_0_0_0_24_0_[0, 64, 10, 23]_[0, 64, 9, 41, 16, 29, 30, 17, 76, 0]
3_3_27_85_0_48_35_64_0_0_0_0_0_24_0_[0, 64, 10, 23]_[0, 64, 9, 41, 16, 29, 30, 17, 76, 0]
4_4_27_85_0_48_35_64_0_0_0_0_0_24_0_[0, 64, 10, 23]_[0, 64, 9, 41, 16, 29, 30, 17, 76, 0]
5_5_27_85_0_48_35_64_0_0_0_0_0_24_0_[0, 64, 10, 23]_[0, 64, 9, 41, 16, 29, 30, 17, 76, 0]
6_6_27_85_0_48_35_64_0_0_0_0_0_24_0_[0, 64, 10, 23]_[0, 64, 9, 41, 16, 29, 30, 17, 76, 0]
7_7_27_85_0_48_35_64_0_0_0_0_0_24_0_[0, 64, 10, 23]_[0, 64, 9, 41, 16, 29, 30, 17, 76, 0]
8_8_27_85_0_48_35_64_0_0_0_0_0_24_0_[0, 64, 10, 23]_[0, 64, 9, 41, 16, 29, 30, 17, 76, 0]
9_9_27_85_0_48_35_64_0_0_0_0_0_24_0_[0, 64, 10, 23]_[0, 64, 9, 41, 16, 29, 30, 17, 76, 0]
10_10_27_85_0_48_35_64_0_0_0_0_0_24_0_[0, 64, 10, 23]_[0, 64, 9, 41, 16, 29, 30, 17, 76, 0]
11_11_27_85_0_48_35_64_0_0_0_0_0_24_0_[0, 64, 10, 23]_[0, 64, 9, 41, 16, 29, 30, 17, 76, 0]
12_12_27_85_0_48_35_64_0_0_0_0_0_24_0_[0, 64, 10, 23]_[0, 64, 9, 41, 16, 29, 30, 17, 76, 0]
13_13_27_85_0_48_35_64_0_0_0_0_0_24_0_[0, 64, 10, 23]_[0, 64, 9, 41, 16, 29, 30, 17, 76, 0]
14_14_27_85_0_48_35_64_0_0_0_0_0_24_0_[0, 64, 10, 23]_[0, 64, 9, 41, 16, 29, 30, 17, 76, 0]
15_15_27_85_0_48_35_64_0_0_0_0_0_24_0_[0, 64, 10, 23]_[0, 64, 9, 41, 16, 29, 30, 17, 76, 0]
16_16_27_85_0_48_35_64_0_0_0_0_0_24_0_[0, 64, 10, 23]_[0, 64, 9, 41, 16, 29, 30, 17, 76, 0]
17_17_27_85_0_48_35_64_0_0_0_0_0_24_0_[0, 64, 10, 23]_[0, 64, 9, 41, 16, 29, 30, 17, 76, 0]
18_18_27_85_0_48_35_64_0_0_0_0_0_24_0_[0, 64, 10, 23]_[0, 64, 9, 41, 16, 29, 30, 17, 76, 0]
19_19_27_85_0_48_35_64_0_0_0_0_0_24_0_[0, 64, 10, 23]_[0, 64, 9, 41, 16, 29, 30, 17, 76, 0]
20_20_27_85_0_48_35_64_0_0_0_0_0_24_0_[0, 64, 10, 23]_[0, 64, 9, 41, 16, 29, 30, 17, 76, 0]
21_21_27_85_0_48_35_64_0_0_0_0_0_24_0_[0, 64, 10, 23]_[0, 64, 9, 41, 16, 29, 30, 17, 76, 0]
22_22_27_85_0_48_35_64_0_0_0_0_0_24_0_[0, 64, 10, 23]_[0, 64, 9, 41, 16, 29, 30, 17, 76, 0]
23_23_27_85_0_48_35_64_0_0_0_0_0_24_0_[0, 64, 10, 23]_[0, 64, 9, 41, 16, 29, 30, 17, 76, 0]
24_24_27_85_0_48_35_64_0_0_0_0_0_24_0_[0, 64, 10, 23]_[0, 64, 9, 41, 16, 29, 30, 17, 76, 0]
25_25_27_85_0_48_35_64_0_0_0_0_0_24_0_[0, 64, 10, 23]_[0, 64, 9, 41, 16, 29, 30, 17, 76, 0]
26_26_27_85_0_48_35_64_0_0_0_0_0_24_0_[0, 64, 10, 23]_[0, 64, 9, 41, 16, 29, 30, 17, 76, 0]
27_27_27_85_0_48_35_64_0_0_0_0_0_24_0_[0, 64, 10, 23]_[0, 64, 9, 41, 16, 29, 30, 17, 76, 0]
28_28_27_85_0_48_35_64_0_0_0_0_0_24_0_[0, 64, 10, 23]_[0, 64, 9, 41, 16, 29, 30, 17, 76, 0]
29_29_27_85_0_48_35_64_0_0_0_0_0_24_0_[0, 64, 10, 23]_[0, 64, 9, 41, 16, 29, 30, 17, 76, 0]
30_30_27_85_0_48_35_64_0_0_0_0_0_24_0_[0, 64, 10, 23]_[0, 64, 9, 41, 16, 29, 30, 17, 76, 0]
31_31_27_85_0_48_35_64_0_0_0_0_0_24_0_[0, 64, 10, 23]_[0, 64, 9, 41, 16, 29, 30, 17, 76, 0]
32_32_27_85_0_48_35_64_0_0_0_0_0_24_0_[0, 64, 10, 23]_[0, 64, 9, 41, 16, 29, 30, 17, 76, 0]
33_33_27_85_0_48_35_64_0_0_0_0_0_24_0_[0, 64, 10, 23]_[0, 64, 9, 41, 16, 29, 30, 17, 76, 0]
34_34_27_85_0_48_35_64_0_0_0_0_0_24_0_[0, 64, 10, 23]_[0, 64, 9, 41, 16, 29, 30, 17, 76, 0]
35_35_27_85_0_48_35_64_0_0_0_0_0_24_0_[0, 64, 10, 23]_[0, 64, 9, 41, 16, 29, 30, 17, 76, 0]
36_36_27_85_0_48_35_64_0_0_0_0_0_24_0_[0, 64, 10, 23]_[0, 64, 9, 41, 16, 29, 30, 17, 76, 0]
37_37_27_85_0_48_35_64_0_0_0_0_0_24_0_[0, 64, 10, 23]_[0, 64, 9, 41, 16, 29, 30, 17, 76, 0]
38_38_27_85_0_48_35_64_0_0_0_0_0_24_0_[0, 64, 10, 23]_[0, 64, 9, 41, 16, 29, 30, 17, 76, 0]
39_39_27_85_0_48_35_64_0_0_0_0_0_24_0_[0, 64, 10, 23]_[0, 64, 9, 41, 16, 29, 30, 17, 76, 0]
40_40_27_85_0_48_35_64_0_0_0_0_0_24_0_[0, 64, 10, 23]_[0, 64, 9, 41, 16, 29, 30, 17, 76, 0]
41_41_27_85_0_48_35_64_0_0_0_0_0_24_0_[0, 64, 10, 23]_[0, 64, 9, 41, 16, 29, 30, 17, 76, 0]
42_42_27_85_0_48_35_64_0_0_0_0_0_24_0_[0, 64, 10, 23]_[0, 64, 9, 41, 16, 29, 30, 17, 76, 0]
43_43_27_85_0_48_35_64_0_0_0_0_0_24_0_[0, 64, 10, 23]_[0, 64, 9, 41, 16, 29, 30, 17, 76, 0]
44_44_27_85_0_48_35_64_0_0_0_0_0_24_0_[0, 64, 10, 23]_[0, 64, 9, 41, 16, 29, 30, 17, 76, 0]
45_45_27_85_0_48_35_64_0_0_0_0_0_24_0_[0, 64, 10, 23]_[0, 64, 9, 41, 16, 29, 30, 17, 76, 0]
46_46_27_85_0_48_35_64_0_0_0_0_0_24_0_[0, 64, 10, 23]_[0, 64, 9, 41, 16, 29, 30, 17, 76, 0]
47_47_27_85_0_48_35_64_0_0_0_0_0_24_0_[0, 64, 10, 23]_[0, 64, 9, 41, 16, 29, 30, 17, 76, 0]
48_48_27_85_0_48_35_64_0_0_0_0_0_24_0_[0, 64, 10, 23]_[0, 64, 9, 41, 16, 29, 30, 17, 76, 0]
49_49_27_85_0_48_35_64_0_0_0_0_0_24_0_[0, 64, 10, 23]_[0, 64, 9, 41, 16, 29, 30, 17, 76, 0]
50_50_27_85_0_48_35_64_0_0_0_0_0_24_0_[0, 64, 10, 23]_[0, 64, 9, 41, 16, 29, 30, 17, 76, 0]
51_51_27_85_0_48_35_64_0_0_0_0_0_24_0_[0, 64, 10, 23]_[0, 64, 9, 41, 16, 29, 30, 17, 76, 0]
52_52_27_85_0_48_35_64_0_0_0_0_0_24_0_[0, 64, 10, 23]_[0, 64, 9, 41, 16, 29, 30, 17, 76, 0]
53_53_27_85_0_48_35_64_0_0_0_0_0_24_0_[0, 64, 10, 23]_[0, 64, 9, 41, 16, 29, 30, 17, 76, 0]
54_54_27_85_0_48_35_64_0_0_0_0_0_24_0_[0, 64, 10, 23]_[0, 64, 9, 41, 16, 29, 30, 17, 76, 0]
55_55_27_85_0_48_35_64_0_0_0_0_0_24_0_[0, 64, 10, 23]_[0, 64, 9, 41, 16, 29, 30, 17, 76, 0]
56_56_27_85_0_48_35_64_0_0_0_0_0_24_0_[0, 64, 10, 23]_[0, 64, 9, 41, 16, 29, 30, 17, 76, 0]
57_57_27_85_0_48_35_64_0_0_0_0_0_24_0_[0, 64, 10, 23]_[0, 64, 9, 41, 16, 29, 30, 17, 76, 0]
58_58_27_85_0_48_35_64_0_0_0_0_0_24_0_[0, 64, 10, 23]_[0, 64, 9, 41, 16, 29, 30, 17, 76, 0]
59_59_27_85_0_48_35_64_0_0_0_0_0_24_0_[0, 64, 10, 23]_[0, 64, 9, 41, 16, 29, 30, 17, 76, 0]
60_60_27_85_0_48_35_64_0_0_0_0_0_24_0_[0, 64, 10, 23]_[0, 64, 9, 41, 16, 29, 30, 17, 76, 0]
61_61_27_85_0_48_35_64_0_0_0_0_0_24_0_[0, 64, 10, 23]_[0, 64, 9, 41, 16, 29, 30, 17, 76, 0]
62_62_27_85_0_48_35_64_0_0_0_0_0_24_0_[0, 64, 10, 23]_[0, 64, 9, 41, 16, 29, 30, 17, 76, 0]
63_63_27_85_0_48_35_64_0_0_0_0_0_24_0_[0, 64, 10, 23]_[0, 64, 9, 41, 16, 29, 30, 17, 76, 0]
64_64_27_85_0_48_35_64_0_0_0_0_0_24_0_[0, 64, 10, 23]_[0, 64, 9, 41, 16, 29, 30, 17, 76, 0]
65_65_27_85_0_48_35_64_0_0_0_0_0_24_0_[0, 64, 10, 23]_[0, 64, 9, 41, 16, 29, 30, 17, 76, 0]
66_66_27_85_0_48_35_64_0_0_0_0_0_24_0_[0, 64, 10, 23]_[0, 64, 9, 41, 16, 29, 30, 17, 76, 0]
67_67_27_85_0_48_35_64_0_0_0_0_0_24_0_[0, 64, 10, 23]_[0, 64, 9, 41, 16, 29, 30, 17, 76, 0]
68_68_27_85_0_48_35_64_0_0_0_0_0_24_0_[0, 64, 10, 23]_[0, 64, 9, 41, 16, 29, 30, 17, 76, 0]
69_69_27_85_0_48_35_64_0_0_0_0_0_24_0_[0, 64, 10, 23]_[0, 64, 9, 41, 16, 29, 30, 17, 76, 0]
70_70_27_85_0_48_35_64_0_0_0_0_0_24_0_[0, 64, 10, 23]_[0, 64, 9, 41, 16, 29, 30, 17, 76, 0]
71_71_27_85_0_48_35_64_0_0_0_0_0_24_0_[0, 64, 10, 23]_[0, 64, 9, 41, 16, 29, 30, 17, 76, 0]
72_72_27_85_0_48_35_64_0_0_0_0_0_24_0_[0, 64, 10, 23]_[0, 64, 9, 41, 16, 29, 30, 17, 76, 0]
73_73_27_85_0_48_35_64_0_0_0_0_0_24_0_[0, 64, 10, 23]_[0, 64, 9, 41, 16, 29, 30, 17, 76, 0]
74_74_27_85_0_48_35_64_0_0_0_0_0_24_0_[0, 64, 10, 23]_[0, 64, 9, 41, 16, 29, 30, 17, 76, 0]
75_75_27_85_0_48_35_64_0_0_0_0_0_24_0_[0, 64, 10, 23]_[0, 64, 9, 41, 16, 29, 30, 17, 76, 0]
76_76_27_85_0_48_35_64_0_0_0_0_0_24_0_[0, 64, 10, 23]_[0, 64, 9, 41, 16, 29, 30, 17, 76, 0]
77_77_27_85_0_48_35_64_0_0_0_0_0_24_0_[0, 64, 10, 23]_[0, 64, 9, 41, 16, 29, 30, 17, 76, 0]
78_78_27_85_0_48_35_64_0_0_0_0_0_24_0_[0, 64, 10, 23]_[0, 64, 9, 41, 16, 29, 30, 17, 76, 0]
79_79_27_85_0_48_35_64_0_0_0_0_0_24_0_[0, 64, 10, 23]_[0, 64, 9, 41, 16, 29, 30, 17, 76, 0]
80_80_27_85_0_48_35_64_0_0_0_0_0_24_0_[0, 64, 10, 23]_[0, 64, 9, 41, 16, 29, 30, 17, 76, 0]
81_81_27_85_0_48_35_64_0_0_0_0_0_24_0_[0, 64, 10, 23]_[0, 64, 9, 41, 16, 29, 30, 17, 76, 0]
82_82_27_85_0_48_35_64_0_0_0_0_0_24_0_[0, 64, 10, 23]_[0, 64, 9, 41, 16, 29, 30, 17, 76, 0]
83_83_27_85_0_48_35_64_0_0_0_0_0_24_0_[0, 64, 10, 23]_[0, 64, 9, 41, 16, 29, 30, 17, 76, 0]
84_84_27_85_0_48_35_64_0_0_0_0_0_24_0_[0, 64, 10, 23]_[0, 64, 9, 41, 16, 29, 30, 17, 76, 0]
85_85_27_85_0_48_35_64_0_0_0_0_0_24_0_[0, 64, 10, 23]_[0, 64, 9, 41, 16, 29, 30, 17, 76, 0]
86_86_27_85_0_48_35_64_0_0_0_0_0_24_0_[0, 64, 10, 23]_[0, 64, 9, 41, 16, 29, 30, 17, 76, 0]
87_87_27_85_0_48_35_64_0_0_0_0_0_24_0_[0, 64, 10, 23]_[0, 64, 9, 41, 16, 29, 30, 17, 76, 0]
88_88_27_85_0_48_35_64_0_0_0_0_0_24_0_[0, 64, 10, 23]_[0, 64, 9, 41, 16, 29, 30, 17, 76, 0]
89_89_27_85_0_48_35_64_0_0_0_0_0_24_0_[0, 64, 10, 23]_[0, 64, 9, 41, 16, 29, 30, 17, 76, 0]
90_90_27_85_0_48_35_64_0_0_0_0_0_24_0_[0, 64, 10, 23]_[0, 64, 9, 41, 16, 29, 30, 17, 76, 0]
91_91_376_95_0_48_35_64_0_0_0_0_0_24_0_[0, 64, 10, 23]_[0, 64, 9, 41, 16, 29, 30, 17, 76, 0]
92_92_376_95_0_48_35_64_0_0_0_0_0_24_0_[0, 64, 10, 23]_[0, 64, 9, 41, 16, 29, 30, 17, 76, 0]
93_93_376_95_0_48_35_64_0_0_0_0_0_24_0_[0, 64, 10, 23]_[0, 64, 9, 41, 16, 29, 30, 17, 76, 0]
94_94_376_95_0_48_35_64_0_0_0_0_0_24_0_[0, 64, 10, 23]_[0, 64, 9, 41, 16, 29, 30, 17, 76, 0]
95_95_376_95_0_48_35_64_0_0_0_0_0_24_0_[0, 64, 10, 23]_[0, 64, 9, 41, 16, 29, 30, 17, 76, 0]
96_96_376_95_0_48_35_64_0_0_0_0_0_24_0_[0, 64, 10, 23]_[0, 64, 9, 41, 16, 29, 30, 17, 76, 0]
97_97_376_95_0_48_35_64_0_0_0_0_0_24_0_[0, 64, 10, 23]_[0, 64, 9, 41, 16, 29, 30, 17, 76, 0]
98_98_376_95_0_48_35_64_0_0_0_0_0_24_0_[0, 64, 10, 23]_[0, 64, 9, 41, 16, 29, 30, 17, 76, 0]
99_99_376_95_0_48_35_64_0_0_0_0_0_24_0_[0, 64, 10, 23]_[0, 64, 9, 41, 16, 29, 30, 17, 76, 0]
100_100_376_95_0_48_35_64_0_0_0_0_0_24_0_[0, 64, 10, 23]_[0, 64, 9, 41, 16, 29, 30, 17, 76, 0]
101_101_376_95_0_48_35_64_0_0_0_0_0_24_0_[0, 64, 10, 23]_[0, 64, 9, 41, 16, 29, 30, 17, 76, 0]
102_102_376_95_0_48_35_64_0_0_0_0_0_24_0_[0, 64, 10, 23]_[0, 64, 9, 41, 16, 29, 30, 17, 76, 0]
103_103_376_95_0_48_35_64_0_0_0_0_0_24_0_[0, 64, 10, 23]_[0, 64, 9, 41, 16, 29, 30, 17, 76, 0]
104_104_376_95_0_48_35_64_0_0_0_0_0_24_0_[0, 64, 10, 23]_[0, 64, 9, 41, 16, 29, 30, 17, 76, 0]
105_105_376_95_0_48_35_64_0_0_0_0_0_24_0_[0, 64, 10, 23]_[0, 64, 9, 41, 16, 29, 30, 17, 76, 0]
106_106_376_95_0_48_35_64_0_0_0_0_0_24_0_[0, 64, 10, 23]_[0, 64, 9, 41, 16, 29, 30, 17, 76, 0]
107_107_376_95_0_48_35_64_0_0_0_0_0_24_0_[0, 64, 10, 23]_[0, 64, 9, 41, 16, 29, 30, 17, 76, 0]
108_108_376_95_0_48_35_64_0_0_0_0_0_24_0_[0, 64, 10, 23]_[0, 64, 9, 41, 16, 29, 30, 17, 76, 0]
109_109_376_95_0_48_35_64_0_0_0_0_0_24_0_[0, 64, 10, 23]_[0, 64, 9, 41, 16, 29, 30, 17, 76, 0]
110_110_376_95_0_48_35_64_0_0_0_0_0_24_0_[0, 64, 10, 23]_[0, 64, 9, 41, 16, 29, 30, 17, 76, 0]
111_111_376_95_0_48_35_64_0_0_0_0_0_24_0_[0, 64, 10, 23]_[0, 64, 9, 41, 16, 29, 30, 17, 76, 0]
112_112_376_95_0_48_35_64_0_0_0_0_0_24_0_[0, 64, 10, 23]_[0, 64, 9, 41, 16, 29, 30, 17, 76, 0]
113_113_376_95_0_48_35_64_0_0_0_0_0_24_0_[0, 64, 10, 23]_[0, 64, 9, 41, 16, 29, 30, 17, 76, 0]
114_114_376_95_0_48_35_64_0_0_0_0_0_24_0_[0, 64, 10, 23]_[0, 64, 9, 41, 16, 29, 30, 17, 76, 0]
115_115_376_95_0_48_35_64_0_0_0_0_0_24_0_[0, 64, 10, 23]_[0, 64, 9, 41, 16, 29, 30, 17, 76, 0]
116_116_376_95_0_48_35_64_0_0_0_0_0_24_0_[0, 64, 10, 23]_[0, 64, 9, 41, 16, 29, 30, 17, 76, 0]
117_117_376_95_0_48_35_64_0_0_0_0_0_24_0_[0, 64, 10, 23]_[0, 64, 9, 41, 16, 29, 30, 17, 76, 0]
118_118_376_95_0_48_35_64_0_0_0_0_0_24_0_[0, 64, 10, 23]_[0, 64, 9, 41, 16, 29, 30, 17, 76, 0]
119_119_376_95_0_48_35_64_0_0_0_0_0_24_0_[0, 64, 10, 23]_[0, 64, 9, 41, 16, 29, 30, 17, 76, 0]
120_120_376_95_0_48_35_64_0_0_0_0_0_24_0_[0, 64, 10, 23]_[0, 64, 9, 41, 16, 29, 30, 17, 76, 0]
121_121_376_95_0_48_35_64_0_0_0_0_0_24_0_[0, 64, 10, 23]_[0, 64, 9, 41, 16, 29, 30, 17, 76, 0]
122_122_376_95_0_48_35_64_0_0_0_0_0_24_0_[0, 64, 10, 23]_[0, 64, 9, 41, 16, 29, 30, 17, 76, 0]
123_123_376_95_0_48_35_64_0_0_0_0_0_24_0_[0, 64, 10, 23]_[0, 64, 9, 41, 16, 29, 30, 17, 76, 0]
124_124_376_95_0_48_35_64_0_0_0_0_0_24_0_[0, 64, 10, 23]_[0, 64, 9, 41, 16, 29, 30, 17, 76, 0]
125_125_376_95_0_48_35_64_0_0_0_0_0_24_0_[0, 64, 10, 23]_[0, 64, 9, 41, 16, 29, 30, 17, 76, 0]
126_126_376_95_0_48_35_64_0_0_0_0_0_24_0_[0, 64, 10, 23]_[0, 64, 9, 41, 16, 29, 30, 17, 76, 0]
127_127_376_95_0_48_35_64_0_0_0_0_0_24_0_[0, 64, 10, 23]_[0, 64, 9, 41, 16, 29, 30, 17, 76, 0]
