0_0_217_60_0_34_32_64_0_0_0_0_0_24_0_[0, 64, 25, 32]_[0, 64, 8, 10, 42, 0]
1_1_217_60_0_34_32_64_0_0_0_0_0_24_0_[0, 64, 25, 32]_[0, 64, 8, 10, 42, 0]
2_2_217_60_0_34_32_64_0_0_0_0_0_24_0_[0, 64, 25, 32]_[0, 64, 8, 10, 42, 0]
3_3_217_60_0_34_32_64_0_0_0_0_0_24_0_[0, 64, 25, 32]_[0, 64, 8, 10, 42, 0]
4_4_217_60_0_34_32_64_0_0_0_0_0_24_0_[0, 64, 25, 32]_[0, 64, 8, 10, 42, 0]
5_5_217_60_0_34_32_64_0_0_0_0_0_24_0_[0, 64, 25, 32]_[0, 64, 8, 10, 42, 0]
6_6_217_60_0_34_32_64_0_0_0_0_0_24_0_[0, 64, 25, 32]_[0, 64, 8, 10, 42, 0]
7_7_217_60_0_34_32_64_0_0_0_0_0_24_0_[0, 64, 25, 32]_[0, 64, 8, 10, 42, 0]
8_8_217_60_0_34_32_64_0_0_0_0_0_24_0_[0, 64, 25, 32]_[0, 64, 8, 10, 42, 0]
9_9_217_60_0_34_32_64_0_0_0_0_0_24_0_[0, 64, 25, 32]_[0, 64, 8, 10, 42, 0]
10_10_217_60_0_34_32_64_0_0_0_0_0_24_0_[0, 64, 25, 32]_[0, 64, 8, 10, 42, 0]
11_11_217_60_0_34_32_64_0_0_0_0_0_24_0_[0, 64, 25, 32]_[0, 64, 8, 10, 42, 0]
12_12_217_60_0_34_32_64_0_0_0_0_0_24_0_[0, 64, 25, 32]_[0, 64, 8, 10, 42, 0]
13_13_217_60_0_34_32_64_0_0_0_0_0_24_0_[0, 64, 25, 32]_[0, 64, 8, 10, 42, 0]
14_14_217_60_0_34_32_64_0_0_0_0_0_24_0_[0, 64, 25, 32]_[0, 64, 8, 10, 42, 0]
15_15_217_60_0_34_32_64_0_0_0_0_0_24_0_[0, 64, 25, 32]_[0, 64, 8, 10, 42, 0]
16_16_217_60_0_34_32_64_0_0_0_0_0_24_0_[0, 64, 25, 32]_[0, 64, 8, 10, 42, 0]
17_17_217_60_0_34_32_64_0_0_0_0_0_24_0_[0, 64, 25, 32]_[0, 64, 8, 10, 42, 0]
18_18_217_60_0_34_32_64_0_0_0_0_0_24_0_[0, 64, 25, 32]_[0, 64, 8, 10, 42, 0]
19_19_217_60_0_34_32_64_0_0_0_0_0_24_0_[0, 64, 25, 32]_[0, 64, 8, 10, 42, 0]
20_20_217_60_0_34_32_64_0_0_0_0_0_24_0_[0, 64, 25, 32]_[0, 64, 8, 10, 42, 0]
21_21_217_60_0_34_32_64_0_0_0_0_0_24_0_[0, 64, 25, 32]_[0, 64, 8, 10, 42, 0]
22_22_217_60_0_34_32_64_0_0_0_0_0_24_0_[0, 64, 25, 32]_[0, 64, 8, 10, 42, 0]
23_23_217_60_0_34_32_64_0_0_0_0_0_24_0_[0, 64, 25, 32]_[0, 64, 8, 10, 42, 0]
24_24_217_60_0_34_32_64_0_0_0_0_0_24_0_[0, 64, 25, 32]_[0, 64, 8, 10, 42, 0]
25_25_217_60_0_34_32_64_0_0_0_0_0_24_0_[0, 64, 25, 32]_[0, 64, 8, 10, 42, 0]
26_26_217_60_0_34_32_64_0_0_0_0_0_24_0_[0, 64, 25, 32]_[0, 64, 8, 10, 42, 0]
27_27_217_60_0_34_32_64_0_0_0_0_0_24_0_[0, 64, 25, 32]_[0, 64, 8, 10, 42, 0]
28_28_217_60_0_34_32_64_0_0_0_0_0_24_0_[0, 64, 25, 32]_[0, 64, 8, 10, 42, 0]
29_29_217_60_0_34_32_64_0_0_0_0_0_24_0_[0, 64, 25, 32]_[0, 64, 8, 10, 42, 0]
30_30_217_60_0_34_32_64_0_0_0_0_0_24_0_[0, 64, 25, 32]_[0, 64, 8, 10, 42, 0]
31_31_217_60_0_34_32_64_0_0_0_0_0_24_0_[0, 64, 25, 32]_[0, 64, 8, 10, 42, 0]
32_32_217_60_0_34_32_64_0_0_0_0_0_24_0_[0, 64, 25, 32]_[0, 64, 8, 10, 42, 0]
33_33_217_60_0_34_32_64_0_0_0_0_0_24_0_[0, 64, 25, 32]_[0, 64, 8, 10, 42, 0]
34_34_217_60_0_34_32_64_0_0_0_0_0_24_0_[0, 64, 25, 32]_[0, 64, 8, 10, 42, 0]
35_35_217_60_0_34_32_64_0_0_0_0_0_24_0_[0, 64, 25, 32]_[0, 64, 8, 10, 42, 0]
36_36_217_60_0_34_32_64_0_0_0_0_0_24_0_[0, 64, 25, 32]_[0, 64, 8, 10, 42, 0]
37_37_217_60_0_34_32_64_0_0_0_0_0_24_0_[0, 64, 25, 32]_[0, 64, 8, 10, 42, 0]
38_38_217_60_0_34_32_64_0_0_0_0_0_24_0_[0, 64, 25, 32]_[0, 64, 8, 10, 42, 0]
39_39_217_60_0_34_32_64_0_0_0_0_0_24_0_[0, 64, 25, 32]_[0, 64, 8, 10, 42, 0]
40_40_217_60_0_34_32_64_0_0_0_0_0_24_0_[0, 64, 25, 32]_[0, 64, 8, 10, 42, 0]
41_41_217_60_0_34_32_64_0_0_0_0_0_24_0_[0, 64, 25, 32]_[0, 64, 8, 10, 42, 0]
42_42_217_60_0_34_32_64_0_0_0_0_0_24_0_[0, 64, 25, 32]_[0, 64, 8, 10, 42, 0]
43_43_217_60_0_34_32_64_0_0_0_0_0_24_0_[0, 64, 25, 32]_[0, 64, 8, 10, 42, 0]
44_44_217_60_0_34_32_64_0_0_0_0_0_24_0_[0, 64, 25, 32]_[0, 64, 8, 10, 42, 0]
45_45_217_60_0_34_32_64_0_0_0_0_0_24_0_[0, 64, 25, 32]_[0, 64, 8, 10, 42, 0]
46_46_217_60_0_34_32_64_0_0_0_0_0_24_0_[0, 64, 25, 32]_[0, 64, 8, 10, 42, 0]
47_47_217_60_0_34_32_64_0_0_0_0_0_24_0_[0, 64, 25, 32]_[0, 64, 8, 10, 42, 0]
48_48_217_60_0_34_32_64_0_0_0_0_0_24_0_[0, 64, 25, 32]_[0, 64, 8, 10, 42, 0]
49_49_217_60_0_34_32_64_0_0_0_0_0_24_0_[0, 64, 25, 32]_[0, 64, 8, 10, 42, 0]
50_50_217_60_0_34_32_64_0_0_0_0_0_24_0_[0, 64, 25, 32]_[0, 64, 8, 10, 42, 0]
51_51_217_60_0_34_32_64_0_0_0_0_0_24_0_[0, 64, 25, 32]_[0, 64, 8, 10, 42, 0]
52_52_217_60_0_34_32_64_0_0_0_0_0_24_0_[0, 64, 25, 32]_[0, 64, 8, 10, 42, 0]
53_53_217_60_0_34_32_64_0_0_0_0_0_24_0_[0, 64, 25, 32]_[0, 64, 8, 10, 42, 0]
54_54_217_60_0_34_32_64_0_0_0_0_0_24_0_[0, 64, 25, 32]_[0, 64, 8, 10, 42, 0]
55_55_217_60_0_34_32_64_0_0_0_0_0_24_0_[0, 64, 25, 32]_[0, 64, 8, 10, 42, 0]
56_56_217_60_0_34_32_64_0_0_0_0_0_24_0_[0, 64, 25, 32]_[0, 64, 8, 10, 42, 0]
57_57_217_60_0_34_32_64_0_0_0_0_0_24_0_[0, 64, 25, 32]_[0, 64, 8, 10, 42, 0]
58_58_217_60_0_34_32_64_0_0_0_0_0_24_0_[0, 64, 25, 32]_[0, 64, 8, 10, 42, 0]
59_59_217_60_0_34_32_64_0_0_0_0_0_24_0_[0, 64, 25, 32]_[0, 64, 8, 10, 42, 0]
60_60_217_60_0_34_32_64_0_0_0_0_0_24_0_[0, 64, 25, 32]_[0, 64, 8, 10, 42, 0]
61_61_217_60_0_34_32_64_0_0_0_0_0_24_0_[0, 64, 25, 32]_[0, 64, 8, 10, 42, 0]
62_62_217_60_0_34_32_64_0_0_0_0_0_24_0_[0, 64, 25, 32]_[0, 64, 8, 10, 42, 0]
63_63_217_60_0_34_32_64_0_0_0_0_0_24_0_[0, 64, 25, 32]_[0, 64, 8, 10, 42, 0]
64_64_217_60_0_34_32_64_0_0_0_0_0_24_0_[0, 64, 25, 32]_[0, 64, 8, 10, 42, 0]
65_65_217_60_0_34_32_64_0_0_0_0_0_24_0_[0, 64, 25, 32]_[0, 64, 8, 10, 42, 0]
66_66_217_60_0_34_32_64_0_0_0_0_0_24_0_[0, 64, 25, 32]_[0, 64, 8, 10, 42, 0]
67_67_217_60_0_34_32_64_0_0_0_0_0_24_0_[0, 64, 25, 32]_[0, 64, 8, 10, 42, 0]
68_68_217_60_0_34_32_64_0_0_0_0_0_24_0_[0, 64, 25, 32]_[0, 64, 8, 10, 42, 0]
69_69_217_60_0_34_32_64_0_0_0_0_0_24_0_[0, 64, 25, 32]_[0, 64, 8, 10, 42, 0]
70_70_217_60_0_34_32_64_0_0_0_0_0_24_0_[0, 64, 25, 32]_[0, 64, 8, 10, 42, 0]
71_71_217_60_0_34_32_64_0_0_0_0_0_24_0_[0, 64, 25, 32]_[0, 64, 8, 10, 42, 0]
72_72_218_84_0_34_32_64_0_0_0_0_0_24_0_[0, 64, 25, 32]_[0, 64, 8, 10, 42, 0]
73_73_218_84_0_34_32_64_0_0_0_0_0_24_0_[0, 64, 25, 32]_[0, 64, 8, 10, 42, 0]
74_74_218_84_0_34_32_64_0_0_0_0_0_24_0_[0, 64, 25, 32]_[0, 64, 8, 10, 42, 0]
75_75_218_84_0_34_32_64_0_0_0_0_0_24_0_[0, 64, 25, 32]_[0, 64, 8, 10, 42, 0]
76_76_218_84_0_34_32_64_0_0_0_0_0_24_0_[0, 64, 25, 32]_[0, 64, 8, 10, 42, 0]
77_77_218_84_0_34_32_64_0_0_0_0_0_24_0_[0, 64, 25, 32]_[0, 64, 8, 10, 42, 0]
78_78_218_84_0_34_32_64_0_0_0_0_0_24_0_[0, 64, 25, 32]_[0, 64, 8, 10, 42, 0]
79_79_218_84_0_34_32_64_0_0_0_0_0_24_0_[0, 64, 25, 32]_[0, 64, 8, 10, 42, 0]
80_80_218_84_0_34_32_64_0_0_0_0_0_24_0_[0, 64, 25, 32]_[0, 64, 8, 10, 42, 0]
81_81_218_84_0_34_32_64_0_0_0_0_0_24_0_[0, 64, 25, 32]_[0, 64, 8, 10, 42, 0]
82_82_218_84_0_34_32_64_0_0_0_0_0_24_0_[0, 64, 25, 32]_[0, 64, 8, 10, 42, 0]
83_83_218_84_0_34_32_64_0_0_0_0_0_24_0_[0, 64, 25, 32]_[0, 64, 8, 10, 42, 0]
84_84_218_84_0_34_32_64_0_0_0_0_0_24_0_[0, 64, 25, 32]_[0, 64, 8, 10, 42, 0]
85_85_218_84_0_34_32_64_0_0_0_0_0_24_0_[0, 64, 25, 32]_[0, 64, 8, 10, 42, 0]
86_86_218_84_0_34_32_64_0_0_0_0_0_24_0_[0, 64, 25, 32]_[0, 64, 8, 10, 42, 0]
87_87_218_84_0_34_32_64_0_0_0_0_0_24_0_[0, 64, 25, 32]_[0, 64, 8, 10, 42, 0]
88_88_218_84_0_34_32_64_0_0_0_0_0_24_0_[0, 64, 25, 32]_[0, 64, 8, 10, 42, 0]
89_89_218_84_0_34_32_64_0_0_0_0_0_24_0_[0, 64, 25, 32]_[0, 64, 8, 10, 42, 0]
90_90_218_84_0_34_32_64_0_0_0_0_0_24_0_[0, 64, 25, 32]_[0, 64, 8, 10, 42, 0]
91_91_218_84_0_34_32_64_0_0_0_0_0_24_0_[0, 64, 25, 32]_[0, 64, 8, 10, 42, 0]
92_92_218_84_0_34_32_64_0_0_0_0_0_24_0_[0, 64, 25, 32]_[0, 64, 8, 10, 42, 0]
93_93_218_84_0_34_32_64_0_0_0_0_0_24_0_[0, 64, 25, 32]_[0, 64, 8, 10, 42, 0]
94_94_218_84_0_34_32_64_0_0_0_0_0_24_0_[0, 64, 25, 32]_[0, 64, 8, 10, 42, 0]
95_95_218_84_0_34_32_64_0_0_0_0_0_24_0_[0, 64, 25, 32]_[0, 64, 8, 10, 42, 0]
96_96_218_84_0_34_32_64_0_0_0_0_0_24_0_[0, 64, 25, 32]_[0, 64, 8, 10, 42, 0]
97_97_218_84_0_34_32_64_0_0_0_0_0_24_0_[0, 64, 25, 32]_[0, 64, 8, 10, 42, 0]
98_98_218_84_0_34_32_64_0_0_0_0_0_24_0_[0, 64, 25, 32]_[0, 64, 8, 10, 42, 0]
99_99_218_84_0_34_32_64_0_0_0_0_0_24_0_[0, 64, 25, 32]_[0, 64, 8, 10, 42, 0]
100_100_218_84_0_34_32_64_0_0_0_0_0_24_0_[0, 64, 25, 32]_[0, 64, 8, 10, 42, 0]
101_101_218_84_0_34_32_64_0_0_0_0_0_24_0_[0, 64, 25, 32]_[0, 64, 8, 10, 42, 0]
102_102_218_84_0_34_32_64_0_0_0_0_0_24_0_[0, 64, 25, 32]_[0, 64, 8, 10, 42, 0]
103_103_218_84_0_34_32_64_0_0_0_0_0_24_0_[0, 64, 25, 32]_[0, 64, 8, 10, 42, 0]
104_104_218_84_0_34_32_64_0_0_0_0_0_24_0_[0, 64, 25, 32]_[0, 64, 8, 10, 42, 0]
105_105_218_84_0_34_32_64_0_0_0_0_0_24_0_[0, 64, 25, 32]_[0, 64, 8, 10, 42, 0]
106_106_218_84_0_34_32_64_0_0_0_0_0_24_0_[0, 64, 25, 32]_[0, 64, 8, 10, 42, 0]
107_107_218_84_0_34_32_64_0_0_0_0_0_24_0_[0, 64, 25, 32]_[0, 64, 8, 10, 42, 0]
108_108_218_84_0_34_32_64_0_0_0_0_0_24_0_[0, 64, 25, 32]_[0, 64, 8, 10, 42, 0]
109_109_218_84_0_34_32_64_0_0_0_0_0_24_0_[0, 64, 25, 32]_[0, 64, 8, 10, 42, 0]
110_110_218_84_0_34_32_64_0_0_0_0_0_24_0_[0, 64, 25, 32]_[0, 64, 8, 10, 42, 0]
111_111_218_84_0_34_32_64_0_0_0_0_0_24_0_[0, 64, 25, 32]_[0, 64, 8, 10, 42, 0]
112_112_218_84_0_34_32_64_0_0_0_0_0_24_0_[0, 64, 25, 32]_[0, 64, 8, 10, 42, 0]
113_113_218_84_0_34_32_64_0_0_0_0_0_24_0_[0, 64, 25, 32]_[0, 64, 8, 10, 42, 0]
114_114_218_84_0_34_32_64_0_0_0_0_0_24_0_[0, 64, 25, 32]_[0, 64, 8, 10, 42, 0]
115_115_218_84_0_34_32_64_0_0_0_0_0_24_0_[0, 64, 25, 32]_[0, 64, 8, 10, 42, 0]
116_116_218_84_0_34_32_64_0_0_0_0_0_24_0_[0, 64, 25, 32]_[0, 64, 8, 10, 42, 0]
117_117_218_84_0_34_32_64_0_0_0_0_0_24_0_[0, 64, 25, 32]_[0, 64, 8, 10, 42, 0]
118_118_218_84_0_34_32_64_0_0_0_0_0_24_0_[0, 64, 25, 32]_[0, 64, 8, 10, 42, 0]
119_119_218_84_0_34_32_64_0_0_0_0_0_24_0_[0, 64, 25, 32]_[0, 64, 8, 10, 42, 0]
120_120_218_84_0_34_32_64_0_0_0_0_0_24_0_[0, 64, 25, 32]_[0, 64, 8, 10, 42, 0]
121_121_218_84_0_34_32_64_0_0_0_0_0_24_0_[0, 64, 25, 32]_[0, 64, 8, 10, 42, 0]
122_122_218_84_0_34_32_64_0_0_0_0_0_24_0_[0, 64, 25, 32]_[0, 64, 8, 10, 42, 0]
123_123_218_84_0_34_32_64_0_0_0_0_0_24_0_[0, 64, 25, 32]_[0, 64, 8, 10, 42, 0]
124_124_218_84_0_34_32_64_0_0_0_0_0_24_0_[0, 64, 25, 32]_[0, 64, 8, 10, 42, 0]
125_125_218_84_0_34_32_64_0_0_0_0_0_24_0_[0, 64, 25, 32]_[0, 64, 8, 10, 42, 0]
126_126_218_84_0_34_32_64_0_0_0_0_0_24_0_[0, 64, 25, 32]_[0, 64, 8, 10, 42, 0]
127_127_218_84_0_34_32_64_0_0_0_0_0_24_0_[0, 64, 25, 32]_[0, 64, 8, 10, 42, 0]
