0_0_219_60_0_24_32_64_0_0_0_0_0_24_0_null_[0, 64, 50, 0]
1_1_219_60_0_24_32_64_0_0_0_0_0_24_0_null_[0, 64, 50, 0]
2_2_219_60_0_24_32_64_0_0_0_0_0_24_0_null_[0, 64, 50, 0]
3_3_219_60_0_24_32_64_0_0_0_0_0_24_0_null_[0, 64, 50, 0]
4_4_219_60_0_24_32_64_0_0_0_0_0_24_0_null_[0, 64, 50, 0]
5_5_219_60_0_24_32_64_0_0_0_0_0_24_0_null_[0, 64, 50, 0]
6_6_219_60_0_24_32_64_0_0_0_0_0_24_0_null_[0, 64, 50, 0]
7_7_219_60_0_24_32_64_0_0_0_0_0_24_0_null_[0, 64, 50, 0]
8_8_219_60_0_24_32_64_0_0_0_0_0_24_0_null_[0, 64, 50, 0]
9_9_219_60_0_24_32_64_0_0_0_0_0_24_0_null_[0, 64, 50, 0]
10_10_219_60_0_24_32_64_0_0_0_0_0_24_0_null_[0, 64, 50, 0]
11_11_219_60_0_24_32_64_0_0_0_0_0_24_0_null_[0, 64, 50, 0]
12_12_219_60_0_24_32_64_0_0_0_0_0_24_0_null_[0, 64, 50, 0]
13_13_219_60_0_24_32_64_0_0_0_0_0_24_0_null_[0, 64, 50, 0]
14_14_219_60_0_24_32_64_0_0_0_0_0_24_0_null_[0, 64, 50, 0]
15_15_219_60_0_24_32_64_0_0_0_0_0_24_0_null_[0, 64, 50, 0]
16_16_219_60_0_24_32_64_0_0_0_0_0_24_0_null_[0, 64, 50, 0]
17_17_219_60_0_24_32_64_0_0_0_0_0_24_0_null_[0, 64, 50, 0]
18_18_219_60_0_24_32_64_0_0_0_0_0_24_0_null_[0, 64, 50, 0]
19_19_219_60_0_24_32_64_0_0_0_0_0_24_0_null_[0, 64, 50, 0]
20_20_219_60_0_24_32_64_0_0_0_0_0_24_0_null_[0, 64, 50, 0]
21_21_219_60_0_24_32_64_0_0_0_0_0_24_0_null_[0, 64, 50, 0]
22_22_219_60_0_24_32_64_0_0_0_0_0_24_0_null_[0, 64, 50, 0]
23_23_219_60_0_24_32_64_0_0_0_0_0_24_0_null_[0, 64, 50, 0]
24_24_219_60_0_24_32_64_0_0_0_0_0_24_0_null_[0, 64, 50, 0]
25_25_219_60_0_24_32_64_0_0_0_0_0_24_0_null_[0, 64, 50, 0]
26_26_219_60_0_24_32_64_0_0_0_0_0_24_0_null_[0, 64, 50, 0]
27_27_219_60_0_24_32_64_0_0_0_0_0_24_0_null_[0, 64, 50, 0]
28_28_219_60_0_24_32_64_0_0_0_0_0_24_0_null_[0, 64, 50, 0]
29_29_219_60_0_24_32_64_0_0_0_0_0_24_0_null_[0, 64, 50, 0]
30_30_219_60_0_24_32_64_0_0_0_0_0_24_0_null_[0, 64, 50, 0]
31_31_219_60_0_24_32_64_0_0_0_0_0_24_0_null_[0, 64, 50, 0]
32_32_219_60_0_24_32_64_0_0_0_0_0_24_0_null_[0, 64, 50, 0]
33_33_219_60_0_24_32_64_0_0_0_0_0_24_0_null_[0, 64, 50, 0]
34_34_219_60_0_24_32_64_0_0_0_0_0_24_0_null_[0, 64, 50, 0]
35_35_219_60_0_24_32_64_0_0_0_0_0_24_0_null_[0, 64, 50, 0]
36_36_219_60_0_24_32_64_0_0_0_0_0_24_0_null_[0, 64, 50, 0]
37_37_219_60_0_24_32_64_0_0_0_0_0_24_0_null_[0, 64, 50, 0]
38_38_219_60_0_24_32_64_0_0_0_0_0_24_0_null_[0, 64, 50, 0]
39_39_219_60_0_24_32_64_0_0_0_0_0_24_0_null_[0, 64, 50, 0]
40_40_219_60_0_24_32_64_0_0_0_0_0_24_0_null_[0, 64, 50, 0]
41_41_219_60_0_24_32_64_0_0_0_0_0_24_0_null_[0, 64, 50, 0]
42_42_219_60_0_24_32_64_0_0_0_0_0_24_0_null_[0, 64, 50, 0]
43_43_219_60_0_24_32_64_0_0_0_0_0_24_0_null_[0, 64, 50, 0]
44_44_219_60_0_24_32_64_0_0_0_0_0_24_0_null_[0, 64, 50, 0]
45_45_219_60_0_24_32_64_0_0_0_0_0_24_0_null_[0, 64, 50, 0]
46_46_219_60_0_24_32_64_0_0_0_0_0_24_0_null_[0, 64, 50, 0]
47_47_219_60_0_24_32_64_0_0_0_0_0_24_0_null_[0, 64, 50, 0]
48_48_219_60_0_24_32_64_0_0_0_0_0_24_0_null_[0, 64, 50, 0]
49_49_219_60_0_24_32_64_0_0_0_0_0_24_0_null_[0, 64, 50, 0]
50_50_219_60_0_24_32_64_0_0_0_0_0_24_0_null_[0, 64, 50, 0]
51_51_219_60_0_24_32_64_0_0_0_0_0_24_0_null_[0, 64, 50, 0]
52_52_219_60_0_24_32_64_0_0_0_0_0_24_0_null_[0, 64, 50, 0]
53_53_219_60_0_24_32_64_0_0_0_0_0_24_0_null_[0, 64, 50, 0]
54_54_219_60_0_24_32_64_0_0_0_0_0_24_0_null_[0, 64, 50, 0]
55_55_219_60_0_24_32_64_0_0_0_0_0_24_0_null_[0, 64, 50, 0]
56_56_219_60_0_24_32_64_0_0_0_0_0_24_0_null_[0, 64, 50, 0]
57_57_219_60_0_24_32_64_0_0_0_0_0_24_0_null_[0, 64, 50, 0]
58_58_219_60_0_24_32_64_0_0_0_0_0_24_0_null_[0, 64, 50, 0]
59_59_219_60_0_24_32_64_0_0_0_0_0_24_0_null_[0, 64, 50, 0]
60_60_219_60_0_24_32_64_0_0_0_0_0_24_0_null_[0, 64, 50, 0]
61_61_219_60_0_24_32_64_0_0_0_0_0_24_0_null_[0, 64, 50, 0]
62_62_219_60_0_24_32_64_0_0_0_0_0_24_0_null_[0, 64, 50, 0]
63_63_219_60_0_24_32_64_0_0_0_0_0_24_0_null_[0, 64, 50, 0]
64_64_219_60_0_24_32_64_0_0_0_0_0_24_0_null_[0, 64, 50, 0]
65_65_219_60_0_24_32_64_0_0_0_0_0_24_0_null_[0, 64, 50, 0]
66_66_219_60_0_24_32_64_0_0_0_0_0_24_0_null_[0, 64, 50, 0]
67_67_219_60_0_24_32_64_0_0_0_0_0_24_0_null_[0, 64, 50, 0]
68_68_219_60_0_24_32_64_0_0_0_0_0_24_0_null_[0, 64, 50, 0]
69_69_219_60_0_24_32_64_0_0_0_0_0_24_0_null_[0, 64, 50, 0]
70_70_219_60_0_24_32_64_0_0_0_0_0_24_0_null_[0, 64, 50, 0]
71_71_219_60_0_24_32_64_0_0_0_0_0_24_0_null_[0, 64, 50, 0]
72_72_219_60_0_24_32_64_0_0_0_0_0_24_0_null_[0, 64, 50, 0]
73_73_219_60_0_24_32_64_0_0_0_0_0_24_0_null_[0, 64, 50, 0]
74_74_219_60_0_24_32_64_0_0_0_0_0_24_0_null_[0, 64, 50, 0]
75_75_219_60_0_24_32_64_0_0_0_0_0_24_0_null_[0, 64, 50, 0]
76_76_219_60_0_24_32_64_0_0_0_0_0_24_0_null_[0, 64, 50, 0]
77_77_219_60_0_24_32_64_0_0_0_0_0_24_0_null_[0, 64, 50, 0]
78_78_219_60_0_24_32_64_0_0_0_0_0_24_0_null_[0, 64, 50, 0]
79_79_219_60_0_24_32_64_0_0_0_0_0_24_0_null_[0, 64, 50, 0]
80_80_219_60_0_24_32_64_0_0_0_0_0_24_0_null_[0, 64, 50, 0]
81_81_219_60_0_24_32_64_0_0_0_0_0_24_0_null_[0, 64, 50, 0]
82_82_219_60_0_24_32_64_0_0_0_0_0_24_0_null_[0, 64, 50, 0]
83_83_219_60_0_24_32_64_0_0_0_0_0_24_0_null_[0, 64, 50, 0]
84_84_219_60_0_24_32_64_0_0_0_0_0_24_0_null_[0, 64, 50, 0]
85_85_219_60_0_24_32_64_0_0_0_0_0_24_0_null_[0, 64, 50, 0]
86_86_219_60_0_24_32_64_0_0_0_0_0_24_0_null_[0, 64, 50, 0]
87_87_219_60_0_24_32_64_0_0_0_0_0_24_0_null_[0, 64, 50, 0]
88_88_219_60_0_24_32_64_0_0_0_0_0_24_0_null_[0, 64, 50, 0]
89_89_219_60_0_24_32_64_0_0_0_0_0_24_0_null_[0, 64, 50, 0]
90_90_219_60_0_24_32_64_0_0_0_0_0_24_0_null_[0, 64, 50, 0]
91_91_219_60_0_24_32_64_0_0_0_0_0_24_0_null_[0, 64, 50, 0]
92_92_219_60_0_24_32_64_0_0_0_0_0_24_0_null_[0, 64, 50, 0]
93_93_219_60_0_24_32_64_0_0_0_0_0_24_0_null_[0, 64, 50, 0]
94_94_219_60_0_24_32_64_0_0_0_0_0_24_0_null_[0, 64, 50, 0]
95_95_219_60_0_24_32_64_0_0_0_0_0_24_0_null_[0, 64, 50, 0]
96_96_219_60_0_24_32_64_0_0_0_0_0_24_0_null_[0, 64, 50, 0]
97_97_219_60_0_24_32_64_0_0_0_0_0_24_0_null_[0, 64, 50, 0]
98_98_219_60_0_24_32_64_0_0_0_0_0_24_0_null_[0, 64, 50, 0]
99_99_219_60_0_24_32_64_0_0_0_0_0_24_0_null_[0, 64, 50, 0]
100_100_219_60_0_24_32_64_0_0_0_0_0_24_0_null_[0, 64, 50, 0]
101_101_219_60_0_24_32_64_0_0_0_0_0_24_0_null_[0, 64, 50, 0]
102_102_219_60_0_24_32_64_0_0_0_0_0_24_0_null_[0, 64, 50, 0]
103_103_219_60_0_24_32_64_0_0_0_0_0_24_0_null_[0, 64, 50, 0]
104_104_219_60_0_24_32_64_0_0_0_0_0_24_0_null_[0, 64, 50, 0]
105_105_219_60_0_24_32_64_0_0_0_0_0_24_0_null_[0, 64, 50, 0]
106_106_219_60_0_24_32_64_0_0_0_0_0_24_0_null_[0, 64, 50, 0]
107_107_219_60_0_24_32_64_0_0_0_0_0_24_0_null_[0, 64, 50, 0]
108_108_219_60_0_24_32_64_0_0_0_0_0_24_0_null_[0, 64, 50, 0]
109_109_219_60_0_24_32_64_0_0_0_0_0_24_0_null_[0, 64, 50, 0]
110_110_219_60_0_24_32_64_0_0_0_0_0_24_0_null_[0, 64, 50, 0]
111_111_219_60_0_24_32_64_0_0_0_0_0_24_0_null_[0, 64, 50, 0]
112_112_219_60_0_24_32_64_0_0_0_0_0_24_0_null_[0, 64, 50, 0]
113_113_219_60_0_24_32_64_0_0_0_0_0_24_0_null_[0, 64, 50, 0]
114_114_219_60_0_24_32_64_0_0_0_0_0_24_0_null_[0, 64, 50, 0]
115_115_219_60_0_24_32_64_0_0_0_0_0_24_0_null_[0, 64, 50, 0]
116_116_219_60_0_24_32_64_0_0_0_0_0_24_0_null_[0, 64, 50, 0]
117_117_219_60_0_24_32_64_0_0_0_0_0_24_0_null_[0, 64, 50, 0]
118_118_219_60_0_24_32_64_0_0_0_0_0_24_0_null_[0, 64, 50, 0]
119_119_219_60_0_24_32_64_0_0_0_0_0_24_0_null_[0, 64, 50, 0]
120_120_219_60_0_24_32_64_0_0_0_0_0_24_0_null_[0, 64, 50, 0]
121_121_219_60_0_24_32_64_0_0_0_0_0_24_0_null_[0, 64, 50, 0]
122_122_219_60_0_24_32_64_0_0_0_0_0_24_0_null_[0, 64, 50, 0]
123_123_219_60_0_24_32_64_0_0_0_0_0_24_0_null_[0, 64, 50, 0]
124_124_219_60_0_24_32_64_0_0_0_0_0_24_0_null_[0, 64, 50, 0]
125_125_219_60_0_24_32_64_0_0_0_0_0_24_0_null_[0, 64, 50, 0]
126_126_219_60_0_24_32_64_0_0_0_0_0_24_0_null_[0, 64, 50, 0]
127_127_219_60_0_24_32_64_0_0_0_0_0_24_0_null_[0, 64, 50, 0]
