0_0_221_48_0_18_32_64_0_0_0_0_0_24_0_[0, 0, 3, 64, 25, 37, 53, 28, -105, 28]_[0, 64, 16, 38, 41, 20, 74, 10, 126, 0]
1_1_221_48_0_18_32_64_0_0_0_0_0_24_0_[0, 0, 3, 64, 25, 37, 53, 28, -105, 28]_[0, 64, 16, 38, 41, 20, 74, 10, 126, 0]
2_2_221_48_0_18_32_64_0_0_0_0_0_24_0_[0, 0, 3, 64, 25, 37, 53, 28, -105, 28]_[0, 64, 16, 38, 41, 20, 74, 10, 126, 0]
3_3_221_48_0_18_32_64_0_0_0_0_0_24_0_[0, 0, 3, 64, 25, 37, 53, 28, -105, 28]_[0, 64, 16, 38, 41, 20, 74, 10, 126, 0]
4_4_221_48_0_18_32_64_0_0_0_0_0_24_0_[0, 0, 3, 64, 25, 37, 53, 28, -105, 28]_[0, 64, 16, 38, 41, 20, 74, 10, 126, 0]
5_5_221_48_0_18_32_64_0_0_0_0_0_24_0_[0, 0, 3, 64, 25, 37, 53, 28, -105, 28]_[0, 64, 16, 38, 41, 20, 74, 10, 126, 0]
6_6_221_48_0_18_32_64_0_0_0_0_0_24_0_[0, 0, 3, 64, 25, 37, 53, 28, -105, 28]_[0, 64, 16, 38, 41, 20, 74, 10, 126, 0]
7_7_221_48_0_18_32_64_0_0_0_0_0_24_0_[0, 0, 3, 64, 25, 37, 53, 28, -105, 28]_[0, 64, 16, 38, 41, 20, 74, 10, 126, 0]
8_8_221_48_0_18_32_64_0_0_0_0_0_24_0_[0, 0, 3, 64, 25, 37, 53, 28, -105, 28]_[0, 64, 16, 38, 41, 20, 74, 10, 126, 0]
9_9_221_48_0_18_32_64_0_0_0_0_0_24_0_[0, 0, 3, 64, 25, 37, 53, 28, -105, 28]_[0, 64, 16, 38, 41, 20, 74, 10, 126, 0]
10_10_221_48_0_18_32_64_0_0_0_0_0_24_0_[0, 0, 3, 64, 25, 37, 53, 28, -105, 28]_[0, 64, 16, 38, 41, 20, 74, 10, 126, 0]
11_11_221_48_0_18_32_64_0_0_0_0_0_24_0_[0, 0, 3, 64, 25, 37, 53, 28, -105, 28]_[0, 64, 16, 38, 41, 20, 74, 10, 126, 0]
12_12_221_48_0_18_32_64_0_0_0_0_0_24_0_[0, 0, 3, 64, 25, 37, 53, 28, -105, 28]_[0, 64, 16, 38, 41, 20, 74, 10, 126, 0]
13_13_221_48_0_18_32_64_0_0_0_0_0_24_0_[0, 0, 3, 64, 25, 37, 53, 28, -105, 28]_[0, 64, 16, 38, 41, 20, 74, 10, 126, 0]
14_14_221_48_0_18_32_64_0_0_0_0_0_24_0_[0, 0, 3, 64, 25, 37, 53, 28, -105, 28]_[0, 64, 16, 38, 41, 20, 74, 10, 126, 0]
15_15_221_48_0_18_32_64_0_0_0_0_0_24_0_[0, 0, 3, 64, 25, 37, 53, 28, -105, 28]_[0, 64, 16, 38, 41, 20, 74, 10, 126, 0]
16_16_221_48_0_18_32_64_0_0_0_0_0_24_0_[0, 0, 3, 64, 25, 37, 53, 28, -105, 28]_[0, 64, 16, 38, 41, 20, 74, 10, 126, 0]
17_17_221_48_0_18_32_64_0_0_0_0_0_24_0_[0, 0, 3, 64, 25, 37, 53, 28, -105, 28]_[0, 64, 16, 38, 41, 20, 74, 10, 126, 0]
18_18_221_48_0_18_32_64_0_0_0_0_0_24_0_[0, 0, 3, 64, 25, 37, 53, 28, -105, 28]_[0, 64, 16, 38, 41, 20, 74, 10, 126, 0]
19_19_221_48_0_18_32_64_0_0_0_0_0_24_0_[0, 0, 3, 64, 25, 37, 53, 28, -105, 28]_[0, 64, 16, 38, 41, 20, 74, 10, 126, 0]
20_20_221_48_0_18_32_64_0_0_0_0_0_24_0_[0, 0, 3, 64, 25, 37, 53, 28, -105, 28]_[0, 64, 16, 38, 41, 20, 74, 10, 126, 0]
21_21_221_48_0_18_32_64_0_0_0_0_0_24_0_[0, 0, 3, 64, 25, 37, 53, 28, -105, 28]_[0, 64, 16, 38, 41, 20, 74, 10, 126, 0]
22_22_221_48_0_18_32_64_0_0_0_0_0_24_0_[0, 0, 3, 64, 25, 37, 53, 28, -105, 28]_[0, 64, 16, 38, 41, 20, 74, 10, 126, 0]
23_23_221_48_0_18_32_64_0_0_0_0_0_24_0_[0, 0, 3, 64, 25, 37, 53, 28, -105, 28]_[0, 64, 16, 38, 41, 20, 74, 10, 126, 0]
24_24_221_48_0_18_32_64_0_0_0_0_0_24_0_[0, 0, 3, 64, 25, 37, 53, 28, -105, 28]_[0, 64, 16, 38, 41, 20, 74, 10, 126, 0]
25_25_221_48_0_18_32_64_0_0_0_0_0_24_0_[0, 0, 3, 64, 25, 37, 53, 28, -105, 28]_[0, 64, 16, 38, 41, 20, 74, 10, 126, 0]
26_26_221_48_0_18_32_64_0_0_0_0_0_24_0_[0, 0, 3, 64, 25, 37, 53, 28, -105, 28]_[0, 64, 16, 38, 41, 20, 74, 10, 126, 0]
27_27_221_48_0_18_32_64_0_0_0_0_0_24_0_[0, 0, 3, 64, 25, 37, 53, 28, -105, 28]_[0, 64, 16, 38, 41, 20, 74, 10, 126, 0]
28_28_221_48_0_18_32_64_0_0_0_0_0_24_0_[0, 0, 3, 64, 25, 37, 53, 28, -105, 28]_[0, 64, 16, 38, 41, 20, 74, 10, 126, 0]
29_29_221_48_0_18_32_64_0_0_0_0_0_24_0_[0, 0, 3, 64, 25, 37, 53, 28, -105, 28]_[0, 64, 16, 38, 41, 20, 74, 10, 126, 0]
30_30_221_48_0_18_32_64_0_0_0_0_0_24_0_[0, 0, 3, 64, 25, 37, 53, 28, -105, 28]_[0, 64, 16, 38, 41, 20, 74, 10, 126, 0]
31_31_221_48_0_18_32_64_0_0_0_0_0_24_0_[0, 0, 3, 64, 25, 37, 53, 28, -105, 28]_[0, 64, 16, 38, 41, 20, 74, 10, 126, 0]
32_32_221_48_0_18_32_64_0_0_0_0_0_24_0_[0, 0, 3, 64, 25, 37, 53, 28, -105, 28]_[0, 64, 16, 38, 41, 20, 74, 10, 126, 0]
33_33_221_48_0_18_32_64_0_0_0_0_0_24_0_[0, 0, 3, 64, 25, 37, 53, 28, -105, 28]_[0, 64, 16, 38, 41, 20, 74, 10, 126, 0]
34_34_221_48_0_18_32_64_0_0_0_0_0_24_0_[0, 0, 3, 64, 25, 37, 53, 28, -105, 28]_[0, 64, 16, 38, 41, 20, 74, 10, 126, 0]
35_35_221_48_0_18_32_64_0_0_0_0_0_24_0_[0, 0, 3, 64, 25, 37, 53, 28, -105, 28]_[0, 64, 16, 38, 41, 20, 74, 10, 126, 0]
36_36_221_48_0_18_32_64_0_0_0_0_0_24_0_[0, 0, 3, 64, 25, 37, 53, 28, -105, 28]_[0, 64, 16, 38, 41, 20, 74, 10, 126, 0]
37_37_221_48_0_18_32_64_0_0_0_0_0_24_0_[0, 0, 3, 64, 25, 37, 53, 28, -105, 28]_[0, 64, 16, 38, 41, 20, 74, 10, 126, 0]
38_38_221_48_0_18_32_64_0_0_0_0_0_24_0_[0, 0, 3, 64, 25, 37, 53, 28, -105, 28]_[0, 64, 16, 38, 41, 20, 74, 10, 126, 0]
39_39_221_48_0_18_32_64_0_0_0_0_0_24_0_[0, 0, 3, 64, 25, 37, 53, 28, -105, 28]_[0, 64, 16, 38, 41, 20, 74, 10, 126, 0]
40_40_221_48_0_18_32_64_0_0_0_0_0_24_0_[0, 0, 3, 64, 25, 37, 53, 28, -105, 28]_[0, 64, 16, 38, 41, 20, 74, 10, 126, 0]
41_41_221_48_0_18_32_64_0_0_0_0_0_24_0_[0, 0, 3, 64, 25, 37, 53, 28, -105, 28]_[0, 64, 16, 38, 41, 20, 74, 10, 126, 0]
42_42_221_48_0_18_32_64_0_0_0_0_0_24_0_[0, 0, 3, 64, 25, 37, 53, 28, -105, 28]_[0, 64, 16, 38, 41, 20, 74, 10, 126, 0]
43_43_221_48_0_18_32_64_0_0_0_0_0_24_0_[0, 0, 3, 64, 25, 37, 53, 28, -105, 28]_[0, 64, 16, 38, 41, 20, 74, 10, 126, 0]
44_44_221_48_0_18_32_64_0_0_0_0_0_24_0_[0, 0, 3, 64, 25, 37, 53, 28, -105, 28]_[0, 64, 16, 38, 41, 20, 74, 10, 126, 0]
45_45_221_48_0_18_32_64_0_0_0_0_0_24_0_[0, 0, 3, 64, 25, 37, 53, 28, -105, 28]_[0, 64, 16, 38, 41, 20, 74, 10, 126, 0]
46_46_221_48_0_18_32_64_0_0_0_0_0_24_0_[0, 0, 3, 64, 25, 37, 53, 28, -105, 28]_[0, 64, 16, 38, 41, 20, 74, 10, 126, 0]
47_47_221_48_0_18_32_64_0_0_0_0_0_24_0_[0, 0, 3, 64, 25, 37, 53, 28, -105, 28]_[0, 64, 16, 38, 41, 20, 74, 10, 126, 0]
48_48_221_48_0_18_32_64_0_0_0_0_0_24_0_[0, 0, 3, 64, 25, 37, 53, 28, -105, 28]_[0, 64, 16, 38, 41, 20, 74, 10, 126, 0]
49_49_221_48_0_18_32_64_0_0_0_0_0_24_0_[0, 0, 3, 64, 25, 37, 53, 28, -105, 28]_[0, 64, 16, 38, 41, 20, 74, 10, 126, 0]
50_50_221_48_0_18_32_64_0_0_0_0_0_24_0_[0, 0, 3, 64, 25, 37, 53, 28, -105, 28]_[0, 64, 16, 38, 41, 20, 74, 10, 126, 0]
51_51_221_48_0_18_32_64_0_0_0_0_0_24_0_[0, 0, 3, 64, 25, 37, 53, 28, -105, 28]_[0, 64, 16, 38, 41, 20, 74, 10, 126, 0]
52_52_221_48_0_18_32_64_0_0_0_0_0_24_0_[0, 0, 3, 64, 25, 37, 53, 28, -105, 28]_[0, 64, 16, 38, 41, 20, 74, 10, 126, 0]
53_53_221_48_0_18_32_64_0_0_0_0_0_24_0_[0, 0, 3, 64, 25, 37, 53, 28, -105, 28]_[0, 64, 16, 38, 41, 20, 74, 10, 126, 0]
54_54_221_48_0_18_32_64_0_0_0_0_0_24_0_[0, 0, 3, 64, 25, 37, 53, 28, -105, 28]_[0, 64, 16, 38, 41, 20, 74, 10, 126, 0]
55_55_221_48_0_18_32_64_0_0_0_0_0_24_0_[0, 0, 3, 64, 25, 37, 53, 28, -105, 28]_[0, 64, 16, 38, 41, 20, 74, 10, 126, 0]
56_56_221_48_0_18_32_64_0_0_0_0_0_24_0_[0, 0, 3, 64, 25, 37, 53, 28, -105, 28]_[0, 64, 16, 38, 41, 20, 74, 10, 126, 0]
57_57_221_48_0_18_32_64_0_0_0_0_0_24_0_[0, 0, 3, 64, 25, 37, 53, 28, -105, 28]_[0, 64, 16, 38, 41, 20, 74, 10, 126, 0]
58_58_221_48_0_18_32_64_0_0_0_0_0_24_0_[0, 0, 3, 64, 25, 37, 53, 28, -105, 28]_[0, 64, 16, 38, 41, 20, 74, 10, 126, 0]
59_59_221_48_0_18_32_64_0_0_0_0_0_24_0_[0, 0, 3, 64, 25, 37, 53, 28, -105, 28]_[0, 64, 16, 38, 41, 20, 74, 10, 126, 0]
60_60_222_72_0_18_32_64_0_0_0_0_0_24_0_[0, 0, 3, 64, 25, 37, 53, 28, -105, 28]_[0, 64, 16, 38, 41, 20, 74, 10, 126, 0]
61_61_222_72_0_18_32_64_0_0_0_0_0_24_0_[0, 0, 3, 64, 25, 37, 53, 28, -105, 28]_[0, 64, 16, 38, 41, 20, 74, 10, 126, 0]
62_62_222_72_0_18_32_64_0_0_0_0_0_24_0_[0, 0, 3, 64, 25, 37, 53, 28, -105, 28]_[0, 64, 16, 38, 41, 20, 74, 10, 126, 0]
63_63_222_72_0_18_32_64_0_0_0_0_0_24_0_[0, 0, 3, 64, 25, 37, 53, 28, -105, 28]_[0, 64, 16, 38, 41, 20, 74, 10, 126, 0]
64_64_222_72_0_18_32_64_0_0_0_0_0_24_0_[0, 0, 3, 64, 25, 37, 53, 28, -105, 28]_[0, 64, 16, 38, 41, 20, 74, 10, 126, 0]
65_65_222_72_0_18_32_64_0_0_0_0_0_24_0_[0, 0, 3, 64, 25, 37, 53, 28, -105, 28]_[0, 64, 16, 38, 41, 20, 74, 10, 126, 0]
66_66_222_72_0_18_32_64_0_0_0_0_0_24_0_[0, 0, 3, 64, 25, 37, 53, 28, -105, 28]_[0, 64, 16, 38, 41, 20, 74, 10, 126, 0]
67_67_222_72_0_18_32_64_0_0_0_0_0_24_0_[0, 0, 3, 64, 25, 37, 53, 28, -105, 28]_[0, 64, 16, 38, 41, 20, 74, 10, 126, 0]
68_68_222_72_0_18_32_64_0_0_0_0_0_24_0_[0, 0, 3, 64, 25, 37, 53, 28, -105, 28]_[0, 64, 16, 38, 41, 20, 74, 10, 126, 0]
69_69_222_72_0_18_32_64_0_0_0_0_0_24_0_[0, 0, 3, 64, 25, 37, 53, 28, -105, 28]_[0, 64, 16, 38, 41, 20, 74, 10, 126, 0]
70_70_222_72_0_18_32_64_0_0_0_0_0_24_0_[0, 0, 3, 64, 25, 37, 53, 28, -105, 28]_[0, 64, 16, 38, 41, 20, 74, 10, 126, 0]
71_71_222_72_0_18_32_64_0_0_0_0_0_24_0_[0, 0, 3, 64, 25, 37, 53, 28, -105, 28]_[0, 64, 16, 38, 41, 20, 74, 10, 126, 0]
72_72_222_72_0_18_32_64_0_0_0_0_0_24_0_[0, 0, 3, 64, 25, 37, 53, 28, -105, 28]_[0, 64, 16, 38, 41, 20, 74, 10, 126, 0]
73_73_222_72_0_18_32_64_0_0_0_0_0_24_0_[0, 0, 3, 64, 25, 37, 53, 28, -105, 28]_[0, 64, 16, 38, 41, 20, 74, 10, 126, 0]
74_74_222_72_0_18_32_64_0_0_0_0_0_24_0_[0, 0, 3, 64, 25, 37, 53, 28, -105, 28]_[0, 64, 16, 38, 41, 20, 74, 10, 126, 0]
75_75_222_72_0_18_32_64_0_0_0_0_0_24_0_[0, 0, 3, 64, 25, 37, 53, 28, -105, 28]_[0, 64, 16, 38, 41, 20, 74, 10, 126, 0]
76_76_222_72_0_18_32_64_0_0_0_0_0_24_0_[0, 0, 3, 64, 25, 37, 53, 28, -105, 28]_[0, 64, 16, 38, 41, 20, 74, 10, 126, 0]
77_77_222_72_0_18_32_64_0_0_0_0_0_24_0_[0, 0, 3, 64, 25, 37, 53, 28, -105, 28]_[0, 64, 16, 38, 41, 20, 74, 10, 126, 0]
78_78_222_72_0_18_32_64_0_0_0_0_0_24_0_[0, 0, 3, 64, 25, 37, 53, 28, -105, 28]_[0, 64, 16, 38, 41, 20, 74, 10, 126, 0]
79_79_222_72_0_18_32_64_0_0_0_0_0_24_0_[0, 0, 3, 64, 25, 37, 53, 28, -105, 28]_[0, 64, 16, 38, 41, 20, 74, 10, 126, 0]
80_80_222_72_0_18_32_64_0_0_0_0_0_24_0_[0, 0, 3, 64, 25, 37, 53, 28, -105, 28]_[0, 64, 16, 38, 41, 20, 74, 10, 126, 0]
81_81_222_72_0_18_32_64_0_0_0_0_0_24_0_[0, 0, 3, 64, 25, 37, 53, 28, -105, 28]_[0, 64, 16, 38, 41, 20, 74, 10, 126, 0]
82_82_222_72_0_18_32_64_0_0_0_0_0_24_0_[0, 0, 3, 64, 25, 37, 53, 28, -105, 28]_[0, 64, 16, 38, 41, 20, 74, 10, 126, 0]
83_83_222_72_0_18_32_64_0_0_0_0_0_24_0_[0, 0, 3, 64, 25, 37, 53, 28, -105, 28]_[0, 64, 16, 38, 41, 20, 74, 10, 126, 0]
84_84_222_72_0_18_32_64_0_0_0_0_0_24_0_[0, 0, 3, 64, 25, 37, 53, 28, -105, 28]_[0, 64, 16, 38, 41, 20, 74, 10, 126, 0]
85_85_222_72_0_18_32_64_0_0_0_0_0_24_0_[0, 0, 3, 64, 25, 37, 53, 28, -105, 28]_[0, 64, 16, 38, 41, 20, 74, 10, 126, 0]
86_86_222_72_0_18_32_64_0_0_0_0_0_24_0_[0, 0, 3, 64, 25, 37, 53, 28, -105, 28]_[0, 64, 16, 38, 41, 20, 74, 10, 126, 0]
87_87_222_72_0_18_32_64_0_0_0_0_0_24_0_[0, 0, 3, 64, 25, 37, 53, 28, -105, 28]_[0, 64, 16, 38, 41, 20, 74, 10, 126, 0]
88_88_222_72_0_18_32_64_0_0_0_0_0_24_0_[0, 0, 3, 64, 25, 37, 53, 28, -105, 28]_[0, 64, 16, 38, 41, 20, 74, 10, 126, 0]
89_89_222_72_0_18_32_64_0_0_0_0_0_24_0_[0, 0, 3, 64, 25, 37, 53, 28, -105, 28]_[0, 64, 16, 38, 41, 20, 74, 10, 126, 0]
90_90_222_72_0_18_32_64_0_0_0_0_0_24_0_[0, 0, 3, 64, 25, 37, 53, 28, -105, 28]_[0, 64, 16, 38, 41, 20, 74, 10, 126, 0]
91_91_222_72_0_18_32_64_0_0_0_0_0_24_0_[0, 0, 3, 64, 25, 37, 53, 28, -105, 28]_[0, 64, 16, 38, 41, 20, 74, 10, 126, 0]
92_92_222_72_0_18_32_64_0_0_0_0_0_24_0_[0, 0, 3, 64, 25, 37, 53, 28, -105, 28]_[0, 64, 16, 38, 41, 20, 74, 10, 126, 0]
93_93_222_72_0_18_32_64_0_0_0_0_0_24_0_[0, 0, 3, 64, 25, 37, 53, 28, -105, 28]_[0, 64, 16, 38, 41, 20, 74, 10, 126, 0]
94_94_222_72_0_18_32_64_0_0_0_0_0_24_0_[0, 0, 3, 64, 25, 37, 53, 28, -105, 28]_[0, 64, 16, 38, 41, 20, 74, 10, 126, 0]
95_95_222_72_0_18_32_64_0_0_0_0_0_24_0_[0, 0, 3, 64, 25, 37, 53, 28, -105, 28]_[0, 64, 16, 38, 41, 20, 74, 10, 126, 0]
96_96_222_72_0_18_32_64_0_0_0_0_0_24_0_[0, 0, 3, 64, 25, 37, 53, 28, -105, 28]_[0, 64, 16, 38, 41, 20, 74, 10, 126, 0]
97_97_222_72_0_18_32_64_0_0_0_0_0_24_0_[0, 0, 3, 64, 25, 37, 53, 28, -105, 28]_[0, 64, 16, 38, 41, 20, 74, 10, 126, 0]
98_98_222_72_0_18_32_64_0_0_0_0_0_24_0_[0, 0, 3, 64, 25, 37, 53, 28, -105, 28]_[0, 64, 16, 38, 41, 20, 74, 10, 126, 0]
99_99_222_72_0_18_32_64_0_0_0_0_0_24_0_[0, 0, 3, 64, 25, 37, 53, 28, -105, 28]_[0, 64, 16, 38, 41, 20, 74, 10, 126, 0]
100_100_222_72_0_18_32_64_0_0_0_0_0_24_0_[0, 0, 3, 64, 25, 37, 53, 28, -105, 28]_[0, 64, 16, 38, 41, 20, 74, 10, 126, 0]
101_101_222_72_0_18_32_64_0_0_0_0_0_24_0_[0, 0, 3, 64, 25, 37, 53, 28, -105, 28]_[0, 64, 16, 38, 41, 20, 74, 10, 126, 0]
102_102_222_72_0_18_32_64_0_0_0_0_0_24_0_[0, 0, 3, 64, 25, 37, 53, 28, -105, 28]_[0, 64, 16, 38, 41, 20, 74, 10, 126, 0]
103_103_222_72_0_18_32_64_0_0_0_0_0_24_0_[0, 0, 3, 64, 25, 37, 53, 28, -105, 28]_[0, 64, 16, 38, 41, 20, 74, 10, 126, 0]
104_104_222_72_0_18_32_64_0_0_0_0_0_24_0_[0, 0, 3, 64, 25, 37, 53, 28, -105, 28]_[0, 64, 16, 38, 41, 20, 74, 10, 126, 0]
105_105_222_72_0_18_32_64_0_0_0_0_0_24_0_[0, 0, 3, 64, 25, 37, 53, 28, -105, 28]_[0, 64, 16, 38, 41, 20, 74, 10, 126, 0]
106_106_222_72_0_18_32_64_0_0_0_0_0_24_0_[0, 0, 3, 64, 25, 37, 53, 28, -105, 28]_[0, 64, 16, 38, 41, 20, 74, 10, 126, 0]
107_107_222_72_0_18_32_64_0_0_0_0_0_24_0_[0, 0, 3, 64, 25, 37, 53, 28, -105, 28]_[0, 64, 16, 38, 41, 20, 74, 10, 126, 0]
108_108_222_72_0_18_32_64_0_0_0_0_0_24_0_[0, 0, 3, 64, 25, 37, 53, 28, -105, 28]_[0, 64, 16, 38, 41, 20, 74, 10, 126, 0]
109_109_222_72_0_18_32_64_0_0_0_0_0_24_0_[0, 0, 3, 64, 25, 37, 53, 28, -105, 28]_[0, 64, 16, 38, 41, 20, 74, 10, 126, 0]
110_110_222_72_0_18_32_64_0_0_0_0_0_24_0_[0, 0, 3, 64, 25, 37, 53, 28, -105, 28]_[0, 64, 16, 38, 41, 20, 74, 10, 126, 0]
111_111_222_72_0_18_32_64_0_0_0_0_0_24_0_[0, 0, 3, 64, 25, 37, 53, 28, -105, 28]_[0, 64, 16, 38, 41, 20, 74, 10, 126, 0]
112_112_222_72_0_18_32_64_0_0_0_0_0_24_0_[0, 0, 3, 64, 25, 37, 53, 28, -105, 28]_[0, 64, 16, 38, 41, 20, 74, 10, 126, 0]
113_113_222_72_0_18_32_64_0_0_0_0_0_24_0_[0, 0, 3, 64, 25, 37, 53, 28, -105, 28]_[0, 64, 16, 38, 41, 20, 74, 10, 126, 0]
114_114_222_72_0_18_32_64_0_0_0_0_0_24_0_[0, 0, 3, 64, 25, 37, 53, 28, -105, 28]_[0, 64, 16, 38, 41, 20, 74, 10, 126, 0]
115_115_222_72_0_18_32_64_0_0_0_0_0_24_0_[0, 0, 3, 64, 25, 37, 53, 28, -105, 28]_[0, 64, 16, 38, 41, 20, 74, 10, 126, 0]
116_116_222_72_0_18_32_64_0_0_0_0_0_24_0_[0, 0, 3, 64, 25, 37, 53, 28, -105, 28]_[0, 64, 16, 38, 41, 20, 74, 10, 126, 0]
117_117_222_72_0_18_32_64_0_0_0_0_0_24_0_[0, 0, 3, 64, 25, 37, 53, 28, -105, 28]_[0, 64, 16, 38, 41, 20, 74, 10, 126, 0]
118_118_222_72_0_18_32_64_0_0_0_0_0_24_0_[0, 0, 3, 64, 25, 37, 53, 28, -105, 28]_[0, 64, 16, 38, 41, 20, 74, 10, 126, 0]
119_119_222_72_0_18_32_64_0_0_0_0_0_24_0_[0, 0, 3, 64, 25, 37, 53, 28, -105, 28]_[0, 64, 16, 38, 41, 20, 74, 10, 126, 0]
120_120_222_72_0_18_32_64_0_0_0_0_0_24_0_[0, 0, 3, 64, 25, 37, 53, 28, -105, 28]_[0, 64, 16, 38, 41, 20, 74, 10, 126, 0]
121_121_222_72_0_18_32_64_0_0_0_0_0_24_0_[0, 0, 3, 64, 25, 37, 53, 28, -105, 28]_[0, 64, 16, 38, 41, 20, 74, 10, 126, 0]
122_122_222_72_0_18_32_64_0_0_0_0_0_24_0_[0, 0, 3, 64, 25, 37, 53, 28, -105, 28]_[0, 64, 16, 38, 41, 20, 74, 10, 126, 0]
123_123_222_72_0_18_32_64_0_0_0_0_0_24_0_[0, 0, 3, 64, 25, 37, 53, 28, -105, 28]_[0, 64, 16, 38, 41, 20, 74, 10, 126, 0]
124_124_222_72_0_18_32_64_0_0_0_0_0_24_0_[0, 0, 3, 64, 25, 37, 53, 28, -105, 28]_[0, 64, 16, 38, 41, 20, 74, 10, 126, 0]
125_125_222_72_0_18_32_64_0_0_0_0_0_24_0_[0, 0, 3, 64, 25, 37, 53, 28, -105, 28]_[0, 64, 16, 38, 41, 20, 74, 10, 126, 0]
126_126_222_72_0_18_32_64_0_0_0_0_0_24_0_[0, 0, 3, 64, 25, 37, 53, 28, -105, 28]_[0, 64, 16, 38, 41, 20, 74, 10, 126, 0]
127_127_222_72_0_18_32_64_0_0_0_0_0_24_0_[0, 0, 3, 64, 25, 37, 53, 28, -105, 28]_[0, 64, 16, 38, 41, 20, 74, 10, 126, 0]
