0_0_223_60_0_33_26_64_0_0_0_0_0_24_0_[0, 64, 50, 30]_[0, 64, 8, 28, 17, 12, 31, 0]
1_1_223_60_0_33_26_64_0_0_0_0_0_24_0_[0, 64, 50, 30]_[0, 64, 8, 28, 17, 12, 31, 0]
2_2_223_60_0_33_26_64_0_0_0_0_0_24_0_[0, 64, 50, 30]_[0, 64, 8, 28, 17, 12, 31, 0]
3_3_223_60_0_33_26_64_0_0_0_0_0_24_0_[0, 64, 50, 30]_[0, 64, 8, 28, 17, 12, 31, 0]
4_4_223_60_0_33_26_64_0_0_0_0_0_24_0_[0, 64, 50, 30]_[0, 64, 8, 28, 17, 12, 31, 0]
5_5_223_60_0_33_26_64_0_0_0_0_0_24_0_[0, 64, 50, 30]_[0, 64, 8, 28, 17, 12, 31, 0]
6_6_223_60_0_33_26_64_0_0_0_0_0_24_0_[0, 64, 50, 30]_[0, 64, 8, 28, 17, 12, 31, 0]
7_7_223_60_0_33_26_64_0_0_0_0_0_24_0_[0, 64, 50, 30]_[0, 64, 8, 28, 17, 12, 31, 0]
8_8_223_60_0_33_26_64_0_0_0_0_0_24_0_[0, 64, 50, 30]_[0, 64, 8, 28, 17, 12, 31, 0]
9_9_223_60_0_33_26_64_0_0_0_0_0_24_0_[0, 64, 50, 30]_[0, 64, 8, 28, 17, 12, 31, 0]
10_10_223_60_0_33_26_64_0_0_0_0_0_24_0_[0, 64, 50, 30]_[0, 64, 8, 28, 17, 12, 31, 0]
11_11_223_60_0_33_26_64_0_0_0_0_0_24_0_[0, 64, 50, 30]_[0, 64, 8, 28, 17, 12, 31, 0]
12_12_223_60_0_33_26_64_0_0_0_0_0_24_0_[0, 64, 50, 30]_[0, 64, 8, 28, 17, 12, 31, 0]
13_13_223_60_0_33_26_64_0_0_0_0_0_24_0_[0, 64, 50, 30]_[0, 64, 8, 28, 17, 12, 31, 0]
14_14_223_60_0_33_26_64_0_0_0_0_0_24_0_[0, 64, 50, 30]_[0, 64, 8, 28, 17, 12, 31, 0]
15_15_223_60_0_33_26_64_0_0_0_0_0_24_0_[0, 64, 50, 30]_[0, 64, 8, 28, 17, 12, 31, 0]
16_16_223_60_0_33_26_64_0_0_0_0_0_24_0_[0, 64, 50, 30]_[0, 64, 8, 28, 17, 12, 31, 0]
17_17_223_60_0_33_26_64_0_0_0_0_0_24_0_[0, 64, 50, 30]_[0, 64, 8, 28, 17, 12, 31, 0]
18_18_223_60_0_33_26_64_0_0_0_0_0_24_0_[0, 64, 50, 30]_[0, 64, 8, 28, 17, 12, 31, 0]
19_19_223_60_0_33_26_64_0_0_0_0_0_24_0_[0, 64, 50, 30]_[0, 64, 8, 28, 17, 12, 31, 0]
20_20_223_60_0_33_26_64_0_0_0_0_0_24_0_[0, 64, 50, 30]_[0, 64, 8, 28, 17, 12, 31, 0]
21_21_223_60_0_33_26_64_0_0_0_0_0_24_0_[0, 64, 50, 30]_[0, 64, 8, 28, 17, 12, 31, 0]
22_22_223_60_0_33_26_64_0_0_0_0_0_24_0_[0, 64, 50, 30]_[0, 64, 8, 28, 17, 12, 31, 0]
23_23_223_60_0_33_26_64_0_0_0_0_0_24_0_[0, 64, 50, 30]_[0, 64, 8, 28, 17, 12, 31, 0]
24_24_223_60_0_33_26_64_0_0_0_0_0_24_0_[0, 64, 50, 30]_[0, 64, 8, 28, 17, 12, 31, 0]
25_25_223_60_0_33_26_64_0_0_0_0_0_24_0_[0, 64, 50, 30]_[0, 64, 8, 28, 17, 12, 31, 0]
26_26_223_60_0_33_26_64_0_0_0_0_0_24_0_[0, 64, 50, 30]_[0, 64, 8, 28, 17, 12, 31, 0]
27_27_223_60_0_33_26_64_0_0_0_0_0_24_0_[0, 64, 50, 30]_[0, 64, 8, 28, 17, 12, 31, 0]
28_28_223_60_0_33_26_64_0_0_0_0_0_24_0_[0, 64, 50, 30]_[0, 64, 8, 28, 17, 12, 31, 0]
29_29_223_60_0_33_26_64_0_0_0_0_0_24_0_[0, 64, 50, 30]_[0, 64, 8, 28, 17, 12, 31, 0]
30_30_223_60_0_33_26_64_0_0_0_0_0_24_0_[0, 64, 50, 30]_[0, 64, 8, 28, 17, 12, 31, 0]
31_31_223_60_0_33_26_64_0_0_0_0_0_24_0_[0, 64, 50, 30]_[0, 64, 8, 28, 17, 12, 31, 0]
32_32_223_60_0_33_26_64_0_0_0_0_0_24_0_[0, 64, 50, 30]_[0, 64, 8, 28, 17, 12, 31, 0]
33_33_223_60_0_33_26_64_0_0_0_0_0_24_0_[0, 64, 50, 30]_[0, 64, 8, 28, 17, 12, 31, 0]
34_34_223_60_0_33_26_64_0_0_0_0_0_24_0_[0, 64, 50, 30]_[0, 64, 8, 28, 17, 12, 31, 0]
35_35_223_60_0_33_26_64_0_0_0_0_0_24_0_[0, 64, 50, 30]_[0, 64, 8, 28, 17, 12, 31, 0]
36_36_223_60_0_33_26_64_0_0_0_0_0_24_0_[0, 64, 50, 30]_[0, 64, 8, 28, 17, 12, 31, 0]
37_37_223_60_0_33_26_64_0_0_0_0_0_24_0_[0, 64, 50, 30]_[0, 64, 8, 28, 17, 12, 31, 0]
38_38_223_60_0_33_26_64_0_0_0_0_0_24_0_[0, 64, 50, 30]_[0, 64, 8, 28, 17, 12, 31, 0]
39_39_223_60_0_33_26_64_0_0_0_0_0_24_0_[0, 64, 50, 30]_[0, 64, 8, 28, 17, 12, 31, 0]
40_40_223_60_0_33_26_64_0_0_0_0_0_24_0_[0, 64, 50, 30]_[0, 64, 8, 28, 17, 12, 31, 0]
41_41_223_60_0_33_26_64_0_0_0_0_0_24_0_[0, 64, 50, 30]_[0, 64, 8, 28, 17, 12, 31, 0]
42_42_223_60_0_33_26_64_0_0_0_0_0_24_0_[0, 64, 50, 30]_[0, 64, 8, 28, 17, 12, 31, 0]
43_43_223_60_0_33_26_64_0_0_0_0_0_24_0_[0, 64, 50, 30]_[0, 64, 8, 28, 17, 12, 31, 0]
44_44_223_60_0_33_26_64_0_0_0_0_0_24_0_[0, 64, 50, 30]_[0, 64, 8, 28, 17, 12, 31, 0]
45_45_223_60_0_33_26_64_0_0_0_0_0_24_0_[0, 64, 50, 30]_[0, 64, 8, 28, 17, 12, 31, 0]
46_46_223_60_0_33_26_64_0_0_0_0_0_24_0_[0, 64, 50, 30]_[0, 64, 8, 28, 17, 12, 31, 0]
47_47_223_60_0_33_26_64_0_0_0_0_0_24_0_[0, 64, 50, 30]_[0, 64, 8, 28, 17, 12, 31, 0]
48_48_223_60_0_33_26_64_0_0_0_0_0_24_0_[0, 64, 50, 30]_[0, 64, 8, 28, 17, 12, 31, 0]
49_49_223_60_0_33_26_64_0_0_0_0_0_24_0_[0, 64, 50, 30]_[0, 64, 8, 28, 17, 12, 31, 0]
50_50_223_60_0_33_26_64_0_0_0_0_0_24_0_[0, 64, 50, 30]_[0, 64, 8, 28, 17, 12, 31, 0]
51_51_223_60_0_33_26_64_0_0_0_0_0_24_0_[0, 64, 50, 30]_[0, 64, 8, 28, 17, 12, 31, 0]
52_52_223_60_0_33_26_64_0_0_0_0_0_24_0_[0, 64, 50, 30]_[0, 64, 8, 28, 17, 12, 31, 0]
53_53_223_60_0_33_26_64_0_0_0_0_0_24_0_[0, 64, 50, 30]_[0, 64, 8, 28, 17, 12, 31, 0]
54_54_223_60_0_33_26_64_0_0_0_0_0_24_0_[0, 64, 50, 30]_[0, 64, 8, 28, 17, 12, 31, 0]
55_55_223_60_0_33_26_64_0_0_0_0_0_24_0_[0, 64, 50, 30]_[0, 64, 8, 28, 17, 12, 31, 0]
56_56_223_60_0_33_26_64_0_0_0_0_0_24_0_[0, 64, 50, 30]_[0, 64, 8, 28, 17, 12, 31, 0]
57_57_223_60_0_33_26_64_0_0_0_0_0_24_0_[0, 64, 50, 30]_[0, 64, 8, 28, 17, 12, 31, 0]
58_58_223_60_0_33_26_64_0_0_0_0_0_24_0_[0, 64, 50, 30]_[0, 64, 8, 28, 17, 12, 31, 0]
59_59_223_60_0_33_26_64_0_0_0_0_0_24_0_[0, 64, 50, 30]_[0, 64, 8, 28, 17, 12, 31, 0]
60_60_223_60_0_33_26_64_0_0_0_0_0_24_0_[0, 64, 50, 30]_[0, 64, 8, 28, 17, 12, 31, 0]
61_61_223_60_0_33_26_64_0_0_0_0_0_24_0_[0, 64, 50, 30]_[0, 64, 8, 28, 17, 12, 31, 0]
62_62_223_60_0_33_26_64_0_0_0_0_0_24_0_[0, 64, 50, 30]_[0, 64, 8, 28, 17, 12, 31, 0]
63_63_223_60_0_33_26_64_0_0_0_0_0_24_0_[0, 64, 50, 30]_[0, 64, 8, 28, 17, 12, 31, 0]
64_64_223_60_0_33_26_64_0_0_0_0_0_24_0_[0, 64, 50, 30]_[0, 64, 8, 28, 17, 12, 31, 0]
65_65_223_60_0_33_26_64_0_0_0_0_0_24_0_[0, 64, 50, 30]_[0, 64, 8, 28, 17, 12, 31, 0]
66_66_223_60_0_33_26_64_0_0_0_0_0_24_0_[0, 64, 50, 30]_[0, 64, 8, 28, 17, 12, 31, 0]
67_67_223_60_0_33_26_64_0_0_0_0_0_24_0_[0, 64, 50, 30]_[0, 64, 8, 28, 17, 12, 31, 0]
68_68_223_60_0_33_26_64_0_0_0_0_0_24_0_[0, 64, 50, 30]_[0, 64, 8, 28, 17, 12, 31, 0]
69_69_223_60_0_33_26_64_0_0_0_0_0_24_0_[0, 64, 50, 30]_[0, 64, 8, 28, 17, 12, 31, 0]
70_70_223_60_0_33_26_64_0_0_0_0_0_24_0_[0, 64, 50, 30]_[0, 64, 8, 28, 17, 12, 31, 0]
71_71_223_60_0_33_26_64_0_0_0_0_0_24_0_[0, 64, 50, 30]_[0, 64, 8, 28, 17, 12, 31, 0]
72_72_224_72_0_33_32_64_0_0_0_0_0_24_0_[0, 64, 50, 30]_[0, 64, 8, 28, 17, 12, 31, 0]
73_73_224_72_0_33_32_64_0_0_0_0_0_24_0_[0, 64, 50, 30]_[0, 64, 8, 28, 17, 12, 31, 0]
74_74_224_72_0_33_32_64_0_0_0_0_0_24_0_[0, 64, 50, 30]_[0, 64, 8, 28, 17, 12, 31, 0]
75_75_224_72_0_33_32_64_0_0_0_0_0_24_0_[0, 64, 50, 30]_[0, 64, 8, 28, 17, 12, 31, 0]
76_76_224_72_0_33_32_64_0_0_0_0_0_24_0_[0, 64, 50, 30]_[0, 64, 8, 28, 17, 12, 31, 0]
77_77_224_72_0_33_32_64_0_0_0_0_0_24_0_[0, 64, 50, 30]_[0, 64, 8, 28, 17, 12, 31, 0]
78_78_224_72_0_33_32_64_0_0_0_0_0_24_0_[0, 64, 50, 30]_[0, 64, 8, 28, 17, 12, 31, 0]
79_79_224_72_0_33_32_64_0_0_0_0_0_24_0_[0, 64, 50, 30]_[0, 64, 8, 28, 17, 12, 31, 0]
80_80_224_72_0_33_32_64_0_0_0_0_0_24_0_[0, 64, 50, 30]_[0, 64, 8, 28, 17, 12, 31, 0]
81_81_224_72_0_33_32_64_0_0_0_0_0_24_0_[0, 64, 50, 30]_[0, 64, 8, 28, 17, 12, 31, 0]
82_82_224_72_0_33_32_64_0_0_0_0_0_24_0_[0, 64, 50, 30]_[0, 64, 8, 28, 17, 12, 31, 0]
83_83_224_72_0_33_32_64_0_0_0_0_0_24_0_[0, 64, 50, 30]_[0, 64, 8, 28, 17, 12, 31, 0]
84_84_224_72_0_33_32_64_0_0_0_0_0_24_0_[0, 64, 50, 30]_[0, 64, 8, 28, 17, 12, 31, 0]
85_85_224_72_0_33_32_64_0_0_0_0_0_24_0_[0, 64, 50, 30]_[0, 64, 8, 28, 17, 12, 31, 0]
86_86_224_72_0_33_32_64_0_0_0_0_0_24_0_[0, 64, 50, 30]_[0, 64, 8, 28, 17, 12, 31, 0]
87_87_224_72_0_33_32_64_0_0_0_0_0_24_0_[0, 64, 50, 30]_[0, 64, 8, 28, 17, 12, 31, 0]
88_88_224_72_0_33_32_64_0_0_0_0_0_24_0_[0, 64, 50, 30]_[0, 64, 8, 28, 17, 12, 31, 0]
89_89_224_72_0_33_32_64_0_0_0_0_0_24_0_[0, 64, 50, 30]_[0, 64, 8, 28, 17, 12, 31, 0]
90_90_224_72_0_33_32_64_0_0_0_0_0_24_0_[0, 64, 50, 30]_[0, 64, 8, 28, 17, 12, 31, 0]
91_91_224_72_0_33_32_64_0_0_0_0_0_24_0_[0, 64, 50, 30]_[0, 64, 8, 28, 17, 12, 31, 0]
92_92_224_72_0_33_32_64_0_0_0_0_0_24_0_[0, 64, 50, 30]_[0, 64, 8, 28, 17, 12, 31, 0]
93_93_224_72_0_33_32_64_0_0_0_0_0_24_0_[0, 64, 50, 30]_[0, 64, 8, 28, 17, 12, 31, 0]
94_94_224_72_0_33_32_64_0_0_0_0_0_24_0_[0, 64, 50, 30]_[0, 64, 8, 28, 17, 12, 31, 0]
95_95_224_72_0_33_32_64_0_0_0_0_0_24_0_[0, 64, 50, 30]_[0, 64, 8, 28, 17, 12, 31, 0]
96_96_224_72_0_33_32_64_0_0_0_0_0_24_0_[0, 64, 50, 30]_[0, 64, 8, 28, 17, 12, 31, 0]
97_97_224_72_0_33_32_64_0_0_0_0_0_24_0_[0, 64, 50, 30]_[0, 64, 8, 28, 17, 12, 31, 0]
98_98_224_72_0_33_32_64_0_0_0_0_0_24_0_[0, 64, 50, 30]_[0, 64, 8, 28, 17, 12, 31, 0]
99_99_224_72_0_33_32_64_0_0_0_0_0_24_0_[0, 64, 50, 30]_[0, 64, 8, 28, 17, 12, 31, 0]
100_100_224_72_0_33_32_64_0_0_0_0_0_24_0_[0, 64, 50, 30]_[0, 64, 8, 28, 17, 12, 31, 0]
101_101_224_72_0_33_32_64_0_0_0_0_0_24_0_[0, 64, 50, 30]_[0, 64, 8, 28, 17, 12, 31, 0]
102_102_224_72_0_33_32_64_0_0_0_0_0_24_0_[0, 64, 50, 30]_[0, 64, 8, 28, 17, 12, 31, 0]
103_103_224_72_0_33_32_64_0_0_0_0_0_24_0_[0, 64, 50, 30]_[0, 64, 8, 28, 17, 12, 31, 0]
104_104_224_72_0_33_32_64_0_0_0_0_0_24_0_[0, 64, 50, 30]_[0, 64, 8, 28, 17, 12, 31, 0]
105_105_224_72_0_33_32_64_0_0_0_0_0_24_0_[0, 64, 50, 30]_[0, 64, 8, 28, 17, 12, 31, 0]
106_106_224_72_0_33_32_64_0_0_0_0_0_24_0_[0, 64, 50, 30]_[0, 64, 8, 28, 17, 12, 31, 0]
107_107_224_72_0_33_32_64_0_0_0_0_0_24_0_[0, 64, 50, 30]_[0, 64, 8, 28, 17, 12, 31, 0]
108_108_224_72_0_33_32_64_0_0_0_0_0_24_0_[0, 64, 50, 30]_[0, 64, 8, 28, 17, 12, 31, 0]
109_109_224_72_0_33_32_64_0_0_0_0_0_24_0_[0, 64, 50, 30]_[0, 64, 8, 28, 17, 12, 31, 0]
110_110_224_72_0_33_32_64_0_0_0_0_0_24_0_[0, 64, 50, 30]_[0, 64, 8, 28, 17, 12, 31, 0]
111_111_224_72_0_33_32_64_0_0_0_0_0_24_0_[0, 64, 50, 30]_[0, 64, 8, 28, 17, 12, 31, 0]
112_112_224_72_0_33_32_64_0_0_0_0_0_24_0_[0, 64, 50, 30]_[0, 64, 8, 28, 17, 12, 31, 0]
113_113_224_72_0_33_32_64_0_0_0_0_0_24_0_[0, 64, 50, 30]_[0, 64, 8, 28, 17, 12, 31, 0]
114_114_224_72_0_33_32_64_0_0_0_0_0_24_0_[0, 64, 50, 30]_[0, 64, 8, 28, 17, 12, 31, 0]
115_115_224_72_0_33_32_64_0_0_0_0_0_24_0_[0, 64, 50, 30]_[0, 64, 8, 28, 17, 12, 31, 0]
116_116_224_72_0_33_32_64_0_0_0_0_0_24_0_[0, 64, 50, 30]_[0, 64, 8, 28, 17, 12, 31, 0]
117_117_224_72_0_33_32_64_0_0_0_0_0_24_0_[0, 64, 50, 30]_[0, 64, 8, 28, 17, 12, 31, 0]
118_118_224_72_0_33_32_64_0_0_0_0_0_24_0_[0, 64, 50, 30]_[0, 64, 8, 28, 17, 12, 31, 0]
119_119_224_72_0_33_32_64_0_0_0_0_0_24_0_[0, 64, 50, 30]_[0, 64, 8, 28, 17, 12, 31, 0]
120_120_224_72_0_33_32_64_0_0_0_0_0_24_0_[0, 64, 50, 30]_[0, 64, 8, 28, 17, 12, 31, 0]
121_121_224_72_0_33_32_64_0_0_0_0_0_24_0_[0, 64, 50, 30]_[0, 64, 8, 28, 17, 12, 31, 0]
122_122_224_72_0_33_32_64_0_0_0_0_0_24_0_[0, 64, 50, 30]_[0, 64, 8, 28, 17, 12, 31, 0]
123_123_224_72_0_33_32_64_0_0_0_0_0_24_0_[0, 64, 50, 30]_[0, 64, 8, 28, 17, 12, 31, 0]
124_124_224_72_0_33_32_64_0_0_0_0_0_24_0_[0, 64, 50, 30]_[0, 64, 8, 28, 17, 12, 31, 0]
125_125_224_72_0_33_32_64_0_0_0_0_0_24_0_[0, 64, 50, 30]_[0, 64, 8, 28, 17, 12, 31, 0]
126_126_224_72_0_33_32_64_0_0_0_0_0_24_0_[0, 64, 50, 30]_[0, 64, 8, 28, 17, 12, 31, 0]
127_127_224_72_0_33_32_64_0_0_0_0_0_24_0_[0, 64, 50, 30]_[0, 64, 8, 28, 17, 12, 31, 0]
