0_0_240_72_0_31_35_64_0_0_0_0_0_24_0_null_[0, 64, 50, 0]
1_1_240_72_0_31_35_64_0_0_0_0_0_24_0_null_[0, 64, 50, 0]
2_2_240_72_0_31_35_64_0_0_0_0_0_24_0_null_[0, 64, 50, 0]
3_3_240_72_0_31_35_64_0_0_0_0_0_24_0_null_[0, 64, 50, 0]
4_4_240_72_0_31_35_64_0_0_0_0_0_24_0_null_[0, 64, 50, 0]
5_5_240_72_0_31_35_64_0_0_0_0_0_24_0_null_[0, 64, 50, 0]
6_6_240_72_0_31_35_64_0_0_0_0_0_24_0_null_[0, 64, 50, 0]
7_7_240_72_0_31_35_64_0_0_0_0_0_24_0_null_[0, 64, 50, 0]
8_8_240_72_0_31_35_64_0_0_0_0_0_24_0_null_[0, 64, 50, 0]
9_9_240_72_0_31_35_64_0_0_0_0_0_24_0_null_[0, 64, 50, 0]
10_10_240_72_0_31_35_64_0_0_0_0_0_24_0_null_[0, 64, 50, 0]
11_11_240_72_0_31_35_64_0_0_0_0_0_24_0_null_[0, 64, 50, 0]
12_12_240_72_0_31_35_64_0_0_0_0_0_24_0_null_[0, 64, 50, 0]
13_13_240_72_0_31_35_64_0_0_0_0_0_24_0_null_[0, 64, 50, 0]
14_14_240_72_0_31_35_64_0_0_0_0_0_24_0_null_[0, 64, 50, 0]
15_15_240_72_0_31_35_64_0_0_0_0_0_24_0_null_[0, 64, 50, 0]
16_16_240_72_0_31_35_64_0_0_0_0_0_24_0_null_[0, 64, 50, 0]
17_17_240_72_0_31_35_64_0_0_0_0_0_24_0_null_[0, 64, 50, 0]
18_18_240_72_0_31_35_64_0_0_0_0_0_24_0_null_[0, 64, 50, 0]
19_19_240_72_0_31_35_64_0_0_0_0_0_24_0_null_[0, 64, 50, 0]
20_20_240_72_0_31_35_64_0_0_0_0_0_24_0_null_[0, 64, 50, 0]
21_21_240_72_0_31_35_64_0_0_0_0_0_24_0_null_[0, 64, 50, 0]
22_22_240_72_0_31_35_64_0_0_0_0_0_24_0_null_[0, 64, 50, 0]
23_23_240_72_0_31_35_64_0_0_0_0_0_24_0_null_[0, 64, 50, 0]
24_24_240_72_0_31_35_64_0_0_0_0_0_24_0_null_[0, 64, 50, 0]
25_25_240_72_0_31_35_64_0_0_0_0_0_24_0_null_[0, 64, 50, 0]
26_26_240_72_0_31_35_64_0_0_0_0_0_24_0_null_[0, 64, 50, 0]
27_27_240_72_0_31_35_64_0_0_0_0_0_24_0_null_[0, 64, 50, 0]
28_28_240_72_0_31_35_64_0_0_0_0_0_24_0_null_[0, 64, 50, 0]
29_29_240_72_0_31_35_64_0_0_0_0_0_24_0_null_[0, 64, 50, 0]
30_30_240_72_0_31_35_64_0_0_0_0_0_24_0_null_[0, 64, 50, 0]
31_31_240_72_0_31_35_64_0_0_0_0_0_24_0_null_[0, 64, 50, 0]
32_32_240_72_0_31_35_64_0_0_0_0_0_24_0_null_[0, 64, 50, 0]
33_33_240_72_0_31_35_64_0_0_0_0_0_24_0_null_[0, 64, 50, 0]
34_34_240_72_0_31_35_64_0_0_0_0_0_24_0_null_[0, 64, 50, 0]
35_35_240_72_0_31_35_64_0_0_0_0_0_24_0_null_[0, 64, 50, 0]
36_36_240_72_0_31_35_64_0_0_0_0_0_24_0_null_[0, 64, 50, 0]
37_37_240_72_0_31_35_64_0_0_0_0_0_24_0_null_[0, 64, 50, 0]
38_38_240_72_0_31_35_64_0_0_0_0_0_24_0_null_[0, 64, 50, 0]
39_39_240_72_0_31_35_64_0_0_0_0_0_24_0_null_[0, 64, 50, 0]
40_40_240_72_0_31_35_64_0_0_0_0_0_24_0_null_[0, 64, 50, 0]
41_41_240_72_0_31_35_64_0_0_0_0_0_24_0_null_[0, 64, 50, 0]
42_42_240_72_0_31_35_64_0_0_0_0_0_24_0_null_[0, 64, 50, 0]
43_43_240_72_0_31_35_64_0_0_0_0_0_24_0_null_[0, 64, 50, 0]
44_44_240_72_0_31_35_64_0_0_0_0_0_24_0_null_[0, 64, 50, 0]
45_45_240_72_0_31_35_64_0_0_0_0_0_24_0_null_[0, 64, 50, 0]
46_46_240_72_0_31_35_64_0_0_0_0_0_24_0_null_[0, 64, 50, 0]
47_47_240_72_0_31_35_64_0_0_0_0_0_24_0_null_[0, 64, 50, 0]
48_48_240_72_0_31_35_64_0_0_0_0_0_24_0_null_[0, 64, 50, 0]
49_49_240_72_0_31_35_64_0_0_0_0_0_24_0_null_[0, 64, 50, 0]
50_50_240_72_0_31_35_64_0_0_0_0_0_24_0_null_[0, 64, 50, 0]
51_51_240_72_0_31_35_64_0_0_0_0_0_24_0_null_[0, 64, 50, 0]
52_52_240_72_0_31_35_64_0_0_0_0_0_24_0_null_[0, 64, 50, 0]
53_53_240_72_0_31_35_64_0_0_0_0_0_24_0_null_[0, 64, 50, 0]
54_54_240_72_0_31_35_64_0_0_0_0_0_24_0_null_[0, 64, 50, 0]
55_55_240_72_0_31_35_64_0_0_0_0_0_24_0_null_[0, 64, 50, 0]
56_56_240_72_0_31_35_64_0_0_0_0_0_24_0_null_[0, 64, 50, 0]
57_57_240_72_0_31_35_64_0_0_0_0_0_24_0_null_[0, 64, 50, 0]
58_58_240_72_0_31_35_64_0_0_0_0_0_24_0_null_[0, 64, 50, 0]
59_59_240_72_0_31_35_64_0_0_0_0_0_24_0_null_[0, 64, 50, 0]
60_60_240_72_0_31_35_64_0_0_0_0_0_24_0_null_[0, 64, 50, 0]
61_61_240_72_0_31_35_64_0_0_0_0_0_24_0_null_[0, 64, 50, 0]
62_62_240_72_0_31_35_64_0_0_0_0_0_24_0_null_[0, 64, 50, 0]
63_63_240_72_0_31_35_64_0_0_0_0_0_24_0_null_[0, 64, 50, 0]
64_64_240_72_0_31_35_64_0_0_0_0_0_24_0_null_[0, 64, 50, 0]
65_65_240_72_0_31_35_64_0_0_0_0_0_24_0_null_[0, 64, 50, 0]
66_66_240_72_0_31_35_64_0_0_0_0_0_24_0_null_[0, 64, 50, 0]
67_67_240_72_0_31_35_64_0_0_0_0_0_24_0_null_[0, 64, 50, 0]
68_68_240_72_0_31_35_64_0_0_0_0_0_24_0_null_[0, 64, 50, 0]
69_69_240_72_0_31_35_64_0_0_0_0_0_24_0_null_[0, 64, 50, 0]
70_70_240_72_0_31_35_64_0_0_0_0_0_24_0_null_[0, 64, 50, 0]
71_71_240_72_0_31_35_64_0_0_0_0_0_24_0_null_[0, 64, 50, 0]
72_72_240_72_0_31_35_64_0_0_0_0_0_24_0_null_[0, 64, 50, 0]
73_73_240_72_0_31_35_64_0_0_0_0_0_24_0_null_[0, 64, 50, 0]
74_74_240_72_0_31_35_64_0_0_0_0_0_24_0_null_[0, 64, 50, 0]
75_75_240_72_0_31_35_64_0_0_0_0_0_24_0_null_[0, 64, 50, 0]
76_76_240_72_0_31_35_64_0_0_0_0_0_24_0_null_[0, 64, 50, 0]
77_77_240_72_0_31_35_64_0_0_0_0_0_24_0_null_[0, 64, 50, 0]
78_78_240_72_0_31_35_64_0_0_0_0_0_24_0_null_[0, 64, 50, 0]
79_79_240_72_0_31_35_64_0_0_0_0_0_24_0_null_[0, 64, 50, 0]
80_80_240_72_0_31_35_64_0_0_0_0_0_24_0_null_[0, 64, 50, 0]
81_81_240_72_0_31_35_64_0_0_0_0_0_24_0_null_[0, 64, 50, 0]
82_82_240_72_0_31_35_64_0_0_0_0_0_24_0_null_[0, 64, 50, 0]
83_83_240_72_0_31_35_64_0_0_0_0_0_24_0_null_[0, 64, 50, 0]
84_84_240_72_0_31_35_64_0_0_0_0_0_24_0_null_[0, 64, 50, 0]
85_85_240_72_0_31_35_64_0_0_0_0_0_24_0_null_[0, 64, 50, 0]
86_86_240_72_0_31_35_64_0_0_0_0_0_24_0_null_[0, 64, 50, 0]
87_87_240_72_0_31_35_64_0_0_0_0_0_24_0_null_[0, 64, 50, 0]
88_88_240_72_0_31_35_64_0_0_0_0_0_24_0_null_[0, 64, 50, 0]
89_89_240_72_0_31_35_64_0_0_0_0_0_24_0_null_[0, 64, 50, 0]
90_90_240_72_0_31_35_64_0_0_0_0_0_24_0_null_[0, 64, 50, 0]
91_91_240_72_0_31_35_64_0_0_0_0_0_24_0_null_[0, 64, 50, 0]
92_92_240_72_0_31_35_64_0_0_0_0_0_24_0_null_[0, 64, 50, 0]
93_93_240_72_0_31_35_64_0_0_0_0_0_24_0_null_[0, 64, 50, 0]
94_94_240_72_0_31_35_64_0_0_0_0_0_24_0_null_[0, 64, 50, 0]
95_95_240_72_0_31_35_64_0_0_0_0_0_24_0_null_[0, 64, 50, 0]
96_96_240_72_0_31_35_64_0_0_0_0_0_24_0_null_[0, 64, 50, 0]
97_97_240_72_0_31_35_64_0_0_0_0_0_24_0_null_[0, 64, 50, 0]
98_98_240_72_0_31_35_64_0_0_0_0_0_24_0_null_[0, 64, 50, 0]
99_99_240_72_0_31_35_64_0_0_0_0_0_24_0_null_[0, 64, 50, 0]
100_100_240_72_0_31_35_64_0_0_0_0_0_24_0_null_[0, 64, 50, 0]
101_101_240_72_0_31_35_64_0_0_0_0_0_24_0_null_[0, 64, 50, 0]
102_102_240_72_0_31_35_64_0_0_0_0_0_24_0_null_[0, 64, 50, 0]
103_103_240_72_0_31_35_64_0_0_0_0_0_24_0_null_[0, 64, 50, 0]
104_104_240_72_0_31_35_64_0_0_0_0_0_24_0_null_[0, 64, 50, 0]
105_105_240_72_0_31_35_64_0_0_0_0_0_24_0_null_[0, 64, 50, 0]
106_106_240_72_0_31_35_64_0_0_0_0_0_24_0_null_[0, 64, 50, 0]
107_107_240_72_0_31_35_64_0_0_0_0_0_24_0_null_[0, 64, 50, 0]
108_108_240_72_0_31_35_64_0_0_0_0_0_24_0_null_[0, 64, 50, 0]
109_109_240_72_0_31_35_64_0_0_0_0_0_24_0_null_[0, 64, 50, 0]
110_110_240_72_0_31_35_64_0_0_0_0_0_24_0_null_[0, 64, 50, 0]
111_111_240_72_0_31_35_64_0_0_0_0_0_24_0_null_[0, 64, 50, 0]
112_112_240_72_0_31_35_64_0_0_0_0_0_24_0_null_[0, 64, 50, 0]
113_113_240_72_0_31_35_64_0_0_0_0_0_24_0_null_[0, 64, 50, 0]
114_114_240_72_0_31_35_64_0_0_0_0_0_24_0_null_[0, 64, 50, 0]
115_115_240_72_0_31_35_64_0_0_0_0_0_24_0_null_[0, 64, 50, 0]
116_116_240_72_0_31_35_64_0_0_0_0_0_24_0_null_[0, 64, 50, 0]
117_117_240_72_0_31_35_64_0_0_0_0_0_24_0_null_[0, 64, 50, 0]
118_118_240_72_0_31_35_64_0_0_0_0_0_24_0_null_[0, 64, 50, 0]
119_119_240_72_0_31_35_64_0_0_0_0_0_24_0_null_[0, 64, 50, 0]
120_120_240_72_0_31_35_64_0_0_0_0_0_24_0_null_[0, 64, 50, 0]
121_121_240_72_0_31_35_64_0_0_0_0_0_24_0_null_[0, 64, 50, 0]
122_122_240_72_0_31_35_64_0_0_0_0_0_24_0_null_[0, 64, 50, 0]
123_123_240_72_0_31_35_64_0_0_0_0_0_24_0_null_[0, 64, 50, 0]
124_124_240_72_0_31_35_64_0_0_0_0_0_24_0_null_[0, 64, 50, 0]
125_125_240_72_0_31_35_64_0_0_0_0_0_24_0_null_[0, 64, 50, 0]
126_126_240_72_0_31_35_64_0_0_0_0_0_24_0_null_[0, 64, 50, 0]
127_127_240_72_0_31_35_64_0_0_0_0_0_24_0_null_[0, 64, 50, 0]
